2347,2266
2337,2316
2327,2364
2317,2398
2302,2427
2288,2450
2261,2475
2246,2477
2221,2491
2194,2495
2165,2491
2138,2489
2106,2481
2075,2474
2040,2470
2003,2455
1965,2441
1927,2436
1880,2420
1835,2420
1788,2404
1745,2390
1709,2398
1667,2384
1642,2372
1625,2360
1608,2338
1605,2325
1602,2300
1606,2281
1609,2253
1619,2227
1620,2187
1642,2155
1662,2126
1686,2088
1710,2047
1743,2008
1783,1973
1819,1936
1866,1893
1901,1859
1944,1819
1982,1790
2020,1761
2048,1732
2073,1697
2105,1672
2118,1652
2142,1631
2152,1621
2159,1604
2166,1601
2178,1589
2180,1581
2206,1589
2211,1584
2221,1589
2242,1598
2265,1627
2276,1613
2304,1638
2327,1649
2328,1665
2349,1681
2358,1703
2362,1731
2372,1756
2372,1790
2370,1828
2373,1863
2373,1911
2374,1962
2376,2014
2369,2073
2373,2125
2363,2166
2364,2229
2354,2270
2345,2323
2332,2362
2318,2396
2297,2427
2283,2451
2269,2473
2244,2481
2216,2482
2195,2500
2168,2498
2133,2491
2116,2495
2070,2470
2034,2463
2001,2451
1961,2440
1928,2433
1884,2419
1845,2421
1797,2410
1752,2397
1712,2394
1676,2388
1644,2374
1623,2364
1615,2347
1603,2324
1607,2304
1603,2281
1610,2258
1613,2226
1626,2197
1640,2164
1652,2127
1678,2087
1703,2049
1737,2012
1771,1969
1820,1933
1855,1887
1904,1854
1928,1816
1982,1789
2013,1749
2052,1723
2072,1696
2107,1674
2123,1650
2133,1630
2151,1606
2159,1598
2168,1587
2182,1580
2194,1573
2205,1577
2219,1570
2232,1580
2248,1589
2266,1607
2288,1613
2305,1630
2311,1643
2325,1655
2344,1672
2354,1696
2354,1713
2362,1734
2358,1771
2363,1816
2371,1848
2367,1897
2371,1948
2371,2001
2369,2037
2368,2107
2361,2164
2358,2216
2351,2264
2342,2312
2331,2354
2318,2391
2302,2420
2285,2445
2265,2468
2247,2484
2223,2492
2198,2496
2173,2495
2147,2489
2113,2484
2086,2474
2054,2467
2017,2454
1983,2449
1943,2440
1903,2425
1858,2418
1815,2408
1770,2400
1729,2392
1690,2389
1657,2377
1629,2362
1616,2346
1614,2330
1603,2305
1606,2285
1608,2256
1614,2230
1627,2201
1631,2164
1652,2133
1671,2094
1703,2055
1730,2013
1770,1979
1811,1938
1855,1904
1895,1865
1938,1826
1977,1793
2012,1759
2050,1732
2068,1700
2096,1679
2116,1656
2128,1634
2144,1623
2161,1612
2169,1597
2183,1597
2192,1590
2196,1576
2226,1587
2228,1587
2245,1607
2264,1612
2280,1617
2300,1628
2319,1650
2336,1673
2347,1683
2349,1705
2362,1730
2366,1751
2369,1786
2373,1827
2372,1863
2381,1906
2380,1956
2376,2009
2377,2062
2374,2114
2367,2174
2362,2217
2360,2269
2351,2315
2335,2349
2324,2393
2310,2428
2294,2454
2273,2473
2256,2492
2227,2503
2209,2500
2174,2505
2147,2497
2122,2506
2085,2476
2052,2475
2014,2461
1977,2444
1934,2438
1890,2429
1848,2420
1801,2419
1762,2413
1721,2402
1671,2380
1646,2379
1624,2375
1612,2350
1606,2333
1606,2315
1606,2290
1609,2265
1616,2232
1621,2201
1633,2167
1648,2133
1675,2097
1699,2056
1733,2019
1765,1974
1808,1937
1850,1898
1891,1859
1935,1829
1971,1791
2010,1761
2046,1723
2073,1702
2103,1676
2122,1654
2134,1628
2145,1614
2162,1598
2170,1590
2180,1583
2192,1580
2205,1578
2212,1579
2233,1572
2246,1584
2266,1595
2284,1613
2299,1619
2320,1642
2328,1651
2348,1676
2344,1691
2365,1717
2357,1743
2378,1773
2368,1805
2380,1849
2372,1899
2375,1943
2377,1994
2369,2052
2367,2095
2363,2154
2359,2207
2352,2262
2341,2306
2331,2351
2317,2384
2305,2419
2296,2446
2270,2462
2256,2491
2216,2490
2205,2504
2182,2504
2151,2490
2118,2486
2090,2483
2053,2471
2017,2459
1982,2451
1943,2438
1911,2433
1858,2418
1816,2415
1776,2404
1727,2396
1691,2389
1657,2380
1633,2364
1613,2350
1610,2332
1607,2314
1607,2291
1607,2267
1612,2235
1625,2209
1630,2169
1654,2134
1669,2101
1702,2061
1729,2019
1768,1978
1804,1936
1847,1905
1891,1865
1930,1835
1977,1798
2004,1762
2041,1737
2066,1701
2097,1680
2108,1656
2135,1644
2146,1629
2158,1607
2175,1605
2179,1593
2191,1586
2199,1584
2213,1586
2228,1589
2251,1596
2266,1608
2283,1614
2301,1635
2329,1650
2336,1668
2345,1676
2356,1705
2361,1720
2365,1743
2368,1777
2372,1816
2376,1854
2374,1892
2371,1936
2382,1999
2381,2060
2381,2109
2372,2162
2366,2212
2355,2264
2350,2312
2342,2354
2323,2391
2314,2419
2293,2448
2279,2476
2250,2490
2235,2501
2210,2506
2183,2510
2157,2501
2122,2492
2096,2498
2056,2467
2015,2464
1983,2458
1936,2445
1901,2436
1850,2415
1816,2420
1764,2413
1718,2395
1680,2390
1655,2384
1629,2373
1610,2348
1601,2330
1610,2319
1602,2288
1610,2268
1615,2234
1624,2202
1633,2176
1643,2136
1670,2098
1696,2060
1729,2026
1757,1979
1796,1939
1843,1904
1881,1860
1928,1826
1963,1788
2003,1761
2030,1732
2070,1703
2093,1676
2116,1653
2129,1631
2152,1620
2157,1604
2169,1594
2180,1576
2194,1579
2201,1578
2211,1573
2233,1581
2246,1585
2264,1593
2280,1605
2307,1624
2314,1639
2334,1655
2344,1669
2355,1692
2358,1718
2364,1737
2369,1769
2370,1805
2374,1840
2384,1888
2380,1945
2379,1985
2372,2043
2374,2097
2365,2149
2364,2199
2356,2250
2348,2295
2335,2340
2322,2384
2303,2414
2294,2444
2272,2464
2252,2482
2232,2491
2203,2497
2178,2498
2150,2493
2126,2487
2092,2484
2058,2471
2028,2466
1988,2449
1947,2445
1908,2431
1866,2425
1830,2421
1778,2404
1738,2397
1696,2388
1661,2379
1636,2363
1621,2357
1612,2338
1607,2312
1605,2293
1611,2264
1612,2239
1622,2201
1635,2176
1645,2137
1670,2102
1696,2061
1725,2024
1756,1990
1799,1948
1838,1911
1885,1874
1927,1837
1965,1801
1996,1768
2039,1737
2065,1707
2094,1686
2115,1663
2129,1642
2151,1627
2155,1609
2176,1606
2178,1591
2196,1590
2208,1587
2216,1587
2225,1593
2243,1594
2260,1606
2277,1610
2298,1629
2316,1642
2331,1651
2344,1680
2352,1690
2355,1715
2376,1753
2372,1778
2378,1810
2379,1858
2375,1897
2385,1937
2381,1994
2379,2055
2377,2097
2377,2151
2363,2203
2361,2252
2359,2309
2341,2354
2334,2398
2318,2425
2305,2450
2286,2474
2266,2484
2239,2499
2219,2505
2188,2499
2166,2504
2133,2492
2104,2492
2069,2488
2030,2468
1995,2459
1969,2463
1918,2442
1871,2427
1824,2429
1782,2414
1730,2398
1695,2398
1660,2390
1636,2374
1623,2361
1609,2338
1604,2317
1603,2294
1601,2271
1617,2244
1618,2209
1638,2180
1646,2148
1668,2107
1694,2071
1719,2025
1757,1991
1792,1949
1839,1911
1876,1869
1921,1839
1959,1801
1997,1769
2030,1735
2064,1708
2093,1681
2112,1662
2131,1640
2141,1619
2160,1609
2167,1592
2179,1584
2194,1578
2201,1581
2215,1580
2232,1586
2248,1595
2263,1598
2281,1600
2289,1612
2321,1631
2329,1651
2344,1675
2346,1687
2357,1707
2363,1743
2368,1768
2376,1801
2370,1839
2380,1882
2382,1933
2374,1981
2366,2033
2372,2088
2370,2138
2367,2193
2357,2248
2351,2295
2338,2330
2327,2374
2310,2410
2305,2437
2278,2460
2259,2477
2236,2490
2213,2500
2185,2498
2160,2497
2130,2489
2099,2483
2067,2479
2033,2468
1994,2455
1957,2441
1915,2430
1878,2427
1831,2416
1787,2409
1742,2399
1701,2395
1663,2382
1637,2368
1627,2359
1612,2337
1608,2314
1608,2275
1613,2274
1612,2240
1622,2211
1633,2178
1648,2146
1659,2107
1694,2072
1721,2034
1757,1987
1795,1953
1833,1906
1880,1874
1919,1835
1965,1808
1993,1770
2028,1738
2062,1708
2085,1683
2113,1665
2129,1643
2149,1630
2157,1607
2173,1602
2175,1587
2199,1586
2204,1581
2220,1595
2224,1577
2247,1600
2256,1596
2276,1610
2303,1630
2320,1643
2333,1663
2342,1675
2356,1698
2370,1720
2365,1734
2376,1772
2373,1801
2375,1845
2387,1890
2387,1915
2376,1990
2379,2034
2380,2088
2379,2155
2372,2204
2369,2250
2350,2292
2344,2354
2336,2385
2315,2405
2304,2445
2283,2466
2265,2491
2240,2497
2216,2506
2192,2510
2167,2508
2134,2500
2095,2493
2072,2487
2036,2478
1992,2464
1962,2453
1913,2439
1867,2431
1831,2424
1782,2421
1747,2411
1694,2399
1658,2392
1641,2387
1621,2359
1610,2342
1607,2326
1609,2308
1599,2268
1614,2246
1619,2210
1630,2184
1644,2150
1663,2114
1692,2079
1714,2028
1750,1988
1789,1947
1831,1914
1872,1875
1918,1839
1954,1805
1993,1773
2031,1742
2056,1711
2091,1687
2108,1662
2130,1641
2140,1623
2157,1609
2168,1597
2180,1587
2187,1583
2201,1577
2214,1578
2229,1580
2247,1588
2263,1600
2272,1597
2297,1620
2316,1628
2330,1654
2336,1657
2356,1687
2355,1709
2361,1723
2380,1764
2368,1800
2373,1840
2379,1880
2374,1916
2382,1970
2373,2026
2374,2081
2374,2135
2367,2188
2358,2232
2368,2295
2341,2338
2324,2376
2310,2401
2304,2434
2282,2459
2255,2474
2238,2494
2215,2494
2192,2499
2162,2495
2135,2495
2106,2485
2069,2474
2039,2468
2004,2456
1962,2448
1923,2439
1877,2425
1834,2416
1793,2413
1747,2400
1707,2392
1672,2384
1639,2372
1618,2354
1615,2336
1610,2319
1604,2295
1610,2269
1612,2248
1622,2220
1627,2180
1643,2144
1663,2112
1688,2071
1717,2035
1749,1992
1792,1952
1830,1912
1874,1877
1914,1846
1960,1810
1994,1777
2028,1746
2062,1718
2086,1687
2113,1665
2125,1643
2146,1630
2154,1608
2168,1605
2181,1592
2193,1590
2204,1583
2213,1584
2231,1588
2242,1594
2263,1598
2277,1610
2300,1628
2323,1647
2333,1660
2337,1667
2357,1690
2356,1714
2366,1743
2368,1763
2378,1800
2380,1845
2375,1883
2383,1935
2381,1982
2376,2029
2372,2080
2374,2134
2373,2195
2363,2241
2352,2300
2352,2344
2337,2383
2318,2420
2306,2442
2286,2473
2276,2491
2251,2497
2223,2513
2199,2513
2172,2510
2138,2499
2108,2495
2077,2487
2043,2473
2004,2466
1966,2453
1928,2446
1879,2431
1834,2426
1791,2423
1744,2410
1707,2382
1672,2391
1644,2380
1622,2376
1616,2347
1606,2325
1616,2315
1609,2279
1620,2250
1619,2223
1635,2184
1647,2161
1666,2122
1687,2081
1715,2041
1749,1996
1786,1961
1832,1926
1863,1877
1911,1852
1956,1814
1988,1779
2025,1747
2054,1716
2087,1693
2106,1663
2127,1643
2139,1621
2151,1611
2167,1598
2179,1590
2189,1586
2198,1575
2210,1582
2221,1577
2243,1587
2253,1592
2276,1604
2294,1617
2315,1634
2326,1645
2347,1669
2355,1687
2357,1707
2366,1738
2368,1764
2369,1797
2375,1832
2376,1879
2376,1916
2380,1966
2375,2019
2378,2069
2373,2128
2365,2176
2363,2233
2360,2284
2342,2324
2326,2361
2320,2402
2309,2437
2283,2465
2256,2468
2238,2480
2218,2495
2199,2499
2165,2497
2137,2491
2109,2483
2077,2478
2037,2469
2005,2459
1969,2448
1925,2437
1885,2425
1839,2412
1799,2415
1758,2410
1713,2393
1675,2383
1645,2369
1629,2365
1618,2342
1612,2318
1610,2300
1610,2274
1610,2256
1618,2218
1629,2189
1633,2147
1658,2127
1685,2075
1708,2040
1740,1999
1774,1956
1821,1925
1863,1883
1902,1841
1944,1813
1983,1778
2015,1752
2048,1717
2074,1691
2101,1674
2119,1644
2139,1627
2149,1611
2159,1606
2176,1595
2181,1587
2194,1582
2203,1579
2224,1587
2235,1592
2258,1602
2266,1605
2289,1627
2319,1636
2331,1651
2338,1664
2352,1681
2349,1708
2368,1735
2369,1767
2370,1789
2377,1835
2380,1875
2386,1917
2383,1975
2377,2027
2380,2079
2380,2125
2373,2182
2358,2235
2365,2287
2344,2318
2338,2373
2320,2413
2316,2435
2289,2460
2269,2482
2240,2498
2226,2506
2204,2513
2171,2501
2143,2503
2114,2495
2086,2485
2048,2479
2009,2466
1974,2458
1930,2450
1893,2439
1843,2430
1798,2423
1752,2413
1715,2408
1681,2403
1639,2369
1632,2374
1617,2353
1611,2325
1610,2307
1606,2268
1610,2240
1621,2226
1627,2195
1631,2158
1649,2102
1683,2080
1709,2051
1740,2002
1774,1964
1816,1923
1860,1891
1897,1851
1938,1812
1974,1782
2013,1749
2048,1723
2080,1691
2097,1666
2121,1644
2138,1628
2150,1614
2166,1600
2172,1588
2185,1585
2197,1580
2213,1582
2216,1578
2239,1587
2252,1592
2271,1606
2292,1613
2309,1627
2330,1645
2337,1657
2354,1680
2356,1697
2362,1723
2367,1750
2366,1784
2370,1822
2371,1865
2373,1916
2381,1971
2386,2016
2373,2064
2373,2118
2373,2174
2362,2220
2353,2263
2344,2323
2331,2355
2322,2400
2303,2426
2285,2444
2268,2471
2242,2477
2226,2504
2194,2500
2171,2494
2144,2492
2115,2487
2080,2474
2052,2469
2011,2454
1976,2449
1931,2438
1891,2426
1851,2421
1804,2412
1762,2404
1714,2396
1677,2388
1646,2372
1629,2366
1609,2344
1608,2329
1610,2304
1615,2284
1609,2254
1619,2221
1629,2189
1640,2151
1649,2112
1678,2080
1709,2043
1740,2002
1771,1967
1812,1922
1853,1883
1902,1847
1938,1815
1976,1784
2009,1749
2044,1720
2073,1695
2100,1671
2117,1647
2133,1628
2153,1614
2160,1600
2177,1594
2185,1585
2201,1584
2219,1582
2229,1585
2233,1589
2231,1597
2272,1605
2292,1623
2307,1633
2325,1650
2338,1661
2352,1682
2361,1702
2365,1729
2365,1766
2378,1797
2372,1828
2377,1871
2381,1914
2382,1965
2383,2013
2388,2073
2380,2123
2380,2177
2372,2234
2370,2281
2350,2333
2340,2367
2321,2406
2306,2434
2297,2456
2278,2479
2257,2494
2234,2503
2211,2516
2179,2508
2151,2506
2125,2502
2088,2493
2052,2479
2015,2476
1986,2463
1937,2443
1894,2444
1851,2431
1807,2427
1763,2416
1719,2407
1678,2399
1646,2382
1629,2371
1615,2352
1607,2336
1611,2314
1609,2288
1613,2262
1619,2230
1632,2206
1640,2164
1663,2136
1681,2090
1708,2045
1732,2005
1773,1972
1813,1937
1850,1884
1900,1856
1938,1822
1977,1787
2015,1756
2049,1730
2065,1693
2097,1671
2120,1657
2135,1628
2149,1612
2163,1601
2167,1590
2184,1584
2196,1576
2216,1582
2215,1582
2234,1588
2251,1592
2273,1605
2292,1617
2296,1629
2323,1645
2335,1665
2352,1677
2352,1697
2364,1723
2367,1749
2372,1783
2370,1819
2378,1862
2376,1903
2373,1947
2380,2010
2379,2061
2377,2112
2370,2165
2366,2223
2357,2266
2348,2316
2332,2360
2325,2391
2315,2429
2286,2444
2269,2467
2252,2485
2224,2486
2198,2498
2176,2505
2149,2492
2117,2492
2080,2480
2045,2474
2021,2468
1972,2452
1938,2444
1896,2431
1853,2421
1808,2415
1761,2407
1721,2395
1678,2391
1651,2374
1632,2361
1618,2347
1609,2328
1609,2304
1606,2283
1613,2254
1614,2222
1624,2193
1627,2158
1650,2125
1674,2086
1696,2044
1729,2009
1772,1968
1812,1929
1851,1894
1895,1858
1933,1821
1971,1782
2003,1751
2040,1724
2065,1695
2095,1671
2119,1653
2132,1632
2150,1612
2162,1606
2172,1591
2179,1581
2192,1582
2206,1580
2219,1581
2236,1585
2252,1594
2276,1606
2290,1616
2314,1633
2326,1643
2344,1666
2350,1682
2359,1701
2364,1728
2370,1753
2373,1790
2378,1823
2384,1869
2378,1907
2381,1952
2383,2015
2375,2058
2374,2112
2369,2163
2366,2218
2367,2277
2353,2317
2339,2362
2327,2405
2314,2431
2297,2459
2280,2474
2258,2493
2234,2500
2210,2505
2184,2515
2162,2512
2125,2497
2092,2489
2059,2481
2027,2469
1989,2467
1945,2453
1906,2439
1862,2429
1819,2429
1773,2413
1728,2406
1688,2401
1655,2385
1631,2374
1618,2351
1608,2330
1610,2315
1613,2293
1615,2264
1622,2245
1613,2197
1637,2161
1658,2137
1673,2095
1702,2056
1731,2018
1765,1981
1805,1930
1848,1902
1890,1860
1931,1822
1951,1773
2017,1766
2037,1723
2064,1692
2103,1686
2119,1657
2134,1637
2140,1615
2167,1606
2172,1593
2184,1587
2193,1584
2207,1579
2219,1581
2233,1584
2251,1595
2267,1601
2289,1614
2305,1626
2326,1642
2331,1658
2347,1677
2355,1699
2363,1716
2366,1747
2368,1779
2373,1815
2376,1851
2380,1897
2375,1946
2379,1998
2377,2054
2376,2109
2365,2154
2364,2212
2361,2261
2356,2317
2344,2345
2331,2389
2320,2429
2287,2442
2274,2463
2251,2484
2235,2501
2205,2498
2185,2499
2149,2499
2127,2492
2101,2491
2066,2479
2029,2460
1979,2449
1952,2444
1907,2431
1867,2425
1817,2419
1775,2404
1731,2401
1690,2380
1651,2379
1635,2367
1618,2344
1609,2329
1606,2305
1606,2283
1606,2253
1611,2228
1625,2199
1632,2162
1650,2129
1673,2094
1703,2059
1728,2010
1767,1977
1802,1942
1853,1896
1885,1859
1928,1829
1968,1793
2008,1761
2042,1728
2070,1701
2094,1672
2116,1657
2131,1635
2149,1614
2159,1604
2171,1594
2180,1586
2194,1582
2205,1576
2220,1577
2228,1588
2248,1590
2266,1606
2282,1607
2304,1631
2322,1642
2334,1660
2350,1674
2357,1697
2362,1719
2363,1749
2374,1781
2377,1812
2381,1859
2377,1899
2386,1953
2382,2002
2386,2053
2371,2105
2376,2164
2372,2218
2358,2265
2361,2316
2341,2356
2339,2396
2312,2419
2302,2451
2287,2474
2258,2489
2238,2508
2206,2509
2186,2514
2158,2508
2131,2500
2102,2493
2069,2491
2029,2474
1995,2460
1950,2441
1911,2445
1873,2436
1821,2420
1784,2424
1739,2408
1695,2398
1665,2388
1639,2377
1626,2357
1612,2341
1608,2323
1612,2295
1614,2274
1614,2241
1619,2206
1639,2183
1650,2139
1673,2097
1704,2065
1728,2031
1771,1990
1799,1935
1849,1904
1883,1866
1932,1834
1970,1797
1998,1753
2043,1743
2068,1714
2093,1674
2115,1650
2131,1644
2144,1621
2160,1612
2177,1604
2181,1585
2194,1585
2204,1578
2217,1586
2228,1588
2249,1588
2267,1601
2295,1615
2301,1628
2320,1643
2338,1657
2349,1673
2358,1695
2361,1719
2366,1744
2367,1775
2376,1812
2374,1848
2381,1895
2381,1941
2383,1992
2377,2044
2375,2096
2368,2151
2367,2201
2358,2253
2348,2300
2340,2349
2327,2387
2316,2417
2291,2440
2279,2461
2260,2487
2239,2492
2215,2503
2185,2502
2158,2497
2129,2488
2102,2479
2065,2474
2024,2469
1985,2457
1951,2445
1912,2428
1864,2423
1821,2415
1783,2409
1735,2403
1695,2392
1663,2376
1636,2358
1625,2348
1611,2329
1604,2308
1608,2284
1612,2264
1615,2231
1624,2201
1635,2168
1645,2131
1667,2099
1695,2057
1721,2019
1755,1973
1797,1938
1839,1900
1880,1862
1926,1827
1959,1794
2005,1761
2039,1731
2069,1705
2083,1673
2109,1656
2131,1634
2146,1617
2158,1609
2167,1593
2179,1585
2192,1579
2203,1583
2213,1579
2232,1586
2245,1594
2267,1600
2283,1615
2304,1626
2319,1642
2339,1655
2349,1679
2362,1696
2367,1718
2368,1749
2376,1778
2376,1811
2385,1853
2378,1892
2387,1949
2383,1994
2383,2047
2376,2096
2376,2153
2375,2208
2368,2257
2356,2302
2347,2355
2334,2386
2316,2413
2298,2447
2284,2471
2273,2492
2246,2506
2224,2509
2194,2508
2170,2507
2136,2500
2105,2502
2079,2493
2030,2479
2000,2468
1963,2459
1923,2446
1876,2439
1834,2429
1785,2417
1739,2413
1697,2402
1665,2390
1638,2378
1624,2369
1613,2351
1613,2327
1611,2301
1611,2280
1618,2246
1624,2212
1635,2183
1647,2143
1672,2108
1696,2070
1722,2028
1757,1988
1796,1949
1838,1912
1879,1870
1921,1832
1971,1812
1997,1767
2030,1737
2068,1714
2091,1701
2127,1683
2122,1633
2147,1632
2159,1606
2163,1590
2187,1596
2190,1582
2202,1578
2217,1585
2229,1584
2249,1587
2265,1602
2281,1606
2301,1628
2320,1639
2338,1655
2347,1672
2360,1688
2364,1707
2368,1740
2369,1765
2376,1808
2377,1843
2378,1891
2382,1933
2378,1988
2380,2034
2376,2096
2378,2148
2368,2199
2366,2250
2346,2298
2346,2344
2334,2383
2317,2409
2297,2444
2285,2468
2267,2492
2240,2493
2211,2506
2190,2505
2159,2494
2131,2488
2099,2493
2067,2477
2029,2475
1992,2455
1959,2445
1905,2427
1873,2428
1837,2425
1782,2404
1739,2406
1701,2389
1659,2382
1640,2373
1625,2347
1615,2337
1607,2310
1610,2292
1614,2267
1613,2236
1624,2208
1633,2171
1648,2138
1666,2104
1691,2063
1716,2014
1754,1980
1796,1942
1833,1901
1881,1873
1918,1829
1956,1796
1995,1759
2029,1736
2061,1702
2081,1675
2108,1657
2128,1636
2147,1626
2156,1610
2167,1594
2177,1587
2188,1577
2200,1580
2212,1583
2228,1582
2245,1590
2263,1600
2280,1610
2304,1627
2321,1650
2333,1658
2350,1676
2355,1690
2366,1716
2362,1735
2373,1773
2376,1807
2380,1847
2380,1891
2382,1936
2385,1986
2383,2039
2378,2095
2372,2141
2374,2198
2362,2250
2363,2296
2348,2340
2334,2378
2317,2419
2309,2450
2286,2474
2267,2493
2240,2499
2221,2508
2193,2507
2165,2504
2141,2497
2110,2497
2068,2483
2040,2481
2001,2460
1960,2452
1927,2447
1879,2437
1841,2440
1791,2423
1750,2417
1705,2402
1672,2394
1644,2387
1623,2366
1608,2349
1606,2328
1621,2309
1620,2282
1613,2248
1626,2216
1636,2182
1650,2151
1667,2114
1691,2079
1721,2036
1752,2001
1791,1956
1827,1914
1878,1883
1919,1846
1958,1802
1993,1753
2023,1736
2051,1698
2087,1684
2110,1662
2128,1639
2145,1635
2156,1606
2171,1596
2181,1586
2192,1591
2203,1581
2218,1588
2230,1589
2247,1593
2265,1597
2283,1608
2293,1616
2318,1640
2332,1652
2345,1671
2361,1693
2362,1712
2373,1735
2371,1766
2377,1801
2380,1842
2379,1882
2382,1927
2382,1978
2382,2037
2377,2084
2376,2141
2370,2192
2365,2242
2356,2289
2346,2338
2334,2378
2319,2414
2304,2442
2287,2466
2260,2481
2237,2495
2214,2496
2185,2498
2167,2502
2134,2492
2108,2499
2073,2482
2030,2469
2001,2453
1963,2448
1922,2437
1870,2422
1828,2414
1787,2403
1748,2403
1702,2391
1670,2386
1645,2366
1620,2343
1617,2332
1613,2312
1604,2293
1606,2265
1612,2239
1620,2211
1628,2178
1647,2143
1662,2108
1686,2063
1715,2025
1748,1991
1784,1951
1828,1911
1866,1870
1911,1836
1949,1796
1995,1773
2021,1731
2058,1716
2085,1684
2108,1656
2122,1640
2141,1621
2153,1602
2163,1592
2176,1586
2187,1583
2199,1581
2219,1587
2225,1580
2239,1591
2265,1605
2277,1611
2303,1623
2319,1640
2333,1652
2350,1668
2354,1687
2363,1709
2368,1738
2375,1764
2379,1803
2375,1835
2380,1881
2383,1919
2383,1973
2391,2027
2380,2075
2373,2138
2374,2195
2365,2238
2358,2292
2349,2341
2336,2376
2324,2414
2304,2446
2298,2466
2265,2482
2255,2504
2228,2509
2203,2507
2167,2505
2148,2506
2118,2500
2082,2489
2049,2479
2011,2459
1970,2463
1933,2444
1897,2439
1849,2426
1805,2428
1758,2406
1711,2407
1683,2393
1646,2381
1629,2370
1623,2351
1615,2330
1607,2308
1610,2284
1619,2245
1623,2228
1634,2193
1650,2161
1661,2123
1690,2080
1714,2043
1749,2003
1786,1961
1829,1919
1869,1884
1914,1846
1952,1812
1984,1771
2027,1740
2054,1713
2087,1694
2108,1663
2134,1649
2145,1624
2154,1611
2166,1598
2176,1589
2193,1589
2200,1571
2213,1578
2229,1584
2244,1587
2261,1600
2278,1610
2298,1620
2317,1637
2336,1660
2346,1672
2356,1684
2356,1705
2365,1728
2372,1767
2374,1791
2378,1835
2381,1875
2384,1926
2378,1973
2383,2023
2376,2073
2378,2129
2370,2185
2366,2237
2357,2288
2347,2330
2337,2372
2319,2406
2311,2441
2285,2463
2271,2483
2247,2495
2223,2504
2189,2503
2166,2496
2142,2501
2113,2493
2071,2478
2044,2475
2000,2459
1964,2449
1922,2437
1882,2428
1837,2416
1796,2410
1748,2405
1708,2398
1667,2385
1643,2374
1625,2351
1614,2330
1617,2320
1607,2289
1613,2267
1608,2244
1613,2212
1629,2185
1642,2148
1660,2112
1684,2067
1712,2030
1750,1989
1785,1945
1819,1915
1868,1874
1903,1839
1948,1806
1986,1774
2021,1736
2058,1711
2080,1682
2106,1657
2124,1640
2138,1614
2146,1601
2164,1590
2178,1589
2190,1579
2197,1581
2210,1579
2225,1580
2238,1583
2258,1595
2277,1605
2294,1617
2312,1635
2331,1650
2348,1668
2370,1691
2363,1708
2365,1732
2370,1759
2371,1790
2378,1834
2384,1879
2380,1917
2384,1967
2378,2026
2382,2074
2376,2131
2374,2185
2364,2237
2358,2285
2353,2335
2337,2372
2324,2410
2306,2438
2295,2463
2269,2477
2257,2496
2225,2507
2203,2509
2177,2506
2146,2500
2120,2504
2082,2479
2053,2476
2017,2470
1977,2467
1933,2444
1896,2434
1852,2431
1805,2422
1764,2417
1719,2403
1683,2400
1647,2380
1631,2377
1616,2347
1618,2340
1611,2312
1616,2285
1616,2266
1622,2226
1632,2194
1642,2160
1660,2126
1687,2091
1709,2052
1742,2008
1779,1964
1820,1928
1864,1888
1901,1851
1944,1819
1978,1783
2022,1754
2050,1725
2080,1703
2112,1671
2120,1646
2140,1628
2149,1611
2164,1598
2176,1592
2193,1599
2196,1584
2222,1573
2229,1592
2243,1592
2262,1600
2277,1614
2295,1611
2315,1639
2331,1653
2344,1666
2355,1686
2361,1704
2372,1737
2373,1756
2370,1788
2385,1837
2373,1872
2379,1912
2369,1969
2384,2011
2378,2076
2377,2119
2372,2174
2360,2231
2363,2280
2347,2326
2341,2365
2320,2404
2310,2433
2290,2458
2271,2476
2248,2488
2227,2500
2202,2504
2172,2503
2150,2498
2112,2490
2084,2484
2043,2462
2009,2459
1967,2454
1929,2438
1887,2430
1842,2425
1797,2411
1759,2407
1722,2411
1676,2393
1649,2379
1632,2356
1615,2338
1611,2314
1600,2301
1608,2274
1616,2248
1615,2216
1623,2186
1640,2156
1659,2108
1677,2080
1703,2028
1739,2000
1780,1953
1823,1918
1851,1879
1903,1843
1937,1810
1977,1775
2014,1747
2043,1714
2074,1689
2099,1662
2116,1641
2134,1624
2150,1607
2161,1594
2173,1586
2180,1579
2196,1579
2204,1565
2220,1574
2238,1589
2251,1590
2269,1603
2292,1623
2310,1627
2325,1645
2345,1665
2355,1679
2360,1705
2362,1727
2370,1761
2377,1803
2378,1830
2382,1869
2381,1916
2383,1961
2379,2015
2382,2068
2377,2118
2377,2176
2369,2226
2357,2277
2349,2327
2339,2367
2329,2404
2310,2434
2299,2458
2276,2475
2255,2492
2234,2505
2203,2506
2183,2511
2152,2505
2126,2502
2087,2487
2060,2481
2017,2466
1986,2460
1941,2443
1895,2437
1858,2428
1813,2427
1765,2412
1724,2406
1695,2399
1651,2383
1632,2372
1623,2359
1621,2334
1610,2315
1611,2292
1612,2255
1620,2237
1635,2208
1635,2161
1660,2140
1680,2097
1714,2050
1740,2013
1772,1972
1811,1936
1858,1894
1901,1858
1941,1817
1983,1794
2018,1753
2049,1728
2073,1698
2101,1674
2119,1654
2130,1627
2153,1622
2164,1600
2176,1596
2188,1586
2201,1581
2210,1579
2221,1581
2251,1591
2258,1598
2274,1609
2296,1613
2308,1634
2333,1649
2343,1655
2354,1683
2361,1705
2368,1723
2368,1752
2373,1788
2377,1820
2378,1866
2379,1908
2379,1957
2384,2018
2385,2065
2375,2118
2372,2173
2368,2224
2366,2271
2350,2318
2343,2364
2324,2402
2315,2430
2295,2453
2279,2479
2253,2491
2231,2497
2206,2507
2179,2504
2153,2500
2118,2492
2088,2488
2054,2473
2015,2466
1977,2453
1943,2449
1894,2433
1853,2424
1804,2415
1761,2411
1722,2402
1681,2386
1646,2368
1628,2358
1617,2347
1607,2321
1613,2306
1613,2283
1610,2248
1620,2223
1626,2185
1633,2148
1659,2128
1675,2085
1698,2040
1732,2000
1771,1961
1813,1919
1841,1889
1887,1845
1940,1818
1969,1775
2010,1756
2043,1724
2072,1688
2092,1663
2117,1644
2130,1624
2149,1609
2160,1599
2170,1585
2180,1580
2194,1578
2206,1577
2218,1578
2235,1580
2253,1591
2270,1605
2290,1614
2308,1633
2324,1642
2339,1661
2352,1687
2358,1701
2376,1724
2370,1752
2375,1782
2373,1822
2381,1862
2380,1909
2385,1961
2384,2009
2381,2061
2381,2118
2373,2165
2369,2223
2361,2271
2352,2315
2338,2356
2333,2404
2313,2426
2295,2461
2281,2474
2253,2491
2235,2503
2208,2505
2183,2511
2156,2498
2130,2500
2092,2487
2057,2476
2023,2469
1983,2464
1946,2452
1903,2442
1863,2430
1824,2427
1777,2420
1732,2407
1691,2395
1661,2389
1628,2372
1625,2356
1613,2340
1609,2317
1613,2290
1621,2264
1620,2227
1636,2212
1639,2166
1658,2140
1682,2103
1703,2060
1733,2020
1769,1979
1809,1943
1849,1896
1891,1868
1932,1825
1973,1793
2007,1759
2042,1727
2074,1693
2094,1681
2115,1655
2131,1634
2149,1616
2160,1606
2173,1596
2183,1588
2197,1584
2208,1584
2218,1586
2234,1581
2255,1592
2270,1606
2290,1617
2310,1635
2325,1644
2343,1664
2352,1702
2362,1703
2365,1727
2373,1753
2378,1795
2381,1815
2379,1865
2381,1905
2391,1963
2377,2005
2385,2057
2384,2108
2374,2160
2372,2218
2366,2266
2350,2310
2343,2356
2327,2394
2316,2424
2300,2453
2276,2472
2259,2491
2230,2501
2198,2504
2178,2507
2155,2503
2121,2495
2090,2487
2053,2477
2021,2467
1982,2459
1941,2442
1907,2441
1855,2427
1816,2420
1766,2412
1726,2398
1690,2390
1653,2372
1637,2372
1617,2356
1606,2329
1612,2300
1614,2279
1615,2253
1617,2237
1632,2203
1633,2160
1652,2126
1677,2097
1697,2069
1724,2011
1768,1968
1807,1928
1847,1890
1886,1849
1927,1800
1964,1784
2005,1753
2036,1714
2066,1689
2091,1672
2115,1642
2128,1624
2142,1612
2157,1597
2169,1589
2185,1577
2189,1571
2206,1574
2218,1578
2229,1580
2250,1588
2276,1602
2288,1602
2305,1627
2326,1642
2339,1663
2351,1677
2356,1698
2366,1721
2374,1750
2375,1777
2381,1815
2381,1856
2381,1903
2383,1956
2383,1998
2381,2054
2378,2102
2370,2158
2371,2209
2361,2262
2351,2308
2346,2350
2329,2391
2318,2425
2302,2453
2283,2477
2260,2488
2238,2501
2212,2503
2191,2508
2162,2507
2134,2502
2100,2489
2070,2489
2030,2472
1992,2463
1958,2454
1916,2440
1873,2432
1824,2429
1781,2416
1735,2405
1698,2402
1659,2388
1643,2376
1628,2360
1625,2340
1610,2315
1617,2299
1616,2266
1629,2234
1628,2211
1638,2173
1651,2142
1675,2100
1700,2063
1725,2013
1759,1982
1801,1944
1847,1903
1891,1870
1925,1833
1972,1804
1998,1762
2035,1735
2067,1701
2091,1683
2113,1659
2131,1634
2143,1620
2154,1610
2172,1599
2178,1592
2196,1587
2203,1581
2215,1586
2232,1591
2248,1595
2274,1610
2290,1614
2310,1634
2329,1643
2342,1661
2355,1679
2358,1696
2361,1716
2384,1755
2365,1771
2380,1816
2371,1848
2383,1901
2381,1938
2383,2007
2383,2050
2378,2102
2375,2156
2372,2212
2369,2269
2354,2304
2348,2357
2330,2396
2316,2423
2305,2456
2279,2472
2262,2497
2228,2504
2215,2509
2185,2504
2157,2501
2124,2495
2095,2489
2060,2481
2028,2472
1999,2461
1944,2447
1911,2437
1864,2427
1822,2422
1774,2410
1731,2407
1692,2390
1657,2383
1633,2360
1623,2358
1609,2333
1607,2309
1610,2285
1613,2260
1622,2235
1623,2190
1630,2166
1642,2127
1671,2095
1693,2060
1727,2015
1749,1969
1801,1929
1829,1886
1885,1858
1921,1824
1959,1791
2002,1754
2027,1722
2071,1691
2091,1665
2113,1652
2132,1632
2150,1613
2155,1594
2173,1596
2181,1578
2194,1573
2204,1569
2221,1583
2230,1581
2252,1575
2268,1596
2284,1609
2305,1618
2324,1639
2337,1651
2345,1673
2358,1689
2358,1718
2365,1743
2372,1779
2373,1806
2375,1850
2378,1902
2377,1941
2376,1996
2384,2049
2376,2097
2371,2152
2372,2208
2362,2254
2355,2304
2339,2350
2333,2388
2319,2421
2304,2455
2287,2473
2263,2487
2245,2499
2216,2504
2195,2506
2163,2506
2135,2496
2106,2496
2070,2480
2036,2472
1995,2462
1961,2453
1919,2441
1877,2433
1827,2423
1785,2416
1739,2407
1701,2401
1667,2388
1640,2373
1627,2359
1618,2339
1616,2325
1608,2296
1620,2277
1618,2238
1627,2211
1640,2178
1651,2144
1664,2109
1702,2071
1723,2030
1757,1986
1795,1948
1841,1906
1881,1877
1920,1841
1962,1794
2006,1767
2034,1734
2065,1703
2092,1679
2114,1660
2125,1646
2148,1629
2156,1612
2170,1605
2185,1590
2193,1589
2202,1580
2215,1583
2232,1592
2250,1598
2266,1609
2289,1620
2307,1626
2323,1646
2339,1661
2353,1679
2358,1698
2374,1721
2368,1745
2375,1775
2378,1811
2383,1855
2383,1884
2383,1939
2386,1991
2383,2060
2378,2095
2381,2161
2373,2201
2365,2253
2357,2302
2350,2351
2336,2390
2319,2422
2307,2451
2280,2471
2260,2487
2241,2505
2213,2498
2190,2514
2161,2510
2135,2500
2095,2494
2071,2489
2029,2471
1997,2460
1952,2453
1919,2444
1872,2433
1829,2427
1787,2412
1738,2403
1698,2396
1660,2380
1641,2373
1622,2353
1617,2338
1611,2314
1609,2285
1610,2265
1624,2242
1617,2204
1641,2177
1645,2133
1667,2097
1691,2061
1719,2012
1751,1978
1796,1939
1829,1899
1875,1861
1919,1828
1951,1788
1993,1763
2025,1721
2052,1698
2094,1676
2113,1653
2128,1630
2141,1614
2157,1606
2161,1590
2183,1582
2189,1574
2197,1575
2220,1557
2228,1586
2249,1587
2265,1600
2279,1606
2299,1619
2318,1635
2333,1659
2347,1671
2356,1689
2363,1713
2369,1738
2374,1771
2376,1798
2377,1841
2380,1882
2374,1940
2383,1982
2379,2039
2378,2093
2377,2144
2371,2186
2363,2249
2361,2302
2349,2342
2341,2383
2322,2416
2303,2439
2286,2468
2264,2485
2249,2499
2218,2504
2194,2505
2168,2502
2135,2498
2108,2493
2072,2485
2040,2470
1999,2463
1967,2454
1924,2442
1888,2436
1840,2424
1790,2417
1748,2408
1703,2404
1680,2389
1640,2375
1631,2360
1615,2344
1620,2326
1610,2299
1614,2276
1616,2251
1628,2219
1640,2192
1644,2143
1664,2106
1696,2071
1716,2035
1754,1993
1787,1943
1827,1915
1869,1876
1913,1838
1957,1800
1991,1778
2024,1737
2058,1712
2082,1685
2107,1660
2126,1643
2146,1629
2156,1612
2167,1603
2181,1595
2193,1586
2205,1586
2217,1585
2229,1589
2248,1597
2267,1605
2285,1618
2305,1634
2321,1644
2337,1661
2349,1678
2360,1695
2360,1715
2369,1746
2376,1779
2380,1807
2381,1840
2380,1892
2384,1930
2389,1988
2384,2035
2381,2088
2387,2147
2374,2198
2368,2249
2368,2309
2351,2346
2329,2382
2316,2417
2309,2446
2292,2478
2271,2487
2239,2493
2229,2508
2193,2507
2164,2513
2137,2500
2099,2494
2072,2487
2037,2474
2001,2464
1950,2449
1918,2441
1879,2431
1835,2425
1791,2417
1743,2409
1703,2398
1665,2386
1646,2374
1625,2358
1612,2337
1610,2317
1610,2296
1608,2269
1614,2242
1624,2211
1633,2174
1641,2137
1663,2104
1692,2070
1719,2026
1752,1983
1789,1941
1825,1899
1864,1871
1915,1828
1947,1799
1988,1758
2015,1731
2055,1702
2077,1670
2113,1655
2127,1632
2134,1609
2157,1605
2163,1588
2180,1591
2185,1574
2207,1573
2216,1579
2222,1583
2246,1584
2260,1588
2280,1600
2299,1616
2319,1634
2331,1647
2346,1667
2353,1682
2365,1708
2363,1733
2371,1762
2375,1792
2377,1829
2384,1877
2379,1928
2383,1974
2378,2030
2381,2084
2376,2140
2370,2192
2365,2242
2355,2290
2346,2337
2340,2387
2316,2410
2310,2440
2290,2467
2269,2485
2245,2500
2225,2506
2204,2511
2174,2509
2144,2505
2114,2493
2077,2484
2045,2476
2008,2462
1971,2458
1934,2445
1889,2438
1843,2431
1798,2418
1758,2410
1709,2401
1681,2395
1651,2377
1631,2368
1620,2344
1616,2311
1611,2306
1614,2280
1619,2262
1618,2217
1632,2187
1645,2159
1661,2112
1689,2078
1710,2030
1747,1997
1785,1961
1825,1918
1871,1879
1913,1850
1949,1813
1990,1788
2025,1742
2054,1714
2080,1684
2106,1661
2124,1645
2136,1626
2157,1621
2161,1598
2179,1591
2188,1583
2201,1584
2215,1582
2233,1592
2240,1597
2265,1604
2285,1618
2301,1628
2320,1641
2334,1658
2353,1677
2359,1695
2368,1712
2368,1741
2378,1771
2382,1804
2384,1848
2387,1885
2387,1932
2386,1979
2386,2032
2379,2084
2381,2137
2374,2189
2368,2246
2361,2281
2347,2337
2341,2385
2339,2423
2310,2445
2287,2463
2267,2485
2256,2509
2221,2501
2203,2510
2169,2507
2144,2502
2109,2489
2074,2480
2044,2486
2006,2467
1967,2459
1925,2446
1886,2434
1841,2428
1798,2419
1748,2410
1709,2399
1668,2393
1644,2374
1625,2358
1614,2342
1612,2319
1603,2301
1610,2271
1610,2246
1622,2217
1629,2183
1648,2146
1656,2112
1678,2076
1711,2030
1744,1991
1786,1958
1818,1904
1864,1881
1909,1835
1940,1800
1985,1770
2013,1741
2053,1704
2076,1686
2101,1656
2118,1644
2141,1617
2146,1604
2167,1582
2171,1582
2185,1576
2197,1577
2208,1570
2226,1575
2236,1577
2265,1595
2274,1598
2299,1612
2314,1627
2332,1651
2348,1662
2357,1683
2357,1705
2365,1727
2368,1761
2373,1801
2376,1832
2379,1876
2378,1916
2377,1963
2383,2031
2378,2075
2382,2126
2373,2180
2365,2235
2358,2283
2353,2330
2340,2369
2328,2411
2310,2439
2294,2462
2269,2478
2238,2487
2226,2501
2199,2505
2178,2505
2145,2501
2119,2496
2082,2484
2050,2478
2013,2467
1973,2452
1934,2447
1896,2438
1848,2428
1803,2419
1765,2415
1719,2400
1679,2393
1652,2380
1635,2362
1624,2348
1612,2325
1614,2300
1610,2275
1617,2251
1622,2223
1636,2187
1642,2156
1659,2116
1684,2081
1712,2046
1742,2001
1783,1956
1820,1922
1857,1882
1903,1841
1942,1812
1982,1774
2023,1745
2051,1723
2074,1691
2107,1672
2120,1642
2142,1631
2156,1621
2164,1604
2180,1598
2184,1583
2195,1588
2211,1583
2225,1585
2236,1590
2260,1603
2272,1613
2301,1631
2314,1637
2335,1661
2344,1672
2358,1690
2368,1711
2370,1734
2373,1767
2379,1801
2382,1837
2384,1879
2388,1928
2387,1979
2385,2023
2389,2079
2384,2140
2371,2188
2370,2233
2362,2291
2346,2321
2334,2370
2325,2407
2300,2434
2289,2450
2286,2481
2255,2496
2227,2506
2190,2506
2171,2511
2146,2509
2112,2497
2081,2491
2045,2488
2018,2469
1973,2457
1931,2442
1885,2433
1846,2429
1797,2424
1755,2409
1714,2401
1681,2392
1649,2384
1631,2363
1615,2344
1617,2329
1605,2304
1613,2280
1613,2251
1618,2221
1629,2188
1642,2157
1658,2119
1681,2074
1710,2039
1741,2000
1778,1961
1813,1917
1853,1879
1898,1841
1947,1813
1981,1780
2015,1738
2045,1707
2081,1686
2106,1673
2124,1642
2134,1621
2154,1611
2160,1589
2170,1578
2184,1577
2197,1573
2202,1567
2224,1579
2244,1582
2254,1591
2274,1591
2291,1602
2312,1627
2333,1649
2351,1664
2352,1683
2358,1693
2361,1722
2372,1749
2375,1778
2371,1822
2380,1864
2376,1909
2379,1960
2380,2008
2380,2067
2378,2120
2374,2175
2368,2225
2361,2275
2354,2327
2341,2361
2328,2401
2316,2434
2297,2456
2272,2474
2255,2492
2230,2503
2205,2504
2180,2506
2149,2498
2122,2495
2090,2487
2053,2478
2018,2467
1983,2458
1943,2448
1902,2438
1859,2429
1816,2417
1768,2412
1729,2408
1688,2390
1655,2374
1636,2364
1624,2351
1620,2329
1616,2311
1609,2277
1617,2259
1617,2224
1631,2193
1642,2160
1655,2124
1679,2086
1703,2045
1741,2012
1770,1968
1814,1929
1853,1891
1894,1855
1935,1804
1972,1788
2006,1749
2048,1732
2072,1693
2100,1673
2115,1657
2138,1635
2146,1611
2163,1604
2172,1595
2182,1589
2196,1582
2215,1591
2219,1587
2236,1592
2260,1605
2275,1609
2291,1621
2311,1639
2332,1649
2347,1669
2354,1691
2365,1705
2371,1735
2377,1768
2379,1802
2380,1827
2380,1871
2387,1918
2385,1966
2386,2015
2384,2067
2380,2123
2378,2172
2367,2222
2360,2278
2359,2322
2337,2361
2323,2393
2306,2425
2304,2468
2284,2489
2258,2491
2234,2503
2212,2517
2195,2534
2154,2502
2116,2483
2088,2491
2055,2487
2017,2468
1974,2456
1941,2445
1898,2436
1856,2431
1806,2414
1768,2416
1723,2408
1688,2402
1651,2382
1630,2368
1618,2354
1619,2331
1608,2305
1612,2285
1618,2255
1617,2229
1626,2193
1640,2159
1655,2124
1677,2086
1709,2044
1734,2006
1774,1967
1806,1926
1852,1884
1892,1850
1932,1816
1974,1782
2006,1742
2056,1715
2071,1689
2099,1668
2120,1642
2135,1626
2148,1606
2161,1597
2179,1581
2191,1583
2198,1572
2214,1578
2217,1577
2250,1578
2247,1587
2268,1595
2291,1608
2317,1629
2320,1645
2341,1661
2355,1669
2357,1695
2366,1723
2369,1754
2372,1785
2381,1821
2376,1862
2381,1886
2378,1952
2381,2002
2375,2048
2376,2110
2369,2163
2367,2215
2353,2266
2352,2321
2340,2357
2326,2395
2308,2422
2292,2449
2276,2475
2253,2488
2228,2503
2207,2503
2185,2509
2153,2501
2125,2494
2090,2487
2056,2476
2022,2467
1982,2459
1947,2449
1903,2439
1859,2427
1813,2423
1772,2415
1727,2403
1688,2395
1655,2377
1634,2363
1624,2355
1613,2338
1615,2310
1609,2283
1616,2253
1619,2230
1628,2201
1639,2166
1654,2125
1678,2090
1700,2051
1735,2014
1769,1967
1812,1933
1844,1895
1896,1856
1931,1822
1975,1793
2009,1757
2043,1720
2069,1700
2099,1675
2113,1646
2136,1636
2147,1614
2158,1598
2176,1597
2184,1588
2198,1577
2215,1586
2218,1587
2237,1597
2256,1596
2272,1614
2292,1629
2308,1630
2329,1650
2339,1668
2356,1687
2358,1697
2365,1725
2365,1755
2373,1786
2379,1823
2375,1864
2381,1911
2386,1955
2385,2010
2384,2067
2380,2116
2376,2173
2375,2219
2362,2273
2358,2318
2346,2361
2330,2390
2318,2435
2309,2459
2284,2482
2263,2497
2230,2503
2218,2515
2182,2511
2160,2505
2128,2503
2099,2499
2061,2486
2017,2459
1980,2461
1944,2451
1913,2443
1868,2443
1816,2424
1766,2410
1726,2406
1693,2399
1651,2375
1633,2368
1621,2355
1614,2336
1606,2312
1609,2287
1613,2257
1618,2232
1627,2200
1638,2164
1655,2130
1672,2091
1704,2055
1727,2007
1767,1970
1807,1933
1845,1896
1888,1853
1926,1815
1967,1787
2006,1755
2043,1723
2066,1689
2087,1666
2116,1642
2126,1620
2140,1610
2154,1591
2173,1586
2186,1585
2194,1573
2198,1570
2225,1577
2233,1578
2251,1592
2262,1593
2286,1615
2304,1621
2325,1642
2338,1653
2351,1680
2359,1697
2360,1723
2367,1733
2377,1777
2379,1810
2375,1849
2382,1890
2375,1947
2379,1996
2375,2050
2379,2104
2373,2161
2365,2212
2362,2261
2353,2309
2343,2346
2328,2390
2314,2422
2296,2451
2279,2472
2259,2489
2233,2498
2204,2498
2188,2503
2154,2502
2130,2497
2094,2487
2065,2478
2028,2469
1986,2458
1951,2445
1911,2436
1864,2428
1825,2420
1780,2414
1741,2405
1695,2389
1666,2385
1643,2366
1622,2353
1618,2332
1614,2315
1613,2286
1615,2266
1621,2234
1625,2200
1639,2171
1649,2129
1678,2098
1698,2065
1728,2016
1763,1972
1803,1940
1840,1898
1885,1865
1929,1829
1961,1793
2000,1761
2033,1726
2065,1706
2086,1674
2109,1654
2129,1635
2144,1618
2154,1599
2166,1594
2180,1588
2189,1577
2206,1582
2222,1584
2230,1588
2249,1593
2275,1614
2286,1619
2302,1630
2320,1647
2336,1668
2354,1693
2359,1700
2371,1725
2372,1750
2372,1783
2384,1820
2381,1858
2390,1905
2385,1955
2385,1999
2389,2063
2380,2115
2378,2165
2375,2212
2367,2267
2360,2312
2346,2354
2336,2394
2322,2428
2308,2458
2286,2477
2264,2494
2242,2504
2216,2509
2190,2504
2154,2504
2130,2497
2113,2507
2066,2493
2029,2478
1996,2469
1949,2454
1911,2439
1872,2436
1815,2421
1775,2423
1738,2410
1693,2402
1655,2381
1634,2363
1618,2354
1617,2342
1612,2322
1596,2293
1610,2262
1621,2236
1626,2207
1635,2169
1652,2132
1668,2098
1697,2059
1723,2020
1765,1978
1798,1941
1839,1897
1881,1861
1922,1821
1967,1790
1993,1758
2041,1727
2061,1697
2094,1670
2107,1646
2133,1630
2144,1610
2162,1603
2168,1582
2184,1581
2194,1570
2206,1578
2226,1581
2235,1573
2253,1584
2274,1594
2294,1614
2312,1626
2327,1639
2344,1654
2353,1670
2359,1690
2370,1716
2370,1743
2369,1773
2381,1808
2379,1848
2372,1887
2386,1934
2381,1989
2382,2043
2383,2100
2369,2149
2369,2204
2359,2257
2354,2295
2342,2343
2330,2385
2314,2416
2310,2449
2276,2467
2257,2483
2240,2495
2214,2499
2181,2501
2162,2505
2134,2494
2101,2491
2063,2472
2028,2465
1995,2464
1957,2446
1917,2441
1877,2431
1828,2421
1783,2415
1745,2404
1703,2396
1666,2384
1639,2370
1625,2356
1618,2341
1614,2312
1608,2286
1610,2263
1615,2233
1626,2208
1634,2173
1645,2138
1667,2100
1690,2060
1724,2023
1758,1981
1793,1942
1832,1903
1879,1864
1923,1829
1957,1793
1999,1765
2029,1733
2063,1706
2087,1677
2110,1657
2126,1637
2143,1621
2157,1609
2168,1597
2177,1583
2194,1590
2205,1585
2217,1582
2232,1592
2252,1597
2263,1605
2285,1611
2304,1631
2320,1651
2337,1656
2350,1681
2360,1702
2364,1723
2373,1752
2375,1768
2382,1813
2387,1852
2380,1895
2384,1943
2389,1992
2389,2044
2384,2103
2379,2154
2374,2208
2368,2256
2360,2307
2353,2356
2338,2389
2321,2428
2309,2455
2284,2480
2269,2495
2245,2503
2226,2513
2197,2511
2170,2510
2132,2501
2109,2497
2072,2487
2038,2478
1998,2467
1966,2471
1916,2444
1873,2435
1832,2428
1775,2414
1742,2409
1701,2395
1662,2396
1636,2371
1626,2358
1621,2352
1610,2319
1607,2294
1611,2264
1618,2242
1621,2210
1633,2174
1648,2141
1666,2104
1693,2064
1718,2021
1755,1987
1791,1945
1830,1901
1876,1864
1917,1818
1962,1797
1994,1759
2032,1735
2062,1706
2093,1682
2113,1655
2131,1633
2149,1613
2157,1597
2172,1591
2180,1581
2199,1577
2198,1573
2218,1571
2232,1582
2251,1585
2269,1599
2288,1606
2306,1623
2326,1638
2338,1660
2345,1669
2364,1691
2362,1712
2367,1734
2372,1766
2377,1808
2377,1845
2387,1885
2382,1930
2383,1979
2378,2040
2375,2089
2375,2143
2364,2188
2368,2249
2356,2290
2342,2336
2326,2382
2322,2413
2305,2442
2296,2464
2265,2482
2240,2498
2223,2507
2194,2504
2165,2500
2137,2494
2106,2489
2074,2480
2035,2471
2002,2459
1964,2444
1921,2439
1879,2430
1835,2425
1797,2417
1745,2404
1705,2397
1671,2380
1643,2371
1627,2356
1617,2337
1609,2315
1606,2293
1613,2270
1619,2244
1619,2206
1637,2176
1646,2145
1668,2106
1687,2070
1717,2022
1756,1992
1791,1946
1829,1906
1871,1868
1914,1831
1952,1797
1985,1767
2025,1729
2058,1714
2083,1684
2102,1659
2123,1639
2140,1617
2155,1608
2165,1590
2180,1593
2190,1581
2199,1582
2194,1582
2232,1594
2244,1594
2263,1604
2282,1615
2306,1629
2315,1637
2338,1659
2347,1680
2356,1695
2368,1725
2364,1740
2375,1775
2379,1812
2378,1842
2387,1890
2388,1941
2381,1980
2387,2040
2383,2096
2378,2151
2381,2197
2369,2248
2366,2304
2355,2347
2334,2389
2326,2416
2312,2450
2292,2475
2270,2487
2249,2496
2224,2510
2198,2509
2174,2513
2142,2508
2113,2498
2077,2491
2044,2481
2008,2468
1959,2449
1919,2446
1875,2432
1844,2437
1790,2419
1752,2408
1707,2401
1673,2396
1645,2375
1637,2365
1621,2345
1617,2324
1610,2298
1612,2280
1617,2244
1622,2215
1628,2174
1649,2147
1660,2109
1686,2066
1716,2031
1741,1986
1782,1949
1820,1911
1870,1869
1909,1836
1965,1802
1987,1768
2019,1737
2053,1708
2095,1679
2102,1657
2123,1637
2141,1623
2148,1601
2164,1591
2176,1583
2186,1585
2200,1576
2213,1577
2229,1582
2242,1586
2260,1592
2285,1608
2299,1615
2319,1631
2340,1655
2345,1670
2354,1679
2364,1715
2366,1729
2369,1765
2377,1797
2375,1835
2376,1875
2380,1925
2377,1971
2380,2017
2379,2081
2382,2135
2370,2183
2360,2235
2352,2280
2346,2327
2336,2370
2314,2407
2303,2437
2285,2461
2272,2486
2246,2495
2221,2501
2195,2505
2168,2503
2138,2497
2112,2486
2080,2485
2041,2471
2003,2461
1968,2453
1925,2435
1888,2435
1839,2418
1800,2417
1755,2408
1713,2397
1675,2382
1648,2374
1628,2358
1615,2338
1614,2318
1607,2297
1609,2271
1623,2257
1619,2212
1633,2184
1645,2147
1662,2106
1683,2074
1712,2029
1745,1989
1783,1950
1824,1914
1866,1875
1910,1842
1947,1804
1983,1772
2019,1740
2054,1710
2078,1682
2099,1662
2128,1643
2138,1623
2159,1610
2163,1593
2177,1587
2184,1583
2201,1578
2216,1584
2227,1586
2252,1595
2262,1594
2288,1616
2300,1627
2317,1635
2331,1651
2354,1676
2357,1689
2366,1711
2372,1736
2373,1768
2374,1806
2381,1841
2385,1885
2381,1932
2388,1983
2385,2028
2380,2087
2377,2135
2378,2191
2372,2239
2358,2297
2356,2332
2337,2370
2339,2420
2315,2446
2300,2468
2276,2490
2253,2501
2233,2502
2206,2519
2180,2513
2149,2527
2121,2501
2088,2494
2051,2482
2012,2475
1973,2461
1932,2448
1898,2440
1849,2432
1800,2420
1757,2416
1711,2406
1677,2398
1637,2374
1629,2366
1622,2355
1612,2321
1614,2305
1617,2285
1611,2250
1625,2215
1633,2197
1635,2150
1670,2123
1685,2085
1714,2039
1746,2003
1784,1961
1817,1924
1869,1880
1909,1848
1948,1804
1983,1775
2021,1738
2052,1715
2076,1687
2101,1663
2121,1636
2142,1622
2151,1605
2164,1591
2180,1588
2188,1579
2194,1578
2211,1578
2229,1574
2252,1582
2268,1594
2276,1603
2299,1620
2314,1634
2333,1651
2343,1663
2359,1689
2360,1700
2372,1735
2369,1754
2374,1791
2374,1832
2379,1878
2384,1917
2375,1967
2384,2019
2378,2071
2382,2132
2371,2182
2363,2223
2360,2275
2353,2339
2343,2365
2318,2398
2304,2439
2290,2460
2278,2484
2249,2490
2222,2501
2206,2503
2176,2497
2145,2495
2114,2493
2082,2484
2045,2475
2006,2461
1973,2449
1932,2441
1890,2432
1846,2423
1803,2412
1758,2405
1719,2405
1680,2391
1649,2373
1623,2349
1616,2338
1614,2323
1610,2293
1611,2274
1619,2248
1620,2217
1629,2187
1641,2154
1657,2112
1681,2075
1707,2031
1743,1997
1777,1956
1819,1920
1856,1876
1900,1841
1941,1810
1979,1777
2020,1745
2052,1715
2080,1690
2095,1662
2120,1645
2137,1623
2149,1613
2160,1600
2171,1588
2188,1586
2194,1580
2214,1585
2224,1588
2243,1592
2259,1596
2275,1606
2295,1622
2318,1639
2336,1655
2347,1669
2358,1694
2365,1718
2372,1734
2373,1764
2381,1796
2380,1832
2391,1878
2385,1918
2381,1967
2390,2018
2387,2083
2384,2135
2376,2181
2373,2230
2362,2280
2357,2333
2351,2375
2332,2409
2320,2439
2298,2465
2283,2483
2260,2492
2228,2507
2212,2517
2183,2507
2153,2506
2124,2499
2093,2494
2057,2486
2019,2476
1979,2466
1940,2454
1894,2442
1857,2433
1809,2427
1762,2411
1719,2407
1684,2393
1655,2386
1639,2369
1626,2352
1612,2326
1605,2288
1620,2283
1605,2250
1624,2225
1627,2181
1641,2154
1666,2132
1679,2081
1714,2052
1741,2012
1774,1962
1816,1922
1850,1885
1900,1849
1933,1809
1969,1782
2011,1739
2046,1714
2075,1688
2100,1666
2119,1641
2140,1626
2150,1607
2161,1594
2180,1585
2188,1588
2203,1578
2209,1575
2225,1581
2235,1584
2259,1590
2276,1602
2298,1615
2314,1631
2330,1645
2347,1665
2351,1680
2366,1708
2367,1725
2376,1759
2379,1790
2383,1832
2376,1860
2385,1911
2380,1962
2381,2007
2385,2071
2381,2121
2365,2179
2367,2221
2359,2278
2355,2322
2340,2368
2326,2393
2312,2431
2294,2452
2274,2477
2250,2486
2235,2502
2206,2508
2183,2504
2155,2494
2122,2490
2081,2481
2058,2475
2015,2461
1978,2453
1943,2444
1898,2431
1853,2420
1811,2415
1764,2405
1724,2401
1688,2389
1650,2376
1632,2362
1621,2344
1614,2322
1610,2305
1612,2275
1622,2255
1615,2219
1631,2188
1642,2155
1658,2117
1684,2085
1709,2037
1739,2005
1773,1960
1817,1924
1850,1885
1894,1850
1937,1813
1972,1781
2010,1747
2041,1718
2073,1691
2096,1662
2117,1644
2135,1628
2149,1613
2163,1598
2169,1588
2191,1586
2197,1579
2214,1577
2222,1584
2244,1588
2247,1593
2271,1604
2295,1616
2318,1636
2331,1656
2344,1658
2357,1686
2365,1709
2376,1733
2373,1759
2377,1787
2385,1834
2383,1869
2382,1911
2384,1957
2389,2011
2382,2064
2386,2127
2385,2176
2372,2224
2366,2276
2350,2322
2348,2366
2336,2401
2316,2435
2300,2467
2279,2474
2256,2493
2237,2502
2210,2507
2186,2512
2154,2501
2130,2504
2094,2491
2059,2487
2013,2472
1989,2471
1955,2455
1905,2447
1862,2435
1815,2426
1771,2422
1727,2409
1685,2397
1657,2384
1630,2365
1621,2360
1618,2341
1612,2311
1620,2295
1609,2260
1618,2228
1630,2197
1640,2159
1658,2125
1678,2088
1705,2053
1743,2017
1769,1971
1811,1934
1855,1892
1894,1851
1931,1812
1981,1793
2009,1756
2042,1718
2073,1693
2089,1663
2113,1645
2138,1625
2152,1612
2165,1597
2177,1592
2185,1580
2201,1581
2211,1577
2225,1579
2239,1582
2259,1591
2271,1607
2295,1616
2314,1632
2330,1643
2344,1661
2351,1673
2363,1698
2365,1720
2376,1755
2375,1783
2379,1816
2374,1858
2378,1904
2388,1958
2387,2006
2378,2055
2375,2106
2375,2164
2367,2215
2359,2270
2351,2312
2337,2355
2327,2388
2315,2429
2292,2452
2278,2474
2248,2488
2237,2487
2207,2501
2183,2502
2154,2498
2127,2492
2089,2487
2054,2471
2024,2466
1986,2460
1947,2447
1910,2437
1860,2429
1815,2415
1771,2408
1734,2399
1691,2389
1666,2381
1636,2365
1629,2347
1614,2326
1611,2306
1608,2282
1615,2257
1618,2228
1627,2194
1637,2156
1650,2124
1679,2086
1702,2045
1734,2002
1770,1981
1807,1932
1850,1887
1890,1853
1929,1817
1968,1785
2006,1747
2037,1721
2067,1693
2093,1653
2112,1637
2129,1627
2148,1613
2159,1606
2174,1589
2185,1586
2191,1580
2205,1580
2221,1586
2237,1589
2254,1597
2275,1606
2293,1619
2309,1631
2330,1651
2345,1659
2359,1682
2356,1700
2371,1728
2378,1756
2380,1814
2383,1823
2384,1865
2380,1904
2386,1953
2386,2001
2388,2058
2382,2114
2377,2165
2366,2212
2366,2266
2359,2321
2343,2356
2329,2403
2323,2432
2297,2456
2282,2483
2264,2493
2240,2504
2215,2511
2187,2514
2153,2514
2128,2507
2096,2486
2061,2491
2023,2483
1996,2471
1949,2463
1908,2447
1871,2433
1822,2425
1777,2417
1732,2407
1694,2403
1660,2390
1639,2372
1625,2358
1617,2338
1615,2314
1611,2288
1618,2263
1623,2234
1628,2200
1638,2173
1657,2130
1675,2098
1703,2058
1733,2021
1775,1982
1806,1935
1835,1899
1881,1854
1923,1816
1967,1789
2004,1753
2048,1728
2069,1699
2093,1672
2116,1646
2129,1628
2147,1613
2151,1596
2177,1594
2184,1584
2195,1577
2209,1579
2219,1584
2240,1587
2251,1593
2273,1605
2291,1614
2313,1632
2323,1639
2344,1658
2352,1673
2365,1698
2369,1721
2372,1744
2376,1778
2379,1812
2381,1856
2383,1902
2387,1948
2385,2003
2384,2054
2377,2102
2381,2160
2368,2209
2366,2261
2358,2306
2343,2344
2336,2395
2325,2423
2304,2461
2284,2472
2263,2488
2241,2493
2209,2499
2185,2500
2164,2495
2133,2493
2090,2485
2061,2483
2031,2468
1999,2462
1957,2447
1922,2437
1872,2429
1824,2421
1786,2412
1737,2393
1694,2392
1669,2378
1637,2363
1618,2347
1613,2324
1612,2311
1613,2281
1613,2259
1613,2214
1629,2200
1632,2174
1648,2127
1673,2091
1697,2053
1726,2013
1760,1969
1798,1931
1841,1895
1879,1852
1923,1826
1964,1790
2000,1757
2036,1724
2062,1696
2085,1674
2109,1652
2130,1629
2142,1613
2158,1597
2169,1586
2181,1580
2194,1582
2209,1579
2222,1580
2233,1584
2254,1590
2269,1603
2295,1617
2310,1628
2328,1645
2347,1665
2358,1680
2363,1699
2370,1725
2374,1749
2375,1778
2384,1818
2384,1859
2390,1904
2384,1943
2389,1999
2380,2049
2386,2105
2375,2153
2377,2217
2367,2264
2361,2312
2354,2355
2337,2393
2324,2430
2304,2453
2286,2473
2263,2489
2241,2497
2228,2510
2194,2519
2166,2505
2138,2501
2105,2490
2076,2496
2029,2470
2002,2476
1956,2459
1921,2450
1871,2436
1826,2429
1785,2420
1744,2420
1702,2404
1668,2393
1642,2382
1630,2352
1621,2343
1613,2318
1612,2296
1618,2266
1618,2240
1635,2212
1642,2174
1651,2142
1671,2101
1694,2062
1725,2022
1759,1981
1798,1940
1838,1901
1877,1856
1928,1826
1963,1796
1995,1760
2030,1731
2055,1709
2094,1687
2104,1673
2127,1627
2147,1620
2152,1602
2173,1591
2176,1585
2197,1587
2206,1578
2213,1571
2232,1582
2250,1591
2264,1598
2282,1613
2312,1627
2321,1638
2339,1657
2352,1672
2363,1694
2367,1718
2367,1743
2374,1779
2376,1809
2381,1851
2379,1892
2387,1940
2384,1989
2381,2042
2380,2095
2374,2152
2372,2199
2364,2253
2360,2301
2346,2340
2330,2383
2319,2424
2304,2446
2285,2466
2259,2479
2241,2496
2216,2500
2192,2508
2156,2491
2132,2492
2121,2488
2072,2479
2031,2468
1996,2464
1955,2447
1912,2437
1874,2433
1832,2422
1789,2420
1739,2406
1693,2395
1665,2379
1648,2363
1622,2352
1617,2334
1615,2312
1610,2281
1611,2262
1618,2234
1624,2201
1636,2167
1647,2128
1671,2099
1693,2057
1721,2017
1757,1979
1800,1949
1837,1899
1874,1861
1920,1827
1959,1794
1991,1756
2031,1728
2054,1685
2085,1661
2107,1646
2125,1630
2142,1615
2155,1603
2169,1591
2182,1584
2192,1576
2198,1575
2220,1581
2231,1585
2248,1593
2270,1602
2287,1611
2305,1628
2321,1641
2338,1661
2355,1678
2372,1695
2366,1720
2371,1744
2371,1773
2382,1812
2382,1847
2389,1894
2386,1939
2388,1984
2382,2040
2382,2097
2381,2151
2376,2200
2372,2256
2366,2306
2353,2346
2339,2386
2328,2424
2310,2454
2284,2470
2273,2487
2243,2501
2225,2506
2198,2511
2177,2512
2140,2512
2115,2502
2086,2491
2045,2483
2001,2469
1960,2458
1930,2450
1882,2441
1836,2436
1796,2430
1748,2410
1707,2401
1673,2399
1649,2374
1627,2356
1624,2345
1615,2321
1609,2299
1615,2275
1616,2249
1623,2214
1638,2179
1654,2145
1663,2103
1696,2076
1721,2030
1755,1990
1794,1951
1829,1911
1873,1871
1916,1837
1957,1804
1990,1768
2023,1736
2060,1706
2088,1689
2105,1658
2119,1632
2138,1620
2153,1610
2168,1596
2179,1593
2191,1582
2204,1583
2214,1589
2234,1584
2247,1589
2267,1601
2281,1607
2306,1623
2322,1636
2339,1654
2354,1670
2357,1688
2368,1717
2369,1737
2375,1770
2379,1803
2381,1842
2381,1884
2384,1931
2384,1981
2384,2035
2382,2087
2376,2140
2377,2194
2367,2244
2358,2293
2348,2335
2338,2377
2322,2414
2309,2447
2288,2472
2263,2476
2241,2490
2220,2498
2193,2498
2170,2497
2138,2498
2105,2494
2074,2478
2035,2477
1996,2455
1967,2456
1930,2451
1878,2427
1836,2423
1799,2409
1749,2408
1712,2401
1670,2387
1645,2373
1627,2349
1613,2331
1610,2319
1615,2298
1604,2259
1616,2238
1623,2206
1632,2174
1644,2136
1655,2103
1685,2061
1717,2024
1747,1983
1786,1943
1825,1910
1869,1868
1913,1836
1949,1795
1989,1766
2023,1735
2052,1701
2084,1679
2097,1649
2123,1633
2138,1619
2153,1604
2163,1590
2178,1588
2183,1575
2205,1582
2211,1577
2226,1580
2250,1592
2264,1602
2283,1610
2304,1622
2318,1634
2335,1650
2354,1672
2364,1691
2363,1714
2372,1741
2370,1766
2378,1804
2382,1843
2384,1887
2383,1930
2386,1982
2386,2034
2383,2088
2384,2144
2376,2195
2376,2248
2360,2293
2357,2340
2336,2380
2332,2420
2313,2451
2296,2470
2276,2488
2255,2500
2228,2513
2203,2512
2173,2508
2151,2505
2116,2495
2083,2487
2042,2472
2010,2475
1967,2463
1928,2443
1890,2438
1844,2426
1795,2425
1757,2411
1718,2404
1677,2397
1651,2385
1635,2369
1622,2343
1623,2331
1612,2298
1612,2270
1613,2246
1625,2222
1639,2190
1648,2153
1667,2114
1689,2076
1717,2035
1747,1997
1787,1955
1825,1914
1865,1877
1907,1837
1952,1809
2000,1774
2022,1740
2051,1713
2080,1685
2103,1659
2127,1641
2138,1614
2146,1593
2166,1594
2188,1594
2193,1591
2201,1580
2215,1579
2237,1586
2253,1595
2265,1594
2284,1611
2307,1627
2320,1637
2334,1651
2340,1668
2362,1687
2365,1715
2369,1728
2374,1767
2374,1800
2379,1837
2383,1882
2385,1926
2383,1977
2380,2025
2390,2084
2379,2130
2379,2190
2370,2236
2359,2288
2352,2332
2337,2371
2326,2407
2312,2440
2290,2463
2271,2479
2247,2489
2226,2505
2196,2496
2169,2504
2142,2496
2113,2497
2085,2484
2039,2475
2005,2454
1970,2456
1932,2438
1881,2427
1843,2427
1802,2423
1757,2408
1714,2402
1676,2375
1642,2372
1628,2357
1620,2330
1609,2326
1614,2297
1615,2272
1617,2239
1618,2209
1629,2176
1647,2138
1659,2107
1686,2067
1712,2029
1743,1988
1782,1921
1820,1909
1864,1871
1907,1834
1948,1800
1982,1771
2015,1735
2056,1707
2078,1672
2099,1658
2122,1633
2137,1618
2151,1602
2164,1593
2172,1584
2187,1576
2200,1578
2211,1576
2228,1581
2247,1591
2265,1600
2282,1611
2302,1621
2318,1635
2335,1654
2349,1666
2361,1689
2362,1710
2369,1734
2374,1769
2383,1797
2381,1837
2380,1874
2386,1925
2382,1970
2389,2024
2380,2072
2384,2133
2379,2186
2371,2238
2359,2288
2354,2332
2344,2371
2325,2412
2316,2440
2298,2465
2278,2489
2258,2501
2234,2505
2208,2512
2178,2503
2155,2504
2124,2502
2089,2494
2062,2484
2021,2478
1981,2467
1942,2454
1896,2444
1857,2430
1813,2425
1759,2418
1720,2404
1689,2400
1658,2390
1637,2370
1633,2356
1617,2329
1611,2308
1622,2283
1621,2253
1620,2229
1631,2193
1642,2161
1662,2120
1687,2083
1712,2041
1745,2004
1779,1960
1822,1923
1862,1887
1903,1851
1942,1812
1976,1777
2015,1748
2049,1714
2071,1688
2100,1670
2120,1647
2136,1621
2151,1611
2163,1603
2174,1588
2192,1583
2198,1579
2210,1582
2222,1580
2234,1585
2259,1599
2279,1607
2296,1619
2314,1633
2334,1647
2351,1672
2359,1685
2363,1702
2369,1730
2377,1761
2376,1788
2380,1829
2383,1873
2383,1917
2388,1965
2383,2018
2388,2072
2377,2127
2376,2176
2368,2227
2358,2280
2354,2324
2340,2369
2332,2407
2311,2438
2296,2458
2270,2479
2253,2492
2229,2498
2205,2503
2176,2502
2145,2494
2117,2490
2085,2477
2052,2477
2019,2462
1978,2447
1940,2451
1896,2438
1852,2426
1805,2420
1760,2410
1719,2393
1681,2382
1648,2377
1633,2362
1617,2344
1614,2328
1608,2293
1611,2271
1617,2242
1617,2215
1626,2180
1640,2153
1659,2109
1680,2067
1701,2039
1742,1994
1778,1956
1813,1913
1853,1877
1896,1842
1929,1805
1973,1770
2013,1735
2042,1710
2077,1690
2092,1659
2117,1637
2133,1616
2149,1602
2157,1588
2173,1584
2181,1578
2196,1576
2210,1571
2229,1579
2240,1583
2246,1585
2276,1611
2297,1614
2316,1631
2331,1643
2345,1663
2356,1681
2363,1702
2366,1729
2374,1762
2380,1793
2379,1824
2386,1869
2386,1909
2386,1967
2389,2016
2377,2070
2386,2123
2372,2176
2370,2224
2364,2280
2355,2322
2345,2364
2326,2401
2316,2431
2297,2458
2280,2481
2252,2498
2239,2505
2205,2510
2185,2510
2154,2510
2128,2501
2090,2497
2053,2479
2023,2463
1980,2462
1954,2450
1903,2437
1860,2429
1817,2431
1771,2421
1725,2404
1699,2397
1661,2387
1635,2380
1631,2351
1621,2327
1619,2310
1615,2286
1617,2264
1622,2230
1630,2198
1642,2166
1657,2128
1682,2090
1707,2053
1740,2008
1771,1969
1815,1929
1855,1898
1894,1855
1928,1814
1973,1785
2009,1753
2045,1725
2069,1694
2096,1671
2114,1648
2135,1631
2147,1611
2162,1600
2174,1587
2187,1585
2198,1579
2209,1578
2221,1584
2242,1586
2257,1597
2277,1605
2298,1619
2301,1630
2338,1655
2341,1661
2353,1678
2360,1700
2365,1719
2371,1753
2375,1787
2375,1825
2385,1863
2379,1904
2386,1956
2384,2010
2385,2062
2381,2116
2378,2168
2374,2224
2367,2270
2359,2321
2343,2360
2333,2398
2312,2427
2297,2453
2280,2472
2258,2487
2232,2501
2205,2504
2183,2508
2150,2499
2126,2494
2089,2489
2056,2478
2019,2464
1989,2455
1949,2449
1894,2431
1858,2429
1814,2413
1767,2405
1727,2403
1687,2392
1653,2379
1634,2365
1612,2338
1612,2331
1607,2292
1607,2268
1613,2243
1618,2224
1635,2192
1636,2160
1646,2108
1683,2078
1704,2045
1741,1992
1766,1960
1816,1935
1854,1882
1887,1846
1930,1805
1969,1771
2006,1748
2036,1714
2064,1688
2092,1652
2113,1638
2128,1622
2144,1608
2151,1591
2171,1585
2182,1580
2192,1576
2204,1584
2207,1572
2232,1563
2252,1589
2269,1599
2288,1596
2311,1626
2327,1648
2344,1663
2354,1683
2366,1699
2371,1723
2374,1753
2376,1791
2381,1822
2386,1858
2387,1909
2381,1955
2381,2011
2384,2058
2384,2117
2378,2171
2378,2221
2368,2270
2358,2314
2347,2360
2330,2394
2320,2432
2300,2452
2284,2477
2264,2495
2237,2502
2220,2511
2185,2509
2165,2509
2130,2495
2101,2489
2065,2480
2035,2477
1992,2460
1955,2456
1907,2440
1873,2425
1825,2425
1781,2425
1743,2416
1698,2404
1660,2382
1643,2376
1629,2352
1621,2335
1615,2321
1615,2289
1614,2271
1622,2238
1628,2207
1634,2168
1659,2127
1679,2092
1707,2055
1727,2019
1767,1973
1810,1938
1847,1895
1890,1857
1930,1823
1971,1794
2005,1755
2039,1728
2070,1698
2093,1675
2113,1652
2134,1632
2149,1614
2154,1605
2172,1592
2180,1586
2196,1583
2206,1576
2225,1582
2243,1588
2256,1593
2284,1610
2291,1613
2316,1631
2327,1647
2338,1655
2344,1673
2363,1697
2362,1726
2379,1762
2377,1779
2376,1810
2390,1864
2387,1908
2393,1951
2384,2004
2386,2056
2378,2102
2378,2161
2371,2212
2366,2263
2356,2310
2345,2355
2336,2391
2318,2427
2300,2452
2285,2477
2264,2493
2241,2500
2211,2504
2187,2507
2155,2498
2130,2499
2092,2490
2065,2481
2022,2469
1987,2460
1950,2445
1908,2434
1871,2432
1823,2420
1773,2411
1730,2402
1690,2390
1658,2378
1637,2363
1630,2347
1617,2332
1614,2305
1612,2283
1607,2250
1619,2208
1623,2192
1649,2154
1652,2124
1680,2086
1698,2053
1722,2004
1758,1964
1800,1926
1840,1888
1889,1852
1928,1815
1961,1786
2006,1747
2041,1720
2059,1685
2095,1665
2111,1639
2126,1620
2145,1605
2160,1594
2170,1581
2183,1552
2193,1572
2207,1572
2226,1578
2233,1582
2252,1587
2269,1593
2290,1606
2312,1605
2325,1645
2341,1656
2359,1673
2355,1691
2366,1721
2372,1745
2377,1780
2376,1813
2381,1857
2384,1898
2386,1944
2389,1997
2386,2048
2382,2100
2376,2158
2381,2212
2371,2259
2359,2309
2355,2360
2337,2389
2323,2425
2309,2447
2284,2469
2267,2491
2244,2503
2219,2508
2191,2508
2171,2507
2136,2495
2104,2490
2070,2484
2036,2477
1999,2458
1960,2451
1924,2445
1875,2435
1836,2433
1791,2423
1746,2416
1707,2404
1670,2385
1640,2373
1628,2356
1619,2333
1617,2320
1610,2288
1615,2259
1621,2240
1625,2208
1635,2177
1653,2138
1676,2100
1701,2062
1728,2019
1758,1978
1801,1944
1844,1905
1881,1867
1923,1835
1966,1793
1997,1759
2039,1734
2062,1704
2092,1676
2112,1653
2131,1634
2144,1615
2157,1606
2171,1594
2181,1585
2197,1584
2204,1582
2219,1580
2234,1585
2247,1585
2276,1602
2291,1606
2313,1628
2328,1644
2344,1668
2367,1693
2368,1697
2377,1719
2368,1745
2374,1776
2387,1806
2378,1846
2383,1888
2375,1934
2388,2000
2386,2045
2382,2103
2376,2144
2380,2201
2366,2253
2365,2313
2349,2345
2337,2386
2318,2418
2304,2452
2284,2471
2262,2488
2244,2501
2214,2503
2191,2506
2157,2500
2130,2497
2100,2489
2068,2483
2027,2474
1991,2461
1956,2450
1913,2440
1872,2430
1819,2418
1779,2413
1737,2403
1700,2398
1660,2384
1635,2363
1627,2351
1618,2335
1614,2311
1610,2288
1613,2261
1625,2228
1629,2202
1642,2158
1648,2116
1667,2080
1698,2055
1729,2021
1754,1969
1799,1935
1833,1891
1874,1859
1917,1817
1956,1785
1990,1748
2031,1723
2062,1704
2085,1666
2112,1652
2136,1628
2141,1604
2155,1593
2172,1584
2181,1579
2192,1576
2203,1571
2214,1576
2231,1572
2248,1581
2267,1595
2290,1610
2308,1618
2327,1640
2341,1658
2354,1670
2359,1689
2365,1716
2369,1739
2372,1769
2380,1814
2383,1855
2381,1890
2389,1940
2384,1990
2387,2045
2380,2094
2378,2148
2370,2203
2372,2257
2361,2304
2355,2347
2336,2382
2324,2419
2311,2448
2290,2473
2272,2502
2247,2499
2229,2510
2198,2505
2172,2506
2144,2504
2112,2495
2080,2483
2043,2474
2006,2466
1963,2453
1928,2446
1879,2433
1841,2429
1794,2422
1754,2415
1704,2406
1681,2395
1645,2368
1631,2361
1621,2338
1619,2323
1613,2295
1618,2272
1625,2243
1625,2223
1635,2173
1650,2143
1673,2103
1695,2061
1719,2018
1764,1991
1793,1947
1830,1902
1874,1865
1911,1831
1954,1802
1983,1761
2026,1741
2064,1708
2086,1684
2107,1657
2126,1639
2143,1622
2157,1607
2169,1594
2183,1588
2189,1589
2205,1583
2216,1583
2235,1586
2248,1593
2272,1606
2286,1612
2311,1629
2327,1645
2340,1657
2352,1676
2367,1689
2369,1710
2373,1745
2377,1779
2382,1809
2382,1843
2383,1893
2393,1948
2386,1983
2388,2036
2379,2083
2377,2148
2378,2203
2364,2246
2358,2297
2356,2341
2340,2386
2318,2417
2307,2441
2294,2474
2266,2492
2246,2498
2222,2504
2198,2506
2169,2503
2137,2500
2107,2496
2071,2485
2039,2476
1998,2462
1962,2455
1917,2440
1881,2433
1830,2428
1790,2422
1741,2404
1705,2395
1666,2389
1645,2372
1627,2353
1617,2330
1611,2309
1610,2293
1612,2267
1614,2233
1625,2208
1629,2169
1644,2132
1671,2099
1686,2066
1719,2010
1754,1983
1788,1929
1828,1903
1869,1865
1905,1824
1958,1794
1983,1751
2028,1731
2059,1707
2081,1667
2099,1645
2124,1625
2152,1611
2148,1594
2166,1584
2176,1579
2191,1574
2200,1573
2218,1570
2230,1575
2247,1586
2258,1587
2286,1607
2299,1615
2320,1635
2333,1650
2347,1667
2358,1691
2361,1708
2371,1740
2374,1765
2377,1804
2373,1841
2384,1884
2384,1922
2387,1983
2379,2033
2384,2089
2376,2144
2380,2200
2373,2248
2363,2293
2353,2341
2338,2376
2323,2414
2312,2437
2291,2465
2276,2482
2248,2497
2227,2511
2198,2506
2177,2508
2148,2500
2112,2493
2080,2484
2046,2476
2016,2471
1967,2457
1936,2448
1896,2435
1846,2427
1803,2425
1760,2415
1722,2408
1677,2391
1648,2379
1630,2359
1629,2345
1618,2327
1611,2296
1613,2278
1621,2248
1622,2220
1638,2185
1652,2148
1669,2116
1694,2082
1719,2034
1751,1985
1789,1958
1823,1918
1873,1880
1908,1839
1951,1812
1987,1775
2021,1735
2058,1711
2082,1692
2102,1664
2123,1640
2135,1623
2157,1604
2167,1603
2174,1586
2193,1586
2207,1584
2214,1585
2227,1589
2245,1596
2264,1603
2285,1610
2305,1629
2324,1642
2340,1664
2353,1677
2365,1686
2367,1705
2378,1744
2383,1782
2382,1800
2379,1842
2384,1880
2390,1925
2389,1978
2390,2028
2384,2077
2380,2137
2384,2198
2370,2242
2368,2292
2353,2329
2340,2377
2326,2408
2313,2439
2297,2461
2270,2483
2249,2491
2224,2506
2206,2510
2178,2504
2145,2501
2116,2496
2080,2487
2048,2478
2009,2467
1975,2456
1927,2441
1888,2435
1841,2425
1799,2417
1759,2411
1714,2400
1675,2390
1647,2376
1630,2359
1616,2340
1616,2319
1609,2299
1613,2268
1616,2248
1623,2211
1633,2179
1641,2136
1660,2105
1692,2070
1709,2031
1743,1985
1781,1946
1817,1902
1857,1860
1905,1826
1951,1798
1983,1759
2019,1727
2042,1705
2076,1682
2105,1654
2119,1632
2136,1606
2152,1598
2165,1585
2173,1582
2189,1570
2199,1572
2213,1576
2222,1575
2241,1581
2261,1592
2280,1600
2298,1613
2321,1631
2335,1648
2347,1666
2359,1683
2362,1704
2369,1733
2373,1760
2377,1796
2383,1830
2385,1876
2374,1919
2387,1970
2387,2026
2383,2080
2382,2126
2366,2183
2373,2241
2363,2284
2353,2328
2345,2371
2327,2408
2313,2440
2295,2459
2277,2479
2257,2498
2229,2506
2208,2504
2181,2506
2153,2503
2123,2495
2087,2490
2053,2477
2020,2467
1974,2457
1939,2450
1898,2439
1857,2432
1808,2426
1766,2411
1721,2405
1682,2395
1659,2382
1631,2362
1624,2347
1617,2329
1615,2309
1615,2280
1615,2256
1630,2224
1631,2186
1645,2157
1661,2117
1688,2084
1713,2039
1741,1997
1781,1969
1826,1928
1866,1890
1900,1854
1945,1814
1982,1784
2023,1748
2044,1720
2080,1692
2097,1671
2117,1642
2135,1634
2154,1614
2171,1590
2174,1594
2191,1590
2204,1585
2216,1583
2225,1593
2244,1589
2260,1598
2280,1611
2300,1623
2319,1638
2326,1656
2350,1672
2357,1687
2365,1710
2372,1736
2373,1758
2378,1793
2388,1842
2382,1877
2383,1910
2387,1954
2385,2021
2385,2074
2384,2131
2387,2190
2376,2232
2361,2281
2355,2323
2345,2371
2327,2403
2315,2442
2297,2465
2278,2477
2261,2502
2235,2508
2209,2514
2178,2508
2151,2494
2122,2499
2085,2487
2051,2484
2017,2467
1977,2460
1939,2451
1891,2440
1851,2431
1806,2417
1766,2415
1719,2399
1685,2390
1642,2375
1631,2363
1618,2346
1618,2330
1611,2301
1610,2275
1616,2248
1618,2215
1627,2187
1647,2158
1660,2112
1675,2074
1706,2033
1735,1992
1776,1955
1815,1920
1855,1890
1895,1831
1942,1809
1975,1771
2015,1740
2052,1721
2070,1691
2092,1661
2124,1632
2131,1623
2147,1603
2168,1594
2170,1570
2186,1580
2196,1570
2210,1573
2222,1570
2237,1584
2261,1587
2277,1600
2297,1617
2317,1628
2330,1645
2342,1659
2353,1680
2362,1700
2366,1728
2368,1751
2375,1790
2381,1822
2379,1864
2382,1914
2388,1961
2383,2013
2381,2068
2377,2118
2375,2171
2373,2221
2363,2279
2357,2322
2345,2363
2334,2397
2317,2430
2299,2459
2280,2479
2258,2491
2239,2508
2213,2509
2188,2507
2158,2503
2124,2497
2095,2481
2062,2473
2024,2470
1991,2460
1949,2449
1913,2443
1861,2429
1825,2428
1767,2414
1735,2409
1695,2397
1659,2380
1640,2362
1628,2349
1616,2330
1616,2312
1611,2284
1619,2258
1627,2229
1629,2200
1643,2161
1660,2121
1695,2090
1711,2048
1735,2005
1774,1963
1812,1927
1852,1887
1901,1852
1937,1816
1973,1784
2015,1755
2050,1725
2073,1690
2097,1676
2118,1651
2136,1629
2153,1620
2159,1606
2172,1583
2184,1585
2198,1582
2209,1585
2221,1581
2236,1594
2255,1597
2270,1616
2292,1615
2317,1636
2330,1656
2350,1667
2362,1685
2364,1707
2374,1733
2376,1761
2382,1793
2384,1830
2383,1872
2385,1905
2383,1956
2385,2021
2389,2066
2379,2113
2373,2172
2375,2225
2369,2273
2361,2330
2347,2366
2333,2401
2316,2434
2298,2463
2279,2471
2260,2495
2237,2504
2214,2508
2183,2508
2152,2503
2128,2497
2092,2489
2058,2483
2023,2472
1983,2456
1944,2455
1901,2436
1859,2431
1810,2421
1770,2415
1723,2401
1688,2391
1657,2385
1637,2370
1626,2351
1613,2330
1613,2307
1610,2279
1618,2254
1617,2218
1632,2194
1638,2158
1659,2120
1672,2082
1702,2045
1728,1996
1774,1972
1803,1921
1844,1885
1886,1848
1929,1818
1966,1779
2005,1753
2040,1718
2056,1688
2089,1657
2107,1639
2131,1626
2144,1605
2153,1585
2167,1576
2186,1574
2194,1582
2209,1568
2223,1571
2231,1576
2255,1588
2278,1598
2289,1614
2309,1628
2331,1636
2336,1660
2352,1672
2360,1692
2361,1713
2369,1751
2375,1780
2375,1821
2382,1854
2377,1900
2384,1951
2389,2003
2384,2054
2378,2109
2376,2162
2370,2215
2364,2265
2356,2314
2341,2356
2334,2398
2319,2426
2304,2457
2283,2473
2264,2491
2241,2501
2216,2503
2194,2512
2166,2505
2137,2497
2104,2494
2066,2481
2033,2474
1994,2465
1955,2451
1914,2441
1866,2434
1827,2426
1782,2412
1739,2401
1700,2397
1668,2383
1641,2371
1633,2350
1623,2338
1614,2308
1612,2290
1614,2262
1627,2230
1628,2200
1640,2167
1656,2134
1675,2095
1702,2054
1728,2021
1767,1975
1806,1933
1847,1902
1886,1865
1927,1821
1965,1794
1998,1757
2034,1729
2066,1696
2093,1676
2109,1653
2127,1630
2145,1619
2159,1604
2164,1590
2180,1588
2189,1587
2207,1580
2223,1589
2237,1588
2250,1599
2277,1616
2290,1621
2314,1634
2333,1660
2347,1662
2358,1663
2369,1707
2367,1730
2375,1752
2380,1789
2384,1824
2388,1865
2386,1907
2391,1953
2390,2003
2385,2058
2389,2119
2383,2163
2381,2229
2361,2267
2360,2316
2345,2346
2335,2395
2323,2428
2306,2452
2286,2476
2268,2490
2245,2501
2216,2508
2188,2489
2165,2517
2134,2503
2100,2491
2066,2488
2028,2465
1988,2457
1949,2450
1908,2441
1869,2437
1825,2428
1782,2416
1732,2406
1699,2396
1660,2384
1638,2372
1625,2356
1616,2330
1614,2310
1614,2289
1616,2261
1619,2232
1630,2197
1638,2165
1655,2129
1677,2092
1700,2057
1731,2013
1762,1969
1802,1930
1844,1897
1886,1862
1917,1802
1962,1783
1994,1743
2027,1711
2065,1698
2089,1669
2109,1640
2122,1627
2146,1609
2152,1594
2166,1582
2177,1572
2186,1568
2203,1574
2217,1572
2233,1579
2246,1582
2265,1589
2283,1605
2307,1619
2323,1633
2339,1649
2350,1660
2353,1691
2364,1721
2368,1747
2374,1763
2380,1810
2382,1852
2383,1895
2388,1947
2382,1993
2382,2043
2380,2103
2380,2158
2374,2209
2366,2261
2359,2304
2349,2347
2324,2383
2318,2418
2305,2445
2286,2470
2265,2488
2241,2499
2220,2509
2203,2513
2159,2494
2128,2499
2109,2490
2072,2483
2035,2469
2003,2463
1959,2451
1923,2444
1882,2436
1836,2425
1786,2416
1748,2407
1706,2399
1673,2385
1645,2371
1625,2353
1622,2339
1610,2313
1614,2293
1612,2268
1622,2243
1630,2205
1637,2171
1654,2134
1674,2100
1700,2060
1724,2022
1763,1983
1797,1944
1841,1903
1877,1869
1915,1829
1962,1793
1994,1760
2030,1731
2065,1702
2091,1677
2112,1659
2129,1630
2137,1615
2158,1600
2176,1594
2174,1587
2186,1580
2202,1582
2215,1586
2235,1591
2251,1601
2270,1606
2294,1610
2309,1633
2328,1650
2344,1663
2354,1681
2366,1703
2368,1723
2372,1747
2377,1782
2378,1816
2384,1859
2388,1895
2389,1944
2393,1995
2407,2047
2383,2103
2384,2159
2378,2208
2370,2255
2369,2315
2347,2345
2344,2397
2328,2421
2318,2464
2279,2469
2269,2493
2241,2494
2228,2512
2191,2508
2168,2505
2136,2497
2103,2495
2068,2493
2039,2474
1993,2454
1966,2459
1914,2442
1883,2438
1833,2424
1782,2417
1740,2416
1694,2395
1666,2386
1641,2371
1628,2357
1614,2340
1616,2318
1612,2293
1614,2264
1618,2236
1628,2204
1634,2175
1645,2137
1671,2102
1691,2059
1721,2019
1751,1978
1791,1941
1828,1899
1875,1864
1918,1825
1956,1793
1990,1757
2026,1729
2059,1698
2084,1674
2106,1652
2134,1635
2141,1616
2151,1598
2168,1583
2182,1580
2186,1570
2201,1576
2220,1574
2231,1571
2247,1584
2268,1596
2289,1602
2308,1634
2323,1633
2335,1653
2356,1667
2357,1690
2373,1721
2366,1729
2369,1770
2381,1807
2385,1841
2379,1889
2381,1931
2379,1981
2381,2033
2377,2088
2381,2143
2372,2198
2365,2251
2356,2294
2350,2343
2331,2379
2321,2416
2306,2445
2289,2468
2271,2484
2244,2497
2222,2509
2195,2502
2169,2501
2142,2493
2116,2498
2081,2484
2042,2474
2002,2460
1965,2447
1930,2447
1889,2432
1838,2426
1794,2415
1752,2407
1713,2402
1677,2382
1647,2366
1629,2358
1618,2341
1615,2313
1610,2294
1614,2268
1617,2241
1627,2208
1632,2175
1648,2140
1659,2103
1693,2064
1715,2029
1757,1990
1790,1948
1829,1911
1875,1872
1915,1833
1958,1801
1993,1766
2023,1741
2057,1706
2107,1681
2099,1652
2126,1640
2141,1621
2155,1600
2162,1597
2180,1590
2194,1586
2202,1580
2221,1581
2235,1594
2247,1587
2266,1601
2285,1613
2305,1623
2330,1646
2334,1658
2354,1681
2365,1700
2368,1721
2376,1748
2379,1772
2385,1820
2381,1850
2387,1893
2389,1935
2382,1989
2388,2038
2386,2092
2384,2146
2381,2203
2372,2253
2366,2304
2353,2345
2344,2386
2330,2421
2315,2450
2295,2470
2274,2491
2251,2502
2226,2509
2201,2514
2179,2511
2142,2509
2117,2501
2076,2490
2039,2466
2007,2472
1955,2456
1925,2454
1881,2442
1835,2428
1788,2422
1753,2421
1697,2396
1677,2396
1643,2376
1629,2355
1618,2346
1615,2324
1616,2298
1615,2274
1618,2245
1621,2211
1636,2182
1645,2142
1674,2109
1686,2066
1718,2030
1747,1986
1786,1946
1826,1907
1866,1865
1915,1834
1947,1797
1992,1764
2021,1733
2059,1704
2076,1675
2106,1651
2128,1635
2137,1608
2158,1593
2169,1593
2176,1580
2198,1580
2208,1576
2214,1576
2230,1577
2245,1583
2276,1600
2283,1605
2305,1613
2317,1629
2335,1649
2349,1666
2360,1688
2365,1700
2363,1729
2376,1757
2368,1798
2382,1836
2381,1885
2391,1920
2385,1980
2385,2024
2379,2082
2375,2138
2377,2186
2368,2238
2361,2290
2353,2332
2340,2375
2323,2410
2309,2441
2291,2460
2272,2486
2250,2492
2225,2505
2197,2514
2173,2506
2142,2497
2112,2487
2078,2484
2045,2471
2008,2461
1968,2456
1932,2439
1887,2441
1846,2430
1802,2422
1759,2413
1718,2406
1683,2391
1649,2372
1632,2359
1621,2342
1613,2316
1609,2296
1609,2277
1615,2244
1623,2213
1624,2180
1646,2151
1664,2109
1686,2072
1709,2030
1749,1994
1788,1957
1827,1917
1868,1876
1907,1837
1947,1805
1987,1771
2025,1743
2051,1714
2081,1682
2100,1660
2116,1638
2136,1617
2154,1615
2166,1597
2176,1585
2188,1577
2203,1582
2216,1581
2228,1588
2245,1585
2261,1596
2282,1615
2306,1629
2320,1641
2343,1665
2354,1676
2362,1696
2368,1696
2375,1742
2378,1768
2379,1800
2387,1844
2385,1879
2388,1932
2385,1973
2388,2026
2381,2085
2384,2139
2374,2197
2370,2246
2368,2292
2354,2340
2343,2378
2333,2417
2312,2446
2301,2466
2277,2521
2256,2504
2233,2502
2203,2513
2176,2507
2150,2514
2112,2504
2083,2492
2043,2482
2012,2472
1972,2463
1936,2454
1894,2439
1848,2435
1798,2428
1756,2416
1718,2402
1686,2399
1655,2389
1630,2360
1617,2345
1613,2324
1613,2295
1611,2277
1616,2248
1625,2218
1633,2186
1640,2146
1660,2112
1683,2073
1712,2037
1742,1997
1782,1957
1821,1917
1858,1879
1906,1842
1942,1800
1985,1769
2018,1741
2055,1713
2083,1684
2102,1657
2122,1632
2137,1620
2154,1602
2164,1595
2180,1586
2189,1574
2206,1576
2217,1573
2225,1574
2249,1588
2266,1594
2285,1600
2299,1610
2321,1637
2333,1655
2349,1657
2361,1685
2365,1700
2372,1730
2368,1760
2373,1789
2380,1827
2378,1867
2386,1923
2386,1973
2383,2020
2378,2077
2374,2119
2371,2175
2374,2236
2359,2282
2349,2324
2342,2366
2328,2405
2311,2436
2297,2463
2278,2482
2259,2496
2229,2503
2205,2506
2178,2504
2151,2501
2118,2495
2086,2484
2051,2474
2015,2467
1986,2452
1941,2447
1896,2440
1849,2438
1815,2424
1765,2412
1723,2402
1682,2390
1663,2378
1634,2361
1617,2341
1614,2320
1612,2302
1618,2278
1618,2248
1615,2219
1629,2184
1643,2153
1660,2117
1684,2075
1707,2036
1738,1994
1780,1959
1811,1923
1862,1884
1902,1838
1926,1808
1975,1769
2019,1748
2051,1719
2072,1688
2102,1661
2121,1642
2136,1626
2150,1611
2162,1602
2173,1585
2183,1581
2199,1583
2210,1586
2225,1586
2246,1597
2257,1600
2285,1611
2301,1626
2313,1631
2330,1651
2343,1671
2363,1691
2375,1713
2369,1740
2379,1766
2381,1799
2377,1836
2377,1882
2392,1925
2385,1972
2388,2016
2384,2077
2382,2127
2374,2180
2377,2235
2365,2273
2358,2333
2343,2378
2334,2414
2320,2439
2299,2462
2281,2489
2265,2502
2236,2510
2207,2513
2184,2516
2144,2505
2121,2499
2087,2493
2053,2480
2016,2467
1986,2470
1936,2456
1887,2425
1856,2434
1806,2415
1761,2416
1714,2398
1684,2393
1650,2385
1630,2373
1629,2361
1617,2333
1613,2307
1608,2276
1619,2256
1620,2216
1637,2202
1636,2158
1656,2118
1678,2083
1706,2048
1733,2003
1775,1960
1815,1924
1853,1883
1900,1849
1939,1809
1970,1780
2010,1742
2046,1714
2071,1686
2095,1654
2118,1643
2132,1619
2149,1602
2158,1592
2176,1585
2185,1580
2199,1575
2212,1578
2220,1568
2243,1584
2260,1594
2274,1601
2301,1621
2315,1629
2332,1644
2349,1664
2358,1685
2359,1697
2370,1725
2377,1756
2369,1783
2380,1828
2382,1870
2376,1904
2380,1945
2383,2010
2381,2064
2376,2119
2381,2172
2367,2225
2360,2270
2350,2319
2343,2359
2328,2405
2318,2432
2298,2462
2277,2474
2253,2483
2233,2501
2210,2505
2176,2502
2148,2497
2122,2495
2090,2487
2056,2480
2020,2465
1979,2454
1944,2447
1901,2436
1860,2438
1813,2420
1772,2412
1729,2404
1695,2397
1658,2379
1633,2362
1627,2349
1618,2324
1612,2305
1588,2280
1620,2253
1620,2225
1633,2193
1641,2158
1655,2116
1679,2084
1705,2043
1735,2003
1773,1967
1810,1927
1851,1884
1892,1854
1935,1818
1971,1778
2009,1751
2038,1719
2070,1687
2098,1669
2108,1644
2139,1626
2145,1613
2163,1600
2168,1587
2185,1581
2196,1583
2215,1578
2227,1583
2243,1599
2256,1599
2278,1611
2293,1621
2313,1632
2333,1652
2353,1673
2360,1689
2362,1710
2371,1730
2366,1763
2382,1798
2374,1831
2384,1871
2385,1911
2388,1961
2394,2009
2383,2062
2388,2122
2381,2170
2377,2228
2369,2282
2359,2316
2349,2363
2340,2412
2324,2438
2304,2456
2280,2483
2262,2498
2239,2507
2215,2514
2187,2513
2151,2509
2130,2507
2096,2495
2058,2485
2028,2482
1993,2475
1940,2442
1912,2454
1853,2424
1813,2419
1769,2420
1734,2410
1683,2393
1661,2389
1637,2382
1622,2353
1614,2336
1615,2311
1610,2276
1618,2250
1621,2228
1626,2190
1638,2167
1655,2124
1679,2093
1709,2049
1734,2012
1764,1962
1812,1927
1852,1884
1894,1852
1934,1815
1972,1783
2009,1751
2039,1719
2075,1696
2095,1666
2115,1643
2129,1624
2150,1608
2161,1594
2176,1587
2187,1581
2195,1572
2213,1577
2229,1578
2249,1584
2258,1592
2273,1594
2296,1618
2313,1628
2333,1649
2340,1654
2356,1681
2362,1693
2360,1718
2373,1750
2377,1788
2379,1819
2380,1850
2386,1909
2380,1951
2379,1998
2381,2056
2376,2117
2372,2162
2370,2212
2364,2265
2356,2319
2345,2359
2332,2394
2316,2424
2296,2457
2286,2480
2256,2486
2228,2499
2213,2508
2186,2505
2157,2501
2129,2497
2097,2485
2065,2485
2022,2471
1989,2455
1947,2448
1909,2435
1868,2432
1819,2419
1778,2410
1732,2405
1693,2395
1662,2380
1638,2359
1634,2357
1618,2328
1615,2310
1610,2285
1615,2256
1621,2230
1630,2200
1639,2162
1655,2123
1676,2090
1701,2043
1727,2007
1764,1969
1804,1932
1843,1894
1886,1853
1925,1822
1968,1787
1999,1750
2035,1727
2062,1691
2093,1666
2108,1650
2132,1631
2142,1612
2162,1605
2170,1592
2183,1584
2195,1583
2202,1582
2222,1581
2233,1588
2256,1599
2272,1607
2289,1618
2313,1635
2330,1651
2347,1670
2358,1682
2361,1700
2371,1727
2378,1758
2382,1784
2384,1825
2380,1859
2392,1907
2379,1953
2392,2011
2385,2067
2389,2116
2378,2161
2375,2222
2374,2269
2361,2316
2352,2358
2338,2396
2328,2433
2305,2458
2293,2484
2271,2499
2241,2508
2221,2511
2199,2515
2171,2513
2139,2502
2106,2494
2075,2491
2031,2480
1999,2470
1952,2454
1918,2450
1875,2440
1828,2430
1786,2423
1743,2411
1700,2403
1662,2393
1640,2378
1630,2362
1597,2347
1617,2310
1614,2295
1612,2267
1616,2234
1628,2210
1638,2174
1656,2137
1669,2093
1697,2057
1726,2013
1767,1982
1802,1942
1845,1906
1881,1857
1919,1824
1967,1789
2002,1755
2034,1726
2062,1701
2089,1670
2116,1648
2126,1625
2147,1615
2161,1598
2171,1587
2179,1582
2196,1579
2211,1575
2221,1577
2235,1583
2254,1587
2279,1600
2292,1611
2315,1624
2329,1647
2341,1660
2352,1671
2365,1692
2370,1719
2369,1741
2372,1771
2381,1819
2384,1848
2392,1912
2389,1958
2390,1995
2381,2045
2377,2099
2376,2155
2378,2198
2367,2251
2358,2311
2336,2346
2333,2386
2319,2420
2304,2451
2286,2479
2275,2491
2248,2506
2220,2513
2193,2514
2163,2507
2137,2497
2101,2491
2067,2477
2033,2470
1996,2461
1958,2446
1921,2441
1872,2430
1831,2420
1785,2412
1744,2407
1701,2394
1667,2383
1641,2361
1630,2356
1622,2334
1617,2314
1615,2284
1615,2258
1619,2229
1625,2206
1641,2170
1652,2129
1674,2094
1700,2052
1728,2017
1763,1980
1798,1935
1838,1895
1882,1864
1922,1826
1954,1789
1994,1758
2033,1728
2061,1698
2088,1675
2109,1648
2130,1633
2142,1620
2156,1602
2171,1594
2176,1583
2195,1582
2203,1582
2219,1584
2235,1583
2251,1597
2273,1601
2287,1618
2313,1633
2331,1645
2348,1660
2357,1675
2365,1697
2371,1724
2374,1753
2383,1782
2383,1807
2388,1853
2384,1901
2390,1947
2390,1990
2387,2045
2387,2101
2385,2159
2375,2205
2377,2263
2367,2313
2347,2350
2344,2397
2329,2426
2309,2450
2290,2477
2273,2493
2243,2507
2228,2512
2199,2508
2175,2508
2145,2509
2109,2500
2073,2496
2046,2483
2006,2474
1963,2459
1923,2448
1879,2437
1836,2438
1790,2423
1749,2416
1708,2399
1677,2392
1647,2376
1633,2365
1625,2342
1618,2327
1606,2282
1618,2270
1623,2240
1628,2216
1649,2181
1656,2134
1671,2099
1698,2059
1728,2018
1751,1975
1803,1950
1838,1905
1878,1861
1928,1824
1955,1785
2000,1762
2033,1728
2064,1697
2086,1672
2112,1651
2130,1630
2142,1608
2162,1601
2169,1585
2188,1581
2199,1576
2213,1577
2222,1578
2242,1583
2256,1586
2279,1601
2296,1611
2310,1623
2334,1642
2340,1653
2360,1673
2363,1689
2372,1712
2377,1745
2370,1766
2384,1804
2385,1837
2386,1880
2389,1934
2391,1983
2390,2044
2394,2097
2382,2146
2379,2196
2370,2243
2362,2305
2351,2334
2336,2376
2321,2406
2313,2455
2290,2460
2270,2489
2251,2498
2229,2512
2187,2507
2169,2498
2145,2494
2106,2480
2077,2487
2044,2477
2008,2466
1967,2449
1924,2441
1878,2431
1840,2427
1800,2420
1752,2411
1709,2396
1676,2385
1650,2369
1636,2357
1622,2336
1620,2317
1618,2293
1615,2263
1620,2238
1630,2209
1635,2172
1654,2134
1673,2104
1703,2061
1723,2026
1758,1983
1796,1944
1837,1904
1877,1869
1918,1833
1962,1799
1995,1764
2031,1727
2064,1699
2093,1680
2115,1654
2130,1634
2149,1618
2161,1602
2170,1590
2183,1584
2205,1580
2207,1579
2222,1580
2238,1585
2256,1596
2273,1603
2293,1614
2317,1629
2330,1642
2352,1658
2360,1671
2372,1698
2373,1716
2387,1743
2386,1775
2401,1820
2391,1850
2395,1897
2394,1931
2404,1983
2392,2042
2395,2096
2394,2148
2389,2201
2377,2249
2368,2294
2364,2348
2354,2388
2337,2423
2321,2450
2306,2478
2284,2490
2265,2499
2232,2508
2218,2512
2186,2516
2152,2503
2123,2499
2089,2498
2056,2482
2016,2473
1975,2462
1937,2455
1898,2445
1854,2436
1807,2426
1764,2413
1720,2409
1684,2394
1657,2382
1637,2356
1629,2354
1630,2330
1621,2291
1619,2282
1626,2247
1635,2213
1645,2192
1656,2147
1676,2108
1703,2070
1727,2032
1755,1987
1799,1949
1838,1905
1875,1871
1917,1838
1960,1802
1989,1755
2032,1743
2065,1703
2088,1670
2112,1647
2136,1645
2151,1615
2163,1601
2171,1590
2187,1590
2196,1579
2215,1578
2222,1581
2240,1582
2255,1588
2272,1599
2297,1613
2309,1624
2337,1643
2345,1653
2358,1649
2361,1688
2373,1709
2378,1735
2383,1770
2390,1798
2385,1838
2390,1875
2398,1933
2395,1981
2389,2033
2389,2083
2385,2143
2388,2194
2380,2243
2369,2285
2360,2335
2346,2378
2332,2412
2321,2434
2295,2465
2275,2479
2262,2499
2230,2494
2202,2515
2182,2510
2148,2492
2115,2487
2088,2486
2053,2468
2016,2460
1975,2465
1944,2442
1901,2446
1854,2431
1810,2415
1766,2406
1721,2398
1688,2389
1657,2375
1641,2357
1629,2337
1621,2321
1622,2293
1626,2272
1628,2240
1630,2209
1654,2181
1654,2137
1673,2105
1696,2067