2048,2325
1914,1768
1849,1707
1785,1654
1733,1629
1684,1589
1648,1566
1620,1557
1604,1568
1612,1597
1614,1612
1639,1677
1672,1743
1727,1825
1789,1907
1852,1991
1924,2068
1994,2142
2072,2205
2146,2268
2208,2319
2266,2357
2312,2401
2364,2426
2395,2444
2425,2459
2446,2468
2458,2467
2463,2455
2464,2436
2454,2414
2442,2382
2427,2353
2397,2307
2367,2263
2327,2216
2281,2155
2226,2087
2158,2010
2095,1939
2021,1866
1954,1799
1883,1731
1819,1677
1753,1631
1703,1592
1660,1560
1636,1540
1611,1549
1604,1568
1613,1598
1623,1640
1655,1702
1696,1773
1758,1855
1818,1946
1887,2024
1960,2103
2039,2169
2112,2233
2174,2279
2231,2337
2299,2374
2339,2409
2384,2435
2412,2454
2438,2456
2450,2470
2463,2452
2465,2444
2454,2424
2449,2400
2436,2362
2417,2324
2384,2281
2348,2245
2309,2179
2256,2120
2191,2045
2133,1976
2057,1899
1988,1832
1917,1762
1851,1703
1790,1655
1734,1609
1689,1581
1649,1559
1626,1555
1613,1559
1611,1586
1625,1620
1644,1674
1678,1736
1729,1814
1786,1900
1861,1987
1928,2065
2003,2137
2078,2203
2147,2265
2210,2314
2267,2355
2320,2394
2365,2425
2404,2446
2427,2460
2455,2467
2460,2467
2467,2460
2459,2443
2462,2418
2442,2386
2428,2356
2402,2308
2370,2268
2322,2217
2281,2159
2225,2089
2163,2014
2099,1947
2026,1866
1962,1805
1883,1738
1823,1683
1762,1636
1710,1609
1671,1580
1637,1561
1621,1563
1615,1578
1618,1603
1635,1649
1669,1708
1709,1787
1754,1863
1825,1942
1899,2047
1960,2110
2034,2185
2114,2241
2182,2302
2242,2345
2292,2381
2348,2416
2378,2437
2417,2456
2437,2477
2458,2472
2467,2468
2468,2459
2465,2437
2455,2411
2438,2376
2416,2337
2388,2296
2351,2247
2311,2197
2256,2132
2194,2061
2127,1983
2057,1907
1985,1839
1917,1772
1846,1710
1782,1659
1729,1620
1681,1585
1648,1570
1621,1557
1613,1565
1612,1596
1613,1621
1641,1677
1671,1743
1723,1815
1791,1911
1858,1992
1934,2069
2005,2144
2075,2204
2144,2264
2207,2317
2265,2354
2316,2402
2363,2426
2398,2448
2427,2463
2444,2469
2457,2464
2464,2463
2462,2439
2456,2416
2447,2385
2422,2347
2403,2309
2364,2262
2329,2214
2276,2155
2225,2085
2159,2013
2090,1940
2021,1862
1952,1800
1874,1728
1813,1672
1758,1630
1707,1600
1663,1568
1630,1556
1618,1562
1610,1566
1607,1601
1624,1646
1660,1705
1700,1776
1748,1855
1817,1941
1889,2024
1962,2099
2031,2168
2107,2227
2170,2285
2240,2342
2289,2375
2334,2408
2379,2424
2405,2447
2439,2456
2456,2465
2462,2454
2463,2446
2459,2420
2452,2395
2442,2364
2413,2322
2382,2283
2347,2236
2305,2184
2249,2116
2188,2045
2128,1973
2060,1897
1987,1825
1917,1761
1851,1705
1790,1649
1733,1606
1706,1596
1653,1556
1627,1553
1614,1557
1610,1584
1627,1612
1652,1677
1678,1742
1735,1816
1789,1901
1858,1989
1933,2075
2003,2139
2075,2207
2149,2264
2210,2315
2266,2359
2319,2397
2366,2426
2404,2449
2428,2460
2452,2466
2465,2467
2467,2453
2467,2441
2455,2418
2447,2389
2426,2352
2403,2310
2365,2266
2328,2219
2281,2157
2227,2092
2165,2017
2096,1940
2029,1867
1951,1798
1889,1739
1823,1688
1763,1638
1712,1597
1672,1572
1637,1563
1622,1566
1611,1584
1619,1605
1637,1653
1666,1712
1705,1781
1761,1870
1827,1956
1898,2036
1967,2113
2048,2174
2114,2245
2177,2294
2242,2345
2297,2387
2348,2417
2384,2443
2418,2463
2440,2468
2453,2477
2466,2467
2472,2454
2465,2433
2453,2408
2438,2377
2414,2333
2386,2293
2351,2248
2307,2195
2253,2128
2193,2053
2129,1980
2057,1909
1989,1847
1914,1770
1849,1721
1772,1654
1726,1620
1678,1589
1642,1569
1617,1558
1616,1563
1617,1583
1625,1645
1639,1678
1689,1760
1731,1825
1791,1900
1859,1990
1932,2073
2003,2149
2080,2204
2146,2270
2212,2318
2269,2362
2316,2399
2364,2424
2398,2448
2431,2461
2443,2471
2462,2469
2460,2454
2462,2439
2453,2417
2436,2383
2422,2348
2395,2306
2367,2261
2323,2215
2278,2153
2218,2084
2157,2009
2086,1932
2019,1863
1947,1796
1876,1731
1816,1676
1753,1623
1701,1597
1664,1566
1629,1553
1615,1559
1611,1568
1617,1606
1627,1644
1661,1706
1695,1767
1757,1848
1823,1950
1895,2043
1961,2101
2036,2169
2113,2234
2185,2286
2235,2337
2295,2370
2340,2410
2381,2437
2409,2443
2438,2456
2449,2462
2461,2457
2463,2440
2454,2420
2454,2394
2428,2363
2412,2322
2377,2281
2348,2237
2302,2180
2246,2117
2190,2045
2125,1971
2057,1896
1989,1830
1915,1760
1853,1704
1790,1650
1734,1612
1686,1573
1652,1565
1621,1557
1614,1564
1612,1581
1623,1622
1650,1678
1688,1746
1735,1822
1786,1899
1863,1989
1931,2070
2008,2144
2084,2213
2148,2265
2217,2318
2275,2360
2322,2398
2368,2426
2404,2451
2434,2465
2447,2470
2459,2466
2466,2458
2471,2441
2462,2417
2443,2389
2427,2350
2399,2310
2368,2268
2325,2219
2287,2159
2220,2086
2165,2015
2096,1939
2027,1875
1955,1805
1892,1744
1822,1684
1759,1632
1710,1608
1668,1572
1640,1561
1624,1563
1616,1578
1619,1608
1639,1651
1669,1719
1713,1795
1761,1864
1833,1953
1899,2042
1967,2116
2041,2180
2114,2248
2187,2299
2238,2342
2300,2389
2344,2416
2388,2449
2421,2473
2447,2473
2458,2471
2464,2469
2467,2451
2465,2435
2455,2406
2439,2370
2415,2332
2382,2290
2348,2238
2302,2192
2246,2120
2195,2060
2136,1987
2060,1897
1975,1822
1909,1767
1845,1709
1784,1661
1725,1614
1679,1590
1645,1566
1621,1557
1607,1564
1614,1601
1618,1628
1634,1671
1674,1738
1732,1823
1789,1914
1854,2000
1929,2078
2006,2145
2071,2203
2143,2263
2208,2323
2267,2359
2317,2397
2360,2424
2395,2444
2426,2460
2445,2469
2457,2466
2465,2457
2457,2436
2454,2412
2439,2381
2424,2349
2400,2305
2364,2260
2323,2213
2274,2153
2218,2080
2154,2012
2093,1938
2015,1856
1939,1788
1883,1737
1815,1677
1754,1632
1697,1584
1665,1561
1631,1554
1610,1551
1605,1564
1606,1595
1628,1649
1663,1702
1703,1778
1773,1858
1825,1947
1897,2030
1963,2106
2043,2171
2110,2236
2184,2284
2245,2336
2300,2383
2341,2411
2381,2429
2409,2448
2434,2461
2454,2466
2459,2457
2467,2444
2455,2420
2447,2395
2426,2361
2408,2322
2378,2281
2343,2229
2298,2179
2243,2124
2184,2045
2128,1971
2053,1895
1979,1827
1916,1760
1855,1705
1791,1654
1730,1609
1687,1580
1652,1559
1629,1564
1616,1555
1612,1582
1625,1623
1650,1677
1683,1740
1733,1816
1793,1904
1867,1992
1932,2073
2007,2141
2080,2209
2147,2268
2216,2320
2278,2360
2324,2399
2366,2425
2408,2450
2429,2462
2453,2472
2460,2476
2471,2458
2466,2439
2460,2421
2448,2388
2426,2348
2400,2311
2363,2269
2338,2227
2275,2157
2222,2087
2163,2020
2101,1946
2023,1875
1959,1800
1887,1740
1820,1685
1758,1641
1708,1606
1669,1577
1638,1561
1614,1565
1615,1578
1621,1611
1631,1659
1663,1710
1704,1784
1762,1869
1825,1959
1902,2041
1975,2128
2050,2189
2112,2240
2182,2299
2249,2349
2296,2389
2348,2426
2387,2449
2422,2469
2441,2472
2454,2476
2471,2471
2468,2453
2464,2434
2454,2407
2439,2374
2414,2332
2388,2289
2347,2240
2301,2190
2249,2122
2185,2053
2124,1979
2055,1915
1983,1829
1907,1770
1846,1705
1779,1658
1710,1612
1684,1593
1645,1564
1616,1556
1610,1562
1603,1587
1613,1617
1643,1683
1676,1746
1726,1818
1786,1906
1862,2002
1928,2076
2005,2148
2077,2208
2142,2269
2214,2320
2267,2363
2323,2401
2369,2424
2402,2450
2427,2460
2444,2464
2458,2462
2462,2453
2469,2438
2455,2410
2441,2388
2419,2344
2397,2302
2360,2261
2319,2207
2271,2156
2219,2081
2159,2009
2089,1936
2014,1862
1947,1791
1876,1722
1815,1671
1753,1629
1706,1594
1666,1565
1632,1553
1604,1551
1604,1580
1609,1595
1629,1649
1658,1706
1702,1773
1758,1854
1820,1938
1893,2031
1968,2101
2040,2167
2109,2223
2181,2287
2242,2344
2295,2377
2345,2408
2379,2427
2417,2452
2434,2461
2449,2460
2456,2453
2463,2440
2455,2424
2447,2391
2432,2363
2410,2325
2380,2281
2343,2232
2306,2181
2247,2115
2188,2042
2124,1971
2054,1895
1983,1822
1919,1761
1849,1706
1788,1640
1736,1612
1689,1572
1656,1567
1627,1557
1615,1564
1622,1591
1622,1622
1651,1679
1685,1743
1733,1818
1794,1904
1864,1993
1936,2072
2011,2148
2082,2211
2150,2267
2217,2322
2272,2364
2325,2397
2369,2430
2411,2450
2430,2465
2451,2472
2462,2466
2464,2456
2467,2440
2456,2415
2448,2390
2426,2352
2396,2307
2368,2267
2331,2223
2283,2162
2226,2094
2156,2013
2089,1934
2022,1872
1956,1810
1886,1739
1817,1679
1757,1648
1705,1608
1677,1580
1641,1568
1621,1564
1609,1572
1614,1606
1639,1658
1667,1713
1709,1789
1758,1863
1827,1959
1898,2041
1979,2117
2044,2184
2121,2247
2186,2301
2247,2346
2300,2386
2349,2423
2389,2445
2418,2463
2446,2474
2458,2478
2467,2467
2469,2452
2464,2433
2452,2406
2437,2369
2412,2332
2385,2294
2354,2255
2305,2190
2248,2124
2191,2048
2123,1976
2055,1910
1982,1825
1908,1765
1840,1705
1779,1649
1726,1604
1669,1572
1641,1568
1617,1564
1607,1565
1612,1597
1626,1636
1645,1686
1679,1750
1720,1820
1791,1911
1858,1999
1933,2074
2002,2147
2082,2214
2148,2269
2209,2319
2270,2366
2319,2398
2367,2429
2399,2447
2427,2459
2442,2466
2460,2462
2462,2454
2465,2437
2455,2412
2441,2381
2422,2343
2397,2302
2364,2259
2324,2213
2278,2149
2217,2076
2151,1999
2086,1937
2010,1854
1941,1791
1878,1736
1811,1673
1753,1628
1705,1593
1660,1569
1630,1550
1614,1554
1610,1576
1621,1601
1622,1646
1664,1698
1686,1776
1768,1870
1826,1955
1899,2039
1963,2100
2037,2171
2109,2230
2179,2294
2246,2340
2287,2375
2339,2402
2384,2431
2414,2448
2437,2457
2453,2462
2458,2457
2465,2444
2457,2422
2442,2396
2430,2360
2406,2316
2379,2283
2343,2230
2303,2180
2248,2115
2191,2043
2130,1970
2053,1895
1988,1822
1916,1756
1849,1709
1791,1655
1734,1606
1689,1577
1655,1562
1629,1559
1613,1563
1618,1586
1628,1625
1651,1681
1681,1746
1738,1822
1800,1911
1866,1995
1932,2073
2011,2147
2082,2211
2156,2271
2219,2327
2280,2366
2325,2398
2366,2433
2406,2448
2437,2465
2451,2472
2462,2471
2477,2463
2467,2440
2463,2420
2446,2388
2433,2353
2400,2313
2373,2271
2332,2219
2281,2155
2225,2093
2159,2008
2094,1944
2022,1879
1952,1796
1886,1736
1818,1682
1759,1635
1709,1603
1667,1575
1637,1538
1622,1564
1616,1584
1618,1611
1634,1653
1669,1717
1712,1789
1769,1875
1829,1959
1904,2055
1974,2114
2045,2184
2119,2249
2179,2303
2242,2347
2302,2386
2348,2426
2389,2448
2420,2465
2441,2473
2458,2475
2469,2467
2467,2454
2466,2434
2459,2404
2438,2368
2415,2331
2381,2288
2358,2252
2303,2184
2252,2131
2196,2050
2114,1967
2046,1900
1976,1831
1907,1765
1831,1700
1775,1656
1713,1612
1673,1581
1644,1571
1622,1561
1602,1562
1613,1593
1614,1625
1644,1680
1678,1749
1731,1828
1790,1906
1862,1999
1934,2074
2010,2149
2080,2207
2151,2272
2215,2324
2273,2363
2320,2399
2361,2425
2401,2451
2425,2463
2448,2467
2451,2459
2463,2456
2460,2436
2454,2414
2441,2379
2425,2340
2393,2300
2361,2253
2319,2202
2275,2147
2213,2077
2158,2006
2082,1925
2017,1847
1945,1785
1869,1722
1810,1678
1756,1626
1703,1587
1661,1560
1626,1550
1614,1555
1612,1565
1618,1604
1632,1650
1659,1711
1698,1781
1763,1863
1822,1949
1897,2034
1973,2107
2040,2172
2115,2239
2180,2287
2244,2338
2299,2371
2349,2409
2379,2431
2421,2456
2436,2458
2451,2463
2461,2460
2466,2442
2455,2423
2448,2397
2434,2360
2412,2328
2380,2278
2338,2218
2302,2184
2249,2111
2189,2047
2122,1970
2053,1894
1999,1835
1903,1749
1846,1705
1782,1651
1728,1608
1682,1582
1648,1562
1624,1557
1612,1565
1614,1586
1625,1629
1649,1679
1685,1751
1739,1823
1798,1909
1868,2003
1940,2081
2012,2152
2090,2214
2156,2271
2223,2323
2277,2364
2332,2401
2374,2431
2411,2452
2432,2465
2459,2476
2467,2471
2471,2459
2470,2449
2457,2414
2448,2390
2434,2353
2404,2310
2368,2260
2323,2212
2278,2152
2227,2082
2154,2013
2092,1932
2019,1866
1951,1801
1874,1734
1816,1685
1756,1632
1698,1601
1673,1581
1636,1566
1613,1566
1622,1592
1619,1617
1636,1656
1670,1715
1714,1790
1765,1876
1832,1961
1907,2051
1973,2120
2055,2190
2123,2247
2190,2305
2251,2347
2303,2388
2350,2422
2397,2447
2424,2462
2444,2476
2465,2472
2469,2466
2475,2450
2463,2433
2457,2409
2436,2369
2411,2330
2379,2300
2349,2246
2301,2188
2237,2112
2184,2049
2107,1981
2058,1908
1980,1830
1901,1751
1847,1705
1770,1652
1721,1610
1683,1590
1646,1561
1622,1554
1604,1568
1613,1586
1616,1627
1646,1682
1676,1751
1730,1823
1792,1911
1860,1996
1933,2081
2009,2151
2082,2212
2142,2272
2213,2315
2271,2365
2322,2400
2365,2425
2404,2451
2425,2456
2447,2468
2464,2466
2461,2452
2464,2437
2449,2411
2441,2373
2413,2339
2392,2294
2362,2256
2320,2208
2271,2145
2218,2078
2152,2001
2090,1934
2015,1857
1942,1777
1875,1724
1805,1671
1749,1626
1703,1591
1664,1569
1631,1557
1614,1556
1604,1573
1613,1601
1627,1647
1659,1710
1706,1781
1763,1867
1833,1951
1893,2036
1968,2116
2043,2181
2116,2236
2183,2292
2242,2340
2293,2378
2337,2411
2380,2435
2414,2450
2438,2464
2451,2463
2460,2453
2463,2443
2460,2419
2447,2396
2434,2363
2408,2321
2377,2278
2345,2233
2297,2181
2245,2114
2181,2046
2117,1967
2051,1896
1982,1826
1911,1761
1846,1706
1784,1650
1727,1608
1688,1581
1650,1562
1627,1557
1613,1562
1615,1588
1625,1625
1652,1682
1688,1748
1737,1821
1801,1914
1865,1997
1939,2074
2010,2149
2090,2214
2160,2272
2223,2321
2278,2368
2323,2401
2373,2430
2403,2450
2437,2467
2448,2469
2467,2470
2468,2455
2461,2434
2460,2418
2442,2379
2424,2351
2405,2314
2361,2262
2335,2223
2277,2155
2220,2078
2161,2009
2096,1935
2031,1867
1949,1797
1883,1741
1822,1678
1757,1633
1703,1603
1676,1581
1640,1559
1619,1568
1618,1587
1617,1605
1633,1658
1663,1722
1710,1795
1764,1875
1829,1966
1905,2049
1978,2121
2049,2190
2121,2249
2190,2303
2248,2352
2301,2383
2343,2422
2390,2442
2421,2465
2448,2470
2457,2469
2468,2466
2466,2451
2463,2432
2461,2404
2434,2374
2413,2331
2383,2289
2345,2242
2305,2192
2245,2113
2189,2058
2120,1973
2058,1910
1973,1827
1898,1757
1836,1698
1781,1650
1727,1613
1684,1584
1640,1558
1620,1558
1609,1565
1609,1590
1620,1625
1642,1681
1681,1748
1731,1824
1791,1914
1858,2000
1933,2083
2008,2150
2080,2215
2150,2270
2209,2323
2273,2362
2318,2391
2366,2427
2403,2448
2431,2464
2445,2468
2460,2465
2467,2454
2466,2436
2448,2405
2440,2381
2425,2343
2391,2295
2363,2256
2321,2210
2266,2144
2219,2078
2151,1998
2093,1928
2011,1857
1949,1794
1870,1716
1809,1668
1751,1618
1701,1590
1664,1564
1628,1549
1612,1558
1611,1568
1611,1595
1631,1649
1669,1707
1699,1780
1754,1858
1837,1943
1898,2033
1973,2112
2052,2178
2115,2239
2183,2291
2245,2336
2301,2379
2348,2412
2386,2432
2418,2450
2440,2465
2454,2466
2461,2457
2463,2441
2459,2423
2444,2398
2433,2365
2408,2323
2373,2276
2343,2240
2312,2196
2249,2116
2184,2043
2120,1971
2049,1891
1983,1818
1913,1763
1846,1697
1784,1649
1731,1609
1686,1582
1650,1564
1627,1557
1615,1567
1612,1588
1624,1627
1649,1687
1683,1750
1742,1828
1797,1914
1870,2000
1937,2080
2018,2151
2085,2217
2158,2273
2217,2321
2281,2368
2326,2406
2378,2434
2410,2456
2430,2463
2455,2475
2469,2472
2469,2458
2466,2445
2452,2416
2449,2390
2431,2351
2399,2304
2375,2269
2324,2216
2280,2158
2219,2083
2152,2007
2094,1935
2015,1863
1950,1790
1878,1738
1816,1684
1758,1642
1713,1605
1665,1584
1643,1563
1617,1566
1612,1590
1623,1614
1641,1655
1668,1723
1706,1798
1764,1875
1832,1963
1905,2049
1977,2128
2052,2191
2120,2253
2185,2299
2253,2355
2301,2389
2348,2423
2393,2448
2419,2459
2443,2472
2460,2472
2466,2466
2467,2452
2459,2429
2450,2403
2442,2365
2412,2326
2383,2288
2344,2230
2298,2179
2244,2116
2181,2044
2121,1972
2049,1900
1975,1817
1902,1755
1842,1703
1771,1646
1723,1609
1679,1579
1643,1562
1616,1556
1607,1565
1610,1594
1620,1631
1648,1691
1681,1749
1732,1828
1789,1910
1866,1999
1936,2079
2007,2149
2082,2219
2152,2270
2219,2328
2270,2363
2326,2401
2363,2429
2402,2452
2431,2461
2443,2459
2458,2462
2465,2455
2464,2436
2448,2407
2433,2371
2424,2346
2388,2300
2363,2252
2323,2203
2277,2151
2208,2076
2143,1997
2085,1922
2011,1852
1943,1788
1865,1720
1806,1664
1746,1629
1700,1584
1654,1558
1630,1555
1613,1560
1603,1562
1612,1598
1634,1653
1665,1721
1702,1774
1763,1863
1833,1955
1891,2029
1969,2103
2052,2184
2116,2239
2181,2294
2242,2337
2302,2386
2348,2414
2380,2434
2413,2454
2440,2468
2462,2471
2458,2458
2464,2451
2458,2423
2449,2398
2442,2361
2407,2320
2386,2276
2341,2235
2299,2180
2242,2116
2192,2042
2124,1969
2050,1895
1981,1817
1906,1757
1850,1700
1786,1649
1730,1608
1684,1578
1647,1562
1625,1558
1612,1557
1617,1591
1625,1633
1652,1692
1690,1754
1739,1828
1802,1912
1867,2002
1944,2085
2012,2153
2088,2217
2154,2272
2225,2327
2277,2368
2327,2398
2372,2431
2406,2452
2439,2472
2458,2474
2461,2469
2465,2458
2465,2440
2460,2417
2442,2387
2424,2349
2397,2309
2361,2267
2325,2212
2282,2154
2225,2087
2151,2007
2084,1941
2025,1868
1940,1801
1875,1733
1808,1684
1748,1636
1706,1598
1666,1581
1634,1568
1620,1559
1612,1582
1611,1602
1632,1663
1670,1725
1710,1793
1766,1878
1837,1968
1901,2047
1977,2122
2053,2191
2125,2254
2190,2305
2249,2350
2305,2386
2346,2423
2391,2443
2427,2468
2444,2479
2453,2472
2471,2473
2473,2462
2445,2421
2453,2398
2436,2366
2410,2329
2376,2279
2339,2238
2294,2167
2252,2124
2178,2041
2127,1966
2040,1887
1978,1821
1906,1767
1836,1702
1776,1653
1722,1610
1677,1581
1642,1562
1618,1556
1599,1565
1606,1588
1617,1632
1644,1686
1682,1752
1734,1827
1800,1914
1861,2002
1942,2080
2010,2150
2088,2215
2151,2270
2215,2323
2272,2362
2326,2401
2364,2429
2410,2451
2429,2459
2450,2465
2456,2457
2461,2450
2452,2431
2455,2405
2443,2383
2422,2345
2393,2299
2365,2256
2324,2212
2276,2139
2210,2072
2155,2000
2088,1930
2013,1853
1957,1793
1874,1730
1809,1669
1747,1629
1708,1592
1661,1566
1636,1561
1615,1552
1606,1572
1616,1606
1635,1649
1666,1711
1707,1784
1766,1864
1829,1953
1903,2039
1974,2114
2048,2182
2108,2243
2187,2298
2245,2343
2298,2379
2345,2412
2388,2436
2415,2459
2441,2460
2451,2465
2463,2456
2462,2442
2458,2413
2446,2393
2430,2361
2404,2320
2381,2283
2337,2234
2297,2177
2244,2112
2185,2044
2117,1969
2049,1900
1975,1824
1907,1756
1841,1699
1781,1648
1724,1603
1682,1582
1651,1562
1628,1558
1616,1566
1610,1589
1624,1629
1653,1681
1692,1757
1748,1833
1803,1919
1871,2001
1941,2087
2018,2154
2089,2215
2161,2277
2221,2324
2281,2367
2329,2404
2379,2439
2407,2455
2430,2459
2460,2479
2457,2471
2462,2462
2467,2437
2459,2423
2441,2390
2427,2346
2399,2302
2365,2263
2326,2217
2274,2151
2217,2085
2160,2012
2087,1939
2014,1861
1941,1795
1885,1735
1809,1688
1760,1633
1701,1603
1666,1575
1634,1563
1623,1572
1615,1591
1616,1612
1629,1663
1667,1723
1701,1791
1769,1875
1837,1968
1906,2048
1983,2128
2055,2203
2126,2254
2184,2300
2247,2349
2301,2389
2351,2418
2386,2441
2412,2436
2446,2480
2457,2470
2462,2465
2465,2448
2453,2414
2459,2393
2441,2373
2408,2325
2378,2289
2347,2235
2301,2188
2245,2118
2181,2043
2115,1962
2046,1891
1977,1822
1909,1757
1838,1696
1775,1650
1724,1606
1673,1577
1641,1559
1614,1557
1608,1569
1606,1589
1620,1628
1649,1684
1682,1755
1735,1833
1791,1914
1865,2003
1931,2082
2013,2154
2077,2213
2153,2276
2215,2321
2275,2366
2321,2409
2370,2428
2399,2447
2441,2464
2442,2469
2453,2459
2460,2447
2461,2432
2450,2409
2436,2373
2426,2344
2384,2293
2366,2260
2320,2196
2268,2137
2211,2079
2144,1990
2075,1919
2006,1846
1932,1786
1869,1723
1804,1671
1740,1619
1703,1587
1659,1562
1634,1550
1611,1552
1604,1568
1610,1606
1635,1653
1665,1716
1706,1783
1761,1867
1832,1955
1903,2035
1982,2116
2050,2183
2122,2243
2185,2297
2249,2340
2299,2371
2350,2417
2386,2441
2420,2448
2439,2458
2456,2468
2461,2447
2467,2447
2450,2423
2449,2394
2430,2356
2414,2325
2375,2277
2339,2232
2294,2170
2241,2114
2183,2042
2113,1969
2047,1891
1969,1823
1903,1757
1840,1698
1779,1651
1728,1610
1679,1582
1652,1565
1625,1558
1614,1569
1620,1592
1626,1635
1656,1691
1690,1755
1740,1833
1804,1915
1876,2006
1942,2085
2017,2155
2087,2219
2156,2286
2214,2320
2287,2374
2321,2398
2368,2434
2407,2449
2425,2464
2451,2472
2465,2473
2471,2462
2468,2448
2458,2416
2448,2385
2427,2346
2394,2308
2362,2261
2326,2216
2275,2159
2224,2077
2153,2010
2083,1933
2017,1855
1954,1796
1885,1739
1813,1681
1752,1640
1703,1600
1669,1570
1630,1563
1621,1570
1613,1584
1622,1614
1635,1664
1670,1727
1712,1798
1769,1881
1834,1970
1904,2044
1977,2124
2053,2189
2124,2250
2191,2304
2243,2345
2306,2388
2352,2422
2385,2437
2417,2457
2447,2470
2462,2477
2468,2476
2463,2450
2450,2422
2451,2404
2431,2362
2405,2322
2382,2282
2338,2231
2304,2183
2240,2112
2182,2039
2115,1965
2038,1887
1975,1824
1906,1753
1837,1698
1772,1649
1720,1608
1674,1579
1639,1562
1622,1560
1603,1564
1614,1584
1620,1631
1647,1679
1682,1753
1733,1827
1794,1918
1867,1997
1941,2083
2012,2147
2090,2216
2150,2269
2219,2321
2276,2367
2326,2401
2371,2431
2395,2441
2433,2468
2450,2472
2460,2460
2468,2454
2462,2434
2447,2400
2442,2372
2420,2337
2397,2294
2362,2254
2312,2203
2261,2142
2212,2068
2144,1994
2081,1913
2009,1852
1950,1791
1871,1720
1798,1657
1744,1617
1696,1596
1664,1565
1631,1555
1613,1556
1609,1572
1618,1604
1635,1656
1666,1722
1711,1787
1767,1873
1834,1956
1903,2043
1971,2115
2053,2186
2122,2249
2180,2295
2248,2346
2302,2384
2347,2415
2384,2435
2416,2454
2439,2470
2452,2470
2463,2461
2464,2450
2459,2423
2449,2396
2432,2365
2410,2323
2376,2277
2343,2233
2299,2179
2242,2114
2180,2039
2114,1964
2046,1890
1979,1819
1912,1759
1837,1700
1783,1651
1726,1610
1686,1571
1645,1561
1627,1561
1615,1567
1618,1597
1630,1636
1655,1686
1695,1760
1742,1833
1803,1916
1867,2009
1944,2089
2017,2156
2091,2220
2162,2279
2217,2318
2280,2376
2325,2405
2370,2427
2408,2457
2434,2468
2455,2462
2458,2472
2467,2461
2466,2445
2456,2417
2443,2386
2426,2354
2395,2300
2366,2270
2330,2217
2268,2153
2217,2080
2148,2011
2085,1935
2008,1855
1947,1795
1880,1729
1800,1678
1747,1630
1696,1604
1662,1573
1626,1570
1614,1568
1611,1584
1615,1615
1633,1660
1667,1722
1714,1801
1773,1887
1833,1967
1899,2044
1981,2119
2055,2187
2120,2247
2192,2304
2252,2355
2314,2388
2353,2415
2383,2439
2418,2457
2443,2466
2468,2483
2479,2474
2468,2446
2463,2429
2448,2399
2431,2362
2412,2330
2372,2278
2340,2230
2298,2179
2242,2114
2183,2038
2112,1966
2043,1887
1969,1820
1903,1751
1827,1703
1775,1648
1716,1612
1673,1578
1640,1563
1613,1557
1608,1568
1601,1590
1626,1629
1644,1689
1688,1754
1738,1830
1801,1917
1863,2005
1939,2089
2011,2154
2089,2219
2146,2270
2217,2323
2270,2364
2324,2395
2366,2431
2399,2446
2428,2450
2448,2460
2456,2461
2460,2452
2464,2426
2443,2413
2446,2374
2417,2342
2396,2295
2354,2247
2319,2203
2260,2136
2219,2060
2135,1983
2083,1922
2016,1850
1945,1786
1874,1719
1805,1665
1754,1627
1695,1581
1661,1559
1621,1550
1615,1554
1609,1574
1618,1606
1636,1657
1665,1715
1709,1790
1769,1868
1831,1955
1903,2041
1980,2113
2050,2195
2122,2237
2187,2296
2246,2345
2299,2379
2349,2418
2388,2438
2418,2464
2440,2469
2454,2468
2463,2461
2463,2445
2457,2423
2448,2397
2433,2367
2411,2329
2370,2278
2346,2237
2297,2182
2244,2112
2186,2039
2115,1964
2044,1893
1981,1820
1909,1757
1844,1700
1780,1646
1730,1611
1681,1579
1648,1560
1623,1556
1619,1569
1618,1595
1634,1632
1651,1687
1688,1754
1742,1839
1805,1921
1887,2014
1945,2089
2021,2161
2096,2228
2160,2275
2222,2319
2275,2363
2330,2414
2375,2433
2408,2458
2432,2464
2456,2478
2457,2469
2472,2462
2463,2437
2461,2419
2442,2388
2430,2349
2396,2304
2366,2265
2321,2216
2275,2155
2215,2086
2161,2007
2082,1936
2015,1859
1943,1799
1873,1727
1809,1682
1749,1631
1698,1597
1656,1571
1629,1565
1615,1565
1608,1583
1613,1615
1637,1665
1667,1724
1714,1796
1773,1881
1833,1953
1901,2046
1982,2123
2054,2192
2133,2261
2184,2304
2263,2361
2298,2387
2346,2414
2391,2441
2424,2457
2448,2472
2453,2461
2458,2450
2467,2445
2466,2434
2447,2391
2430,2359
2404,2313
2372,2275
2341,2234
2297,2177
2242,2109
2182,2038
2118,1964
2041,1890
1974,1819
1906,1754
1841,1699
1771,1641
1719,1604
1673,1576
1641,1561
1620,1552
1607,1564
1605,1594
1626,1629
1652,1688
1680,1754
1739,1834
1796,1915
1870,1994
1946,2084
2018,2152
2093,2225
2148,2272
2220,2323
2278,2367
2330,2403
2363,2431
2404,2447
2426,2459
2448,2464
2456,2462
2461,2451
2457,2432
2447,2405
2439,2367
2416,2335
2390,2302
2357,2251
2321,2206
2269,2139
2213,2069
2149,1994
2084,1931
2010,1851
1942,1785
1872,1722
1806,1660
1749,1621
1696,1585
1657,1563
1630,1553
1615,1552
1605,1572
1617,1605
1636,1652
1671,1715
1712,1789
1768,1873
1835,1960
1904,2044
1977,2120
2054,2187
2123,2246
2190,2307
2247,2346
2302,2383
2350,2418
2386,2432
2419,2455
2440,2468
2456,2472
2463,2461
2466,2446
2459,2427
2446,2391
2436,2362
2412,2325
2380,2279
2339,2232
2299,2177
2246,2113
2183,2037
2126,1963
2046,1889
1983,1823
1906,1756
1841,1699
1774,1648
1728,1610
1683,1581
1649,1566
1629,1562
1610,1565
1616,1597
1627,1635
1656,1691
1694,1759
1748,1840
1801,1918
1872,2006
1946,2086
2016,2153
2093,2224
2164,2281
2224,2327
2283,2377
2334,2404
2368,2435
2410,2453
2431,2469
2448,2471
2463,2474
2468,2459
2471,2442
2449,2418
2444,2385
2426,2348
2391,2311
2368,2264
2326,2220
2272,2153
2214,2076
2151,2007
2082,1929
2012,1860
1939,1795
1870,1731
1809,1680
1748,1632
1696,1598
1655,1577
1629,1566
1612,1565
1609,1580
1616,1612
1632,1664
1666,1727
1713,1797
1767,1878
1835,1968
1902,2037
1993,2135
2049,2177
2128,2251
2191,2304
2253,2348
2305,2388
2350,2421
2387,2437
2424,2456
2444,2476
2455,2468
2466,2468
2468,2444
2463,2430
2452,2396
2434,2360
2413,2324
2373,2276
2342,2232
2294,2173
2248,2112
2176,2034
2114,1960
2039,1887
1973,1818
1903,1754
1836,1694
1782,1647
1717,1605
1677,1580
1639,1557
1619,1554
1608,1562
1609,1590
1620,1630
1650,1684
1686,1747
1735,1834
1799,1914
1873,2005
1944,2089
2015,2150
2089,2210
2155,2270
2221,2327
2281,2376
2325,2404
2365,2426
2406,2465
2427,2451
2437,2460
2463,2468
2471,2458
2455,2430
2450,2405
2442,2372
2427,2340
2394,2301
2356,2249
2315,2199
2270,2135
2211,2064
2143,1999
2079,1929
2010,1847
1938,1777
1868,1717
1807,1667
1750,1622
1703,1587
1663,1565
1635,1554
1616,1555
1608,1563
1619,1608
1633,1653
1670,1717
1711,1794
1769,1871
1843,1963
1904,2045
1979,2124
2054,2184
2125,2246
2188,2298
2249,2348
2302,2388
2352,2422
2383,2441
2420,2460
2443,2471
2458,2471
2462,2462
2464,2449
2461,2424
2448,2394
2433,2364
2408,2320
2376,2278
2335,2229
2295,2178
2242,2111
2184,2036
2114,1965
2050,1894
1973,1820
1907,1757
1840,1698
1780,1650
1721,1610
1686,1583
1648,1561
1625,1562
1615,1572
1618,1595
1630,1634
1660,1692
1687,1751
1744,1838
1804,1921
1872,2012
1942,2087
2018,2162
2096,2224
2154,2283
2225,2331
2284,2374
2325,2410
2374,2435
2408,2455
2438,2467
2452,2474
2459,2464
2466,2456
2469,2444
2456,2419
2445,2406
2425,2347
2397,2314
2355,2264
2326,2208
2276,2150
2212,2087
2144,2010
2082,1933
2010,1858
1942,1790
1870,1732
1806,1679
1745,1632
1697,1596
1657,1573
1634,1566
1611,1558
1604,1580
1622,1623
1642,1670
1663,1721
1711,1805
1765,1879
1835,1971
1905,2052
1978,2125
2056,2201
2125,2253
2191,2301
2255,2357
2309,2392
2349,2417
2388,2445
2419,2458
2440,2473
2461,2470
2466,2465
2467,2450
2454,2425
2453,2398
2431,2362
2409,2323
2378,2282
2338,2230
2296,2176
2236,2106
2178,2040
2106,1959
2041,1884
1968,1815
1900,1748
1832,1695
1773,1645
1720,1607
1674,1577
1643,1559
1618,1555
1612,1564
1607,1589
1623,1634
1645,1686
1685,1752
1730,1828
1795,1919
1867,2005
1947,2080
2014,2154
2083,2215
2158,2274
2220,2319
2274,2361
2328,2401
2368,2433
2407,2441
2434,2464
2444,2462
2467,2467
2462,2447
2461,2428
2450,2401
2435,2364
2423,2339
2389,2299
2360,2246
2312,2203
2267,2133
2210,2065
2146,1995
2076,1919
2009,1855
1935,1780
1869,1719
1801,1662
1746,1618
1700,1587
1658,1558
1628,1547
1598,1555
1612,1571
1616,1608
1637,1665
1668,1719
1707,1787
1767,1876
1837,1965
1903,2045
1982,2131
2054,2185
2125,2248
2190,2304
2253,2350
2304,2384
2354,2421
2391,2444
2422,2455
2440,2469
2459,2469
2461,2449
2464,2452
2458,2424
2446,2397
2430,2362
2412,2321
2369,2283
2339,2233
2302,2179
2241,2110
2180,2039
2109,1963
2041,1886
1972,1823
1895,1754
1837,1699
1772,1649
1722,1613
1676,1583
1647,1567
1618,1556
1610,1567
1614,1595
1633,1641
1656,1699
1686,1755
1747,1840
1809,1929
1871,1999
1946,2092
2015,2157
2088,2231
2161,2280
2231,2345
2280,2373
2327,2411
2373,2439
2409,2453
2437,2465
2454,2478
2453,2478
2473,2458
2466,2449
2453,2415
2448,2392
2423,2345
2397,2306
2361,2260
2320,2215
2262,2144
2208,2080
2145,2000
2082,1929
2003,1858
1935,1790
1869,1730
1804,1673
1746,1635
1690,1595
1653,1571
1626,1560
1610,1565
1606,1582
1614,1616
1636,1664
1666,1731
1712,1798
1765,1884
1836,1978
1905,2055
1980,2129
2063,2190
2127,2249
2186,2300
2250,2346
2301,2388
2352,2422
2379,2449
2424,2459
2441,2474
2437,2462
2459,2458
2470,2451
2458,2441
2448,2399
2431,2361
2404,2320
2374,2277
2340,2230
2291,2176
2240,2108
2174,2035
2114,1960
2034,1881
1972,1812
1896,1746
1833,1691
1763,1640
1718,1605
1676,1578
1643,1560
1617,1557
1608,1571
1610,1592
1618,1627
1651,1686
1701,1760
1743,1838
1801,1919
1872,2003
1951,2085
2014,2155
2088,2214
2160,2272
2221,2314
2280,2376
2333,2402
2369,2429
2410,2450
2426,2461
2452,2464
2456,2466
2462,2445
2455,2433
2456,2398
2440,2378
2421,2332
2395,2289
2366,2247
2319,2203
2269,2135
2210,2064
2148,1991
2077,1919
2009,1844
1935,1780
1870,1715
1808,1665
1751,1620
1701,1588
1660,1565
1637,1553
1616,1549
1611,1574
1622,1609
1628,1645
1674,1722
1720,1797
1772,1877
1840,1964
1910,2050
1983,2122
2057,2187
2127,2247
2195,2305
2251,2345
2307,2386
2359,2423
2391,2442
2419,2455
2446,2469
2457,2468
2464,2460
2463,2447
2457,2426
2443,2401
2434,2362
2408,2324
2377,2275
2343,2237
2293,2179
2247,2113
2176,2038
2116,1960
2043,1890
1977,1817
1903,1754
1840,1696
1782,1646
1726,1609
1684,1581
1646,1563
1630,1568
1612,1568
1613,1594
1625,1637
1656,1694
1688,1760
1741,1846
1803,1934
1873,2010
1944,2098
2021,2166
2093,2229
2159,2277
2227,2324
2289,2379
2331,2408
2372,2439
2410,2461
2428,2473
2455,2472
2456,2472
2467,2458
2466,2434
2457,2419
2445,2387
2428,2343
2396,2308
2359,2256
2320,2212
2273,2150
2210,2078
2149,2005
2076,1927
2007,1856
1936,1791
1866,1729
1802,1674
1742,1630
1696,1593
1653,1574
1627,1562
1615,1568
1605,1583
1617,1613
1636,1662
1666,1725
1719,1806
1772,1885
1837,1968
1906,2042
1989,2134
2058,2190
2127,2253
2201,2314
2250,2350
2304,2387
2354,2425
2386,2440
2416,2453
2443,2472
2455,2466
2466,2460
2464,2449
2456,2424
2445,2395
2426,2360
2410,2321
2368,2272
2341,2227
2288,2172
2240,2106
2176,2034
2107,1955
2041,1887
1965,1813
1899,1751
1829,1691
1775,1642
1713,1600
1667,1572
1636,1553
1615,1551
1610,1567
1608,1588
1620,1635
1645,1683
1685,1754
1738,1831
1800,1921
1867,2012
1950,2091
2026,2165
2100,2227
2161,2273
2217,2324
2282,2361
2327,2395
2366,2420
2398,2440
2433,2458
2445,2461
2459,2459
2458,2441
2455,2425
2467,2411
2435,2374
2413,2329
2391,2296
2355,2247
2320,2200
2267,2139
2208,2068
2152,1989
2073,1915
2007,1849
1934,1780
1869,1719
1800,1663
1754,1625
1699,1585
1665,1572
1631,1553
1615,1558
1627,1575
1619,1609
1640,1658
1670,1726
1726,1806
1775,1875
1841,1968
1919,2052
1987,2127
2064,2190
2129,2248
2194,2299
2255,2346
2310,2391
2357,2420
2393,2438
2421,2463
2442,2470
2461,2467
2468,2457
2468,2447
2459,2418
2450,2392
2428,2357
2407,2319
2378,2279
2342,2231
2298,2176
2235,2111
2181,2038
2108,1963
2042,1890
1974,1815
1908,1757
1837,1700
1776,1651
1722,1611
1676,1579
1642,1568
1621,1560
1612,1567
1619,1601
1623,1636
1654,1694
1690,1754
1741,1839
1810,1927
1879,2019
1954,2097
2013,2162
2094,2237
2161,2286
2227,2329
2275,2370
2328,2406
2371,2433
2406,2456
2425,2471
2453,2473
2460,2471
2465,2461
2466,2447
2457,2414
2441,2381
2423,2345
2395,2304
2361,2263
2319,2212
2268,2149
2216,2059
2150,2009
2082,1927
2012,1865
1941,1791
1869,1724
1805,1666
1736,1623
1691,1595
1664,1575
1637,1574
1608,1557
1610,1584
1616,1621
1633,1664
1675,1740
1707,1805
1770,1880
1839,1972
1902,2049
1984,2135
2063,2197
2136,2259
2193,2307
2248,2349
2305,2388
2352,2417
2389,2445
2422,2459
2437,2468
2454,2468
2464,2461
2466,2447
2458,2425
2446,2394
2434,2360
2406,2316
2357,2277
2332,2227
2297,2173
2237,2104
2171,2029
2112,1956
2037,1882
1966,1816
1897,1749
1821,1689
1768,1640
1717,1605
1673,1572
1640,1555
1615,1547
1602,1561
1615,1592
1620,1624
1650,1682
1689,1753
1738,1832
1801,1919
1872,1993
1949,2083
2019,2152
2092,2216
2150,2266
2223,2322
2278,2369
2326,2406
2370,2430
2407,2449
2426,2460
2446,2459
2456,2459
2463,2452
2473,2429
2453,2405
2440,2374
2418,2336
2388,2295
2360,2248
2316,2197
2268,2136
2208,2066
2145,1991
2079,1921
2003,1846
1938,1781
1870,1715
1804,1661
1747,1620
1700,1586
1659,1565
1631,1554
1620,1562
1608,1580
1618,1616
1641,1664
1666,1721
1714,1822
1768,1879
1843,1972
1910,2049
1987,2127
2062,2193
2127,2247
2194,2303
2259,2351
2309,2389
2356,2417
2395,2442
2428,2458
2444,2466
2460,2469
2466,2466
2463,2442
2462,2425
2444,2390
2436,2359
2410,2321
2381,2276
2338,2230
2294,2177
2240,2114
2178,2035
2113,1961
2039,1887
1974,1821
1902,1749
1838,1702
1775,1647
1722,1610
1680,1586
1647,1562
1623,1553
1612,1570
1613,1602
1629,1642
1652,1698
1697,1766
1748,1845
1809,1932
1878,2015
1958,2098
2029,2162
2105,2233
2162,2283
2228,2329
2292,2376
2336,2411
2377,2443
2412,2454
2438,2474
2454,2477
2459,2475
2469,2461
2467,2445
2455,2412
2446,2384
2421,2346
2396,2306
2357,2259
2316,2211
2263,2141
2204,2075
2144,2000
2078,1922
2004,1860
1927,1785
1865,1723
1799,1676
1743,1627
1699,1610
1659,1580
1624,1564
1611,1567
1608,1587
1613,1620
1634,1659
1671,1729
1728,1811
1766,1881
1845,1974
1914,2057
1984,2136
2050,2196
2126,2251
2189,2304
2248,2350
2305,2393
2344,2420
2390,2447
2423,2455
2443,2471
2456,2465
2463,2463
2461,2441
2456,2421
2444,2391
2430,2357
2408,2318
2373,2274
2338,2227
2287,2168
2238,2100
2169,2030
2110,1954
2034,1882
1968,1815
1895,1751
1833,1688
1770,1636
1716,1602
1669,1571
1635,1552
1615,1552
1608,1561
1608,1582
1616,1629
1656,1690
1691,1762
1742,1833
1809,1928
1875,2010
1949,2088
2018,2151
2090,2216
2160,2275
2228,2330
2283,2357
2333,2404
2375,2432
2409,2458
2440,2461
2449,2462
2459,2459
2463,2450
2463,2423
2451,2400
2436,2371
2419,2328
2386,2298
2351,2248
2308,2197
2262,2135
2205,2066
2144,1990
2075,1919
2002,1845
1938,1782
1870,1717
1806,1665
1754,1639
1697,1594
1665,1573
1631,1554
1613,1558
1612,1579
1618,1613
1637,1663
1674,1726
1718,1799
1773,1875
1840,1971
1914,2052
1987,2125
2062,2190
2129,2249
2198,2305
2254,2352
2306,2388
2351,2420
2404,2444
2419,2461
2449,2470
2456,2470
2466,2464
2467,2451
2459,2423
2452,2399
2423,2359
2413,2317
2377,2273
2344,2233
2290,2171
2239,2108
2176,2035
2114,1959
2042,1884
1981,1817
1897,1756
1838,1695
1771,1650
1721,1616
1682,1585
1658,1566
1623,1575
1618,1577
1619,1596
1630,1647
1658,1693
1699,1767
1745,1841
1813,1933
1881,2026
1945,2097
2020,2165
2097,2229
2163,2285
2231,2340
2279,2374
2332,2413
2379,2432
2407,2446
2435,2468
2463,2477
2463,2470
2466,2457
2466,2438
2459,2415
2438,2386
2422,2346
2393,2306
2359,2261
2322,2215
2264,2148
2210,2077
2144,2000
2075,1926
1999,1852
1931,1785
1866,1725
1809,1681
1745,1627
1692,1594
1651,1563
1629,1559
1608,1564
1603,1569
1611,1621
1639,1668
1665,1723
1712,1803
1772,1884
1838,1973
1889,2050
1983,2128
2056,2195
2132,2256
2194,2298
2252,2354
2305,2392
2350,2422
2390,2444
2419,2463
2441,2469
2459,2469
2462,2461
2463,2446
2453,2421
2446,2392
2422,2360
2403,2316
2373,2277
2336,2229
2290,2169
2237,2102
2174,2033
2102,1954
2030,1878
1971,1815
1894,1747
1839,1695
1764,1635
1714,1604
1670,1572
1634,1554
1618,1560
1605,1569
1608,1580
1626,1625
1646,1685
1695,1758
1739,1830
1806,1926
1865,2002
1950,2084
2015,2152
2100,2227
2166,2280
2224,2320
2274,2363
2325,2405
2371,2430
2404,2441
2432,2459
2446,2462
2455,2459
2467,2442
2459,2427
2452,2405
2436,2370
2417,2331
2389,2294
2355,2247
2317,2198
2265,2139
2205,2064
2139,1991
2072,1915
2008,1848
1941,1782
1874,1723
1796,1655
1749,1622
1702,1584
1666,1567
1638,1557
1611,1550
1614,1578
1624,1609
1636,1664
1678,1723
1718,1797
1773,1875
1842,1964
1921,2054
1987,2129
2052,2192
2130,2255
2204,2305
2257,2349
2310,2390
2360,2419
2393,2442
2428,2462
2442,2466
2460,2471
2463,2469
2467,2447
2457,2427
2451,2399
2434,2365
2409,2324
2379,2283
2333,2234
2295,2177
2239,2107
2179,2041
2115,1966
2041,1889
1970,1814
1899,1749
1841,1700
1779,1653
1728,1614
1680,1573
1647,1562
1629,1559
1610,1576
1610,1602
1626,1648
1655,1691
1691,1764
1740,1833
1810,1930
1878,2011
1956,2105
2021,2159
2092,2233
2167,2280
2229,2336
2290,2375
2328,2404
2373,2437
2412,2457
2437,2478
2454,2480
2465,2469
2466,2461
2464,2437
2462,2414
2441,2384
2427,2348
2389,2304
2360,2258
2320,2208
2266,2144
2209,2076
2143,1998
2076,1925
2009,1857
1934,1786
1861,1726
1797,1673
1739,1626
1697,1606
1647,1570
1621,1559
1614,1567
1605,1581
1610,1612
1623,1657
1659,1723
1715,1798
1774,1886
1840,1967
1912,2055
1981,2131
2059,2194
2127,2253
2191,2306
2255,2351
2301,2385
2352,2419
2388,2446
2421,2460
2440,2466
2455,2467
2463,2461
2462,2442
2464,2421
2444,2389
2431,2358
2399,2317
2373,2273
2337,2225
2287,2169
2234,2100
2170,2027
2106,1955
2038,1882
1967,1811
1895,1746
1825,1691
1770,1637
1720,1604
1669,1576
1638,1561
1614,1548
1613,1564
1608,1588
1620,1634
1650,1689
1687,1755
1737,1837
1800,1908
1871,2010
1943,2092
2013,2156
2093,2222
2160,2282
2228,2322
2276,2363
2332,2409
2368,2428
2409,2447
2428,2456
2452,2463
2460,2459
2459,2446
2459,2428
2455,2406
2434,2373
2418,2334
2387,2296
2353,2247
2314,2197
2263,2132
2206,2063
2145,1989
2072,1912
2007,1843
1935,1776
1867,1717
1797,1657
1747,1621
1700,1588
1662,1561
1629,1557
1619,1572
1612,1581
1622,1611
1641,1661
1675,1716
1723,1797
1775,1880
1845,1967
1940,2057
1989,2123
2067,2192
2130,2253
2200,2307
2265,2352
2311,2390
2360,2426
2397,2442
2421,2463
2448,2473
2460,2467
2469,2465
2466,2450
2468,2426
2445,2397
2431,2359
2407,2322
2379,2279
2338,2231
2293,2179
2234,2108
2178,2041
2115,1949
2032,1886
1973,1821
1900,1753
1840,1679
1770,1642
1723,1616
1681,1589
1643,1568
1625,1559
1608,1563
1614,1596
1629,1646
1650,1697
1695,1771
1752,1850
1813,1940
1886,2024
1956,2112
2030,2168
2097,2236
2162,2284
2228,2336
2285,2377
2341,2417
2381,2438
2411,2455
2434,2471
2456,2478
2464,2468
2468,2460
2462,2434
2456,2414
2442,2389
2419,2342
2387,2300
2355,2257
2313,2208
2261,2144
2204,2073
2139,1993
2073,1915
2003,1856
1921,1783
1851,1715
1788,1660
1734,1626
1690,1584
1651,1569
1626,1574
1610,1565
1608,1591
1611,1610
1637,1668
1661,1725
1716,1806
1773,1895
1847,1977
1910,2058
1983,2130
2059,2195
2129,2253
2194,2307
2254,2351
2311,2390
2351,2417
2397,2443
2415,2458
2445,2465
2450,2465
2462,2461
2463,2443
2456,2421
2442,2391
2423,2355
2403,2315
2367,2268
2337,2224
2288,2167
2235,2098
2169,2023
2107,1947
2037,1880
1965,1802
1888,1738
1827,1690
1763,1645
1709,1593
1669,1569
1641,1554
1618,1553
1613,1569
1608,1588
1625,1633
1646,1681
1689,1758
1749,1838
1809,1927
1874,2009
1945,2084
2024,2154
2087,2213
2160,2276
2231,2334
2282,2369
2328,2398
2377,2433
2406,2448
2431,2460
2452,2463
2456,2453
2464,2445
2457,2429
2452,2405
2439,2368
2415,2333
2390,2292
2353,2249
2321,2207
2266,2134
2206,2064
2146,1990
2074,1914
2002,1843
1933,1773
1868,1721
1807,1668
1753,1630
1697,1585
1668,1565
1637,1556
1613,1558
1615,1573
1625,1615
1640,1664
1674,1724
1721,1801
1779,1881
1846,1966
1917,2052
1994,2140
2073,2194
2130,2248
2199,2307
2253,2348
2314,2393
2355,2422
2400,2444
2425,2461
2447,2469
2465,2469
2461,2460
2468,2449
2460,2421
2447,2398
2428,2366
2413,2320
2375,2276
2342,2233
2291,2171
2243,2110
2169,2031
2109,1961
2049,1882
1969,1811
1906,1758
1836,1694
1776,1647
1721,1616
1688,1583
1643,1576
1616,1566
1612,1580
1616,1606
1634,1647
1659,1698
1701,1767
1743,1848
1810,1940
1878,2029
1958,2101
2025,2169
2104,2229
2165,2285
2229,2335
2286,2379
2339,2415
2376,2439
2408,2456
2436,2470
2453,2472
2464,2471
2466,2459
2461,2436
2453,2413
2444,2383
2422,2347
2388,2301
2350,2250
2305,2194
2258,2134
2198,2065
2148,2006
2071,1921
2006,1847
1919,1771
1863,1729
1791,1665
1741,1625
1697,1597
1652,1565
1625,1561
1611,1566
1609,1578
1616,1611
1638,1662
1670,1725
1711,1794
1772,1882
1840,1975
1913,2054
1981,2128
2058,2193
2129,2252
2198,2306
2257,2350
2307,2389
2353,2421
2388,2442
2422,2461
2440,2464
2452,2465
2455,2454
2466,2444
2458,2417
2443,2391
2429,2354
2407,2315
2370,2268
2332,2225
2289,2168
2231,2096
2172,2028
2102,1951
2038,1879
1963,1810
1889,1738
1830,1688
1766,1641
1711,1593
1674,1572
1634,1552
1615,1550
1605,1571
1612,1600
1624,1631
1647,1691
1691,1755
1740,1837
1805,1923
1877,2012
1945,2089
2020,2153
2090,2213
2160,2276
2231,2325
2281,2368
2328,2399
2375,2430
2408,2449
2433,2460
2447,2463
2456,2453
2473,2448
2463,2427
2452,2404
2440,2373
2421,2336
2390,2294
2356,2247
2314,2201
2271,2137
2208,2064
2154,2007
2073,1913
2005,1844
1934,1777
1858,1712
1806,1670
1743,1616
1700,1587
1659,1568
1631,1554
1619,1567
1615,1580
1623,1617
1645,1664
1677,1726
1720,1800
1785,1883
1847,1972
1921,2060
1993,2128
2065,2197
2133,2255
2201,2302
2262,2356
2312,2389
2357,2424
2396,2446
2428,2460
2441,2468
2460,2467
2466,2457
2465,2441
2460,2426
2449,2397
2434,2361
2416,2328
2381,2282
2341,2226
2301,2176
2241,2105
2176,2032
2112,1956
2044,1890
1969,1818
1901,1750
1841,1693
1769,1645
1714,1610
1675,1583
1646,1562
1627,1567
1614,1574
1616,1603
1634,1641
1650,1698
1705,1779
1748,1853
1806,1941
1878,2017
1956,2105
2023,2166
2102,2243
2164,2286
2228,2334
2287,2375
2331,2415
2373,2440
2408,2459
2435,2476
2468,2471
2463,2470
2471,2464
2458,2431
2460,2416
2437,2377
2409,2339
2380,2291
2356,2257
2312,2206
2260,2140
2205,2071
2140,1994
2072,1922
2000,1853
1927,1782
1857,1710
1789,1655
1735,1616
1688,1580
1657,1571
1629,1555
1599,1555
1608,1585
1612,1615
1636,1664
1673,1733
1713,1800
1771,1883
1844,1976
1912,2056
1981,2132
2056,2194
2130,2250
2193,2305
2258,2351
2306,2398
2351,2422
2392,2444
2419,2455
2435,2466
2453,2464
2467,2457
2460,2442
2457,2417
2443,2388
2431,2357
2403,2314
2376,2268
2333,2219
2291,2170
2236,2098
2169,2019
2104,1946
2035,1875
1959,1811
1893,1741
1829,1688
1757,1635
1713,1604
1673,1571
1636,1549
1613,1552
1608,1564
1610,1597
1623,1634
1651,1690
1693,1755
1744,1832
1809,1929
1880,2011
1947,2095
2021,2157
2095,2216
2161,2274
2227,2329
2282,2365
2329,2400
2371,2429
2407,2448
2430,2461
2446,2462
2459,2456
2463,2445
2454,2427
2457,2400
2438,2359
2416,2333
2384,2294
2355,2250
2315,2198
2262,2136
2205,2064
2143,1993
2071,1918
2006,1846
1934,1775
1864,1720
1802,1665
1746,1621
1693,1583
1658,1560
1630,1552
1619,1563
1608,1580
1624,1615
1646,1669
1678,1731
1723,1801
1778,1886
1848,1978
1917,2055
1993,2130
2064,2195
2138,2256
2201,2308
2262,2354
2316,2394
2359,2425
2397,2445
2419,2459
2447,2473
2459,2472
2467,2462
2464,2446
2462,2426
2448,2400
2428,2358
2413,2324
2378,2279
2339,2229
2304,2176
2237,2107
2172,2035
2107,1960
2040,1893
1972,1820
1894,1754
1835,1694
1769,1648
1721,1614
1675,1579
1641,1565
1625,1560
1613,1578
1617,1597
1631,1640
1651,1694
1696,1771
1748,1847
1815,1935
1880,2021
1955,2102
2031,2168
2103,2233
2168,2292
2227,2338
2288,2375
2336,2415
2380,2441
2411,2454
2435,2470
2453,2474
2459,2467
2465,2457
2458,2430
2454,2413
2436,2366
2422,2343
2375,2295
2354,2251
2314,2202
2265,2141
2203,2074
2146,1995
2079,1920
2005,1858
1919,1778
1864,1720
1796,1663
1739,1629
1694,1596
1657,1575
1629,1560
1617,1566
1608,1583
1615,1615
1638,1667
1664,1731
1715,1802
1769,1887
1840,1976
1916,2060
1980,2130
2058,2196
2125,2255
2199,2309
2249,2354
2307,2389
2353,2417
2389,2442
2417,2457
2438,2469
2455,2466
2462,2458
2458,2445
2459,2423
2446,2384
2426,2355
2397,2308
2366,2261
2331,2219
2285,2165
2227,2100
2171,2031
2084,1943
2033,1876
1962,1797
1899,1737
1825,1684
1765,1640
1708,1600
1681,1575
1634,1549
1619,1554
1604,1562
1608,1591
1627,1640
1650,1683
1694,1771
1741,1838
1806,1929
1880,2008
1951,2082
2023,2160
2097,2219
2167,2276
2230,2327
2284,2368
2329,2406
2374,2428
2407,2451
2432,2454
2441,2465
2458,2461
2465,2451
2459,2429
2447,2404
2441,2371
2414,2332
2396,2300
2358,2248
2314,2195
2263,2136
2213,2067
2144,1987
2071,1918
2002,1842
1935,1781
1870,1721
1802,1661
1746,1622
1697,1589
1661,1560
1629,1555
1615,1558
1616,1583
1624,1613
1644,1663
1667,1725
1721,1804
1788,1883
1848,1975
1925,2064
1990,2127
2073,2197
2132,2255
2198,2308
2259,2353
2313,2395
2360,2426
2389,2447
2430,2466
2442,2471
2461,2471
2464,2458
2467,2446
2461,2430
2453,2398
2430,2355
2410,2319
2373,2274
2341,2237
2287,2176
2238,2111
2173,2042
2110,1957
2039,1886
1964,1814
1899,1752
1837,1692
1781,1654
1721,1613
1676,1580
1642,1569
1622,1561
1614,1568
1616,1601
1626,1646
1663,1705
1692,1764
1751,1846
1810,1936
1879,2021
1952,2104
2027,2177
2099,2230
2164,2289
2231,2334
2287,2376
2337,2415
2380,2439
2412,2457
2439,2467
2453,2471
2462,2472
2468,2459
2461,2439
2454,2416
2438,2380
2420,2340
2386,2297
2350,2253
2316,2200
2256,2131
2209,2076
2140,1993
2071,1919
1999,1849
1927,1783
1854,1733
1795,1668
1743,1623
1692,1597
1654,1580
1625,1559
1609,1564
1603,1580
1617,1617
1632,1669
1668,1733
1713,1806
1774,1885
1838,1975
1913,2056
1980,2134
2061,2198
2130,2255
2192,2307
2252,2353
2306,2391
2352,2423
2388,2443
2419,2458
2436,2469
2452,2465
2463,2455
2464,2445
2443,2409
2442,2390
2429,2355
2403,2314
2368,2266
2332,2226
2289,2165
2232,2102
2170,2032
2093,1945
2025,1874
1959,1805
1890,1738
1821,1681
1761,1632
1717,1604
1674,1577
1637,1554
1612,1553
1613,1571
1608,1591
1627,1637
1646,1690
1687,1754
1741,1840
1809,1922
1879,2010
1950,2091
2022,2159
2093,2218
2160,2276
2225,2328
2280,2366
2332,2405
2372,2430
2406,2446
2432,2462
2448,2467
2457,2458
2462,2446
2459,2427
2453,2409
2441,2374
2415,2336
2389,2291
2368,2248
2317,2204
2262,2135
2207,2062
2141,1991
2075,1915
2002,1847
1930,1777
1864,1716
1807,1666
1746,1618
1700,1584
1660,1565
1631,1559
1617,1562
1608,1578
1623,1614
1638,1662
1677,1728
1724,1803
1781,1885
1854,1978
1919,2055
1992,2135
2066,2198
2140,2257
2199,2313
2259,2356
2315,2395
2363,2424
2397,2448
2426,2465
2444,2479
2459,2475
2465,2467
2472,2458
2454,2418
2444,2399
2431,2356
2408,2313
2382,2278
2332,2236
2286,2168
2242,2108
2176,2041
2114,1963
2039,1887
1973,1816
1901,1752
1832,1710
1771,1656
1717,1612
1679,1586
1645,1565
1612,1557
1612,1576
1616,1609
1629,1654
1655,1705
1694,1771
1746,1845
1815,1938
1882,2024
1954,2102
2023,2169
2100,2235
2166,2287
2232,2336
2287,2378
2337,2419
2380,2441
2415,2459
2437,2465
2448,2469
2471,2476
2465,2453
2463,2442
2454,2409
2442,2379
2418,2336
2390,2304
2354,2253
2317,2201
2263,2146
2200,2067
2140,1991
2065,1915
1999,1852
1928,1781
1858,1717
1794,1666
1739,1630
1690,1593
1649,1566
1618,1558
1613,1566
1603,1580
1614,1618
1637,1666
1670,1729
1718,1804
1774,1890
1847,1980
1912,2056
1990,2130
2057,2197
2133,2257
2197,2307
2258,2352
2308,2390
2352,2419
2392,2445
2419,2456
2446,2468
2452,2467
2461,2449
2460,2436
2456,2418
2440,2386
2431,2353
2405,2317
2371,2266
2332,2219
2282,2166
2226,2100
2164,2018
2094,1945
2035,1876
1965,1809
1897,1741
1829,1688
1763,1632
1715,1603
1674,1552
1636,1560
1617,1554
1606,1566
1613,1591
1623,1628
1648,1692
1683,1754
1743,1842
1805,1929
1879,2010
1945,2094
2022,2160
2094,2222
2159,2275
2224,2331
2283,2369
2329,2404
2369,2427
2403,2449
2429,2462
2450,2471
2457,2459
2458,2451
2460,2421
2450,2404
2437,2370
2415,2334
2385,2294
2352,2246
2313,2197
2260,2130
2202,2067
2141,1988
2068,1911
2010,1844
1930,1774
1862,1717
1806,1665
1746,1617
1698,1582
1657,1571
1632,1560
1617,1561
1616,1584
1623,1615
1644,1669
1673,1727
1723,1804
1777,1884
1863,1978
1922,2064
1997,2137
2067,2196
2137,2254
2204,2309
2260,2360
2315,2397
2358,2427
2399,2451
2427,2462
2439,2467
2459,2471
2470,2465
2465,2443
2464,2430
2449,2397
2430,2356
2411,2324
2379,2275
2339,2237
2294,2179
2234,2106
2169,2033
2113,1958
2038,1905
1973,1821
1900,1756
1833,1696
1769,1653
1731,1615
1679,1587
1650,1563
1616,1563
1612,1573
1611,1598
1626,1648
1653,1702
1694,1777
1751,1851
1814,1938
1881,2028
1957,2102
2025,2170
2097,2232
2170,2290
2238,2340
2280,2371
2334,2409
2378,2440
2413,2456
2437,2467
2453,2472
2471,2476
2466,2458
2460,2435
2453,2412
2437,2377
2419,2341
2397,2304
2355,2253
2304,2192
2253,2129
2202,2069
2143,1996
2067,1914
1995,1840
1930,1785
1858,1718
1791,1666
1736,1627
1690,1589
1657,1564
1623,1555
1605,1560
1607,1582
1612,1615
1636,1665
1674,1734
1718,1804
1776,1885
1840,1975
1914,2061
1982,2133
2060,2199
2127,2253
2198,2308
2252,2348
2307,2393
2355,2420
2388,2443
2416,2452
2449,2464
2452,2458
2458,2453
2464,2443
2453,2421
2443,2386
2422,2353
2401,2309
2368,2264
2333,2220
2281,2153
2229,2097
2174,2027
2100,1955
2026,1867
1969,1804
1890,1737
1833,1686
1763,1630
1714,1593
1676,1568
1643,1559
1613,1563
1611,1568
1609,1590
1623,1633
1652,1691
1696,1765
1743,1840
1806,1924
1878,2015
1950,2090
2020,2156
2094,2222
2163,2261
2227,2329
2282,2369
2332,2402
2364,2422
2413,2458
2430,2458
2453,2475
2458,2467
2461,2449
2460,2432
2453,2409
2434,2373
2427,2338
2389,2293
2355,2248
2309,2192
2263,2136
2204,2059
2138,1993
2069,1917
2001,1845
1930,1777
1865,1717
1803,1660
1742,1616
1698,1589
1659,1570
1636,1560
1616,1563
1608,1579
1625,1612
1641,1670
1677,1735
1727,1806
1785,1885
1847,1978
1921,2058
1990,2130
2068,2203
2136,2255
2208,2311
2261,2357
2316,2381
2365,2423
2398,2443
2434,2466
2452,2481
2458,2465
2463,2465
2466,2436
2461,2437
2452,2390
2430,2363
2410,2321
2370,2283
2344,2223
2291,2180
2233,2095
2173,2020
2109,1959
2037,1881
1970,1816
1894,1761
1829,1688
1770,1647
1721,1608
1677,1585
1644,1570
1622,1567
1613,1573
1617,1602
1624,1647
1657,1703
1699,1772
1749,1854
1814,1936
1881,2021
1956,2101
2024,2169
2099,2231
2168,2285
2234,2339
2288,2381
2338,2411
2379,2439
2408,2455
2437,2465
2441,2481
2461,2457
2468,2452
2456,2432
2469,2415
2431,2365
2420,2338
2388,2297
2354,2250
2310,2200
2256,2130
2204,2065
2139,1994
2066,1917
1989,1839
1921,1774
1851,1713
1793,1665
1735,1622
1690,1585
1651,1567
1624,1554
1608,1566
1605,1579
1618,1614
1638,1663
1674,1729
1717,1804
1775,1891
1841,1977
1914,2059
1988,2133
2061,2198
2134,2257
2195,2307
2253,2352
2304,2386
2356,2423
2385,2438
2419,2449
2440,2474
2456,2466
2464,2457
2450,2436
2457,2423
2443,2389
2423,2342
2403,2301
2368,2258
2327,2221
2288,2158
2234,2093
2165,2013
2098,1944
2026,1865
1961,1807
1882,1738
1835,1682
1762,1633
1706,1589
1670,1571
1638,1556
1615,1560
1612,1562
1610,1595
1627,1634
1651,1693
1693,1764
1746,1846
1809,1925
1879,2018
1955,2095
2026,2161
2097,2222
2166,2277
2230,2333
2287,2370
2329,2403
2374,2432
2406,2451
2443,2460
2452,2468
2463,2465
2468,2453
2462,2437
2454,2406
2437,2375
2417,2336
2389,2292
2352,2249
2311,2199
2260,2134
2202,2062
2133,1988
2072,1919
2001,1845
1929,1775
1858,1711
1801,1661
1746,1618
1690,1588
1662,1567
1623,1557
1617,1561
1609,1581
1625,1618
1644,1671
1675,1729
1726,1806
1781,1891
1853,1983
1923,2062
1993,2139
2064,2200
2140,2261
2202,2307
2261,2357
2310,2399
2356,2421
2401,2452
2430,2459
2452,2478
2457,2471
2458,2457
2468,2444
2458,2427
2449,2401
2427,2353
2409,2322
2372,2278
2335,2227
2291,2173
2236,2106
2172,2035
2097,1955
2038,1888
1972,1819
1895,1755
1831,1693
1758,1644
1713,1608
1676,1592
1641,1562
1622,1568
1612,1575
1612,1604
1632,1644
1662,1705
1701,1773
1750,1848
1816,1940
1888,2021
1969,2101
2035,2175
2103,2227
2173,2293
2234,2328
2281,2372
2341,2411
2376,2432
2414,2449
2436,2469
2453,2471
2461,2467
2465,2454
2463,2438
2453,2416
2436,2373
2415,2357
2396,2300
2356,2253
2310,2202
2256,2137
2199,2064
2135,1988
2068,1912
1996,1847
1925,1775
1861,1713
1791,1662
1739,1622
1686,1587
1651,1568
1627,1558
1609,1565
1607,1584
1615,1616
1640,1681
1666,1728
1719,1806
1766,1889
1845,1978
1916,2063
1985,2133
2060,2198
2135,2257
2194,2305
2270,2355
2305,2395
2353,2417
2392,2445
2422,2454
2442,2465
2457,2461
2466,2458
2465,2445
2452,2413
2443,2384
2426,2348
2403,2318
2366,2261
2330,2219
2289,2162
2229,2089
2163,2018
2101,1942
2033,1875
1955,1802
1891,1745
1831,1687
1766,1627
1715,1597
1671,1567
1638,1546
1610,1545
1616,1567
1613,1596
1622,1634
1655,1692
1693,1766
1748,1842
1814,1931
1880,2005
1954,2096
2025,2163
2096,2224
2165,2284
2226,2329
2282,2369
2331,2407
2376,2435
2411,2453
2431,2465
2453,2466
2461,2461
2463,2447
2464,2434
2453,2402
2440,2379
2417,2336
2387,2294
2353,2247
2314,2199
2266,2137
2203,2061
2136,1986
2071,1918
2000,1841
1929,1777
1863,1717
1796,1663
1746,1623
1694,1587
1658,1569
1640,1562
1613,1561
1612,1587
1623,1619
1648,1672
1675,1733
1726,1809
1781,1892
1847,1981
1925,2061
1995,2141
2068,2202
2140,2261
2208,2314
2255,2354
2310,2399
2356,2424
2400,2455
2425,2457
2448,2473
2455,2475
2464,2477
2475,2455
2457,2418
2454,2400
2435,2370
2409,2320
2370,2278
2336,2225
2291,2169
2237,2106
2177,2034
2098,1964
2037,1883
1964,1815
1899,1751
1840,1700
1764,1647
1716,1613
1669,1583
1642,1567
1619,1564
1607,1573
1616,1603
1630,1648
1659,1708
1696,1774
1751,1852
1812,1939
1883,2025
1955,2104
2026,2169
2102,2231
2158,2275
2235,2337
2291,2377
2336,2410
2379,2437
2406,2457
2433,2469
2443,2463
2461,2458
2466,2460
2460,2430
2453,2402
2440,2383
2416,2334
2388,2297
2357,2255
2304,2189
2252,2132
2196,2063
2140,1987
2062,1912
1991,1838
1929,1777
1855,1711
1794,1663
1731,1614
1689,1590
1652,1564
1627,1560
1611,1559
1608,1582
1618,1613
1639,1666
1674,1731
1718,1802
1778,1889
1845,1973
1917,2057
1992,2139
2069,2197
2131,2249
2201,2309
2255,2355
2307,2381
2355,2424
2398,2446
2423,2457
2444,2466
2457,2459
2458,2448
2464,2433
2458,2429
2437,2386
2431,2345
2400,2314
2368,2269
2332,2226
2285,2167
2226,2102
2166,2015
2101,1943
2032,1872
1961,1809
1889,1739
1829,1684
1764,1632
1715,1603
1671,1570
1638,1556
1617,1551
1609,1565
1613,1592
1629,1635
1656,1698
1696,1767
1747,1835
1812,1937
1882,2018
1954,2095
2025,2161
2097,2227
2164,2282
2227,2332
2290,2374
2330,2408
2375,2431
2420,2466
2429,2458
2443,2465
2462,2464
2466,2449
2461,2432
2450,2402
2433,2372
2418,2331
2385,2289
2348,2251
2314,2198
2263,2136
2202,2067
2139,1991
2070,1919
1999,1842
1933,1775
1858,1714
1806,1665
1740,1620
1695,1586
1663,1571
1630,1558
1617,1568
1615,1585
1625,1620
1645,1669
1681,1738
1723,1807
1789,1896
1853,1981
1922,2064
1997,2138
2072,2204
2138,2264
2201,2318
2272,2359
2313,2396
2364,2426
2402,2447
2420,2458
2450,2475
2464,2474
2469,2460
2469,2452
2459,2428
2447,2397
2427,2352
2409,2325
2373,2280
2336,2229
2292,2170
2244,2105
2179,2044
2114,1955
2040,1889
1965,1809
1898,1751
1835,1692
1772,1647
1717,1610
1671,1582
1640,1566
1622,1565
1611,1574
1611,1601
1629,1644
1660,1704
1696,1777
1751,1853
1813,1941
1880,2022
1956,2101
2033,2177
2102,2239
2171,2293
2238,2347
2286,2377
2337,2415
2384,2437
2413,2456
2443,2476
2455,2468
2463,2464
2464,2445
2464,2438
2455,2407
2442,2375
2417,2337
2393,2302
2352,2248
2310,2196
2256,2132
2199,2060
2129,1986
2065,1912
1997,1845
1921,1775
1854,1712
1790,1662
1740,1618
1685,1583
1651,1563
1621,1553
1610,1559
1607,1580
1618,1618
1617,1666
1672,1728
1714,1804
1778,1887
1842,1973
1915,2049
1991,2134
2064,2196
2136,2257
2203,2311
2257,2354
2315,2399
2354,2416
2394,2428
2423,2456
2442,2464
2455,2455
2461,2450
2472,2446
2458,2418
2444,2384
2430,2347
2394,2312
2369,2258
2334,2221
2284,2163
2227,2090
2167,2013
2101,1947
2025,1868
1959,1802
1889,1735
1829,1682
1755,1628
1711,1596
1671,1571
1639,1557
1617,1554
1606,1565
1613,1598
1627,1638
1654,1701
1692,1765
1748,1848
1812,1933
1883,2016
1955,2094
2027,2167
2103,2230
2165,2278
2231,2332
2285,2369
2336,2402
2379,2435
2411,2453
2432,2464
2449,2466
2460,2462
2461,2449
2448,2434
2448,2405
2438,2374
2416,2340
2386,2297
2352,2250
2316,2196
2252,2131
2204,2060
2140,1988
2068,1915
2003,1846
1927,1774
1862,1715
1794,1664
1741,1618
1691,1582
1661,1563
1629,1559
1622,1566
1615,1586
1616,1621
1646,1674
1677,1736
1726,1806
1788,1898
1855,1980
1923,2062
1998,2142
2071,2203
2139,2262
2202,2309
2269,2366
2323,2401
2369,2439
2391,2449
2427,2475
2445,2477
2462,2478
2469,2465
2466,2453
2460,2423
2443,2390
2424,2361
2412,2324
2377,2284
2340,2225
2282,2171
2235,2096
2172,2039
2108,1958
2035,1887
1963,1816
1890,1753
1827,1694
1763,1647
1711,1608
1673,1583
1637,1568
1617,1562
1605,1569
1613,1601
1627,1654
1655,1707
1702,1782
1746,1848
1814,1937
1886,2030
1960,2109
2039,2188
2109,2252
2160,2285
2231,2336
2286,2373
2336,2410
2381,2437
2420,2463
2442,2475
2457,2470
2465,2463
2461,2455
2456,2428
2455,2413
2436,2366
2414,2333
2385,2294
2352,2249
2312,2195
2263,2129
2198,2061
2133,1984
2061,1911
1995,1841
1919,1773
1858,1714
1791,1662
1739,1621
1686,1587
1650,1561
1626,1557
1606,1558
1607,1582
1608,1614
1643,1673
1673,1736
1720,1812
1779,1889
1849,1982
1918,2061
1982,2130
2062,2196
2133,2262
2201,2311
2253,2356
2303,2385
2353,2418
2394,2439
2418,2453
2440,2462
2457,2460
2461,2459
2464,2439
2457,2413
2449,2389
2420,2343
2397,2310
2372,2259
2323,2202
2284,2162
2226,2086
2165,2012
2096,1944
2034,1874
1964,1800
1893,1741
1826,1679
1771,1631
1716,1600
1671,1569
1642,1559
1619,1555
1612,1568
1611,1592
1624,1640
1654,1699
1695,1766
1750,1846
1816,1930
1881,2017
1947,2086
2022,2165
2098,2226
2172,2284
2230,2335
2284,2376
2335,2406
2376,2428
2410,2453
2437,2465
2449,2467
2461,2464
2464,2447
2462,2438
2449,2408
2445,2377
2410,2339
2387,2290
2353,2244
2309,2199
2263,2135
2203,2064
2139,1987
2067,1913
1996,1840
1927,1778
1858,1717
1800,1670
1743,1625
1696,1592
1655,1566
1632,1558
1613,1565
1619,1592
1621,1623
1646,1672
1676,1737
1731,1814
1781,1889
1851,1975
1922,2062
1994,2134
2072,2206
2137,2266
2201,2309
2263,2358
2312,2398
2363,2427
2396,2448
2427,2465
2452,2469
2461,2476
2473,2468
2470,2449
2465,2425
2450,2390
2431,2362
2406,2315
2373,2277
2336,2230
2289,2173
2235,2102
2168,2027
2099,1957
2030,1895
1960,1815
1892,1751
1826,1695
1762,1641
1712,1608
1672,1581
1637,1563
1616,1563
1613,1574
1611,1604
1629,1649
1653,1704
1696,1766
1749,1842
1815,1942
1889,2026
1950,2099
2035,2178
2110,2235
2159,2283
2229,2330
2286,2370
2341,2418
2377,2436
2409,2455
2431,2463
2458,2475
2460,2468
2469,2446
2465,2435
2451,2405
2438,2374
2419,2335
2380,2292
2354,2251
2310,2196
2254,2130
2202,2061
2133,1986
2060,1909
1995,1839
1923,1775
1852,1712
1796,1664
1733,1615
1689,1586
1652,1565
1623,1554
1612,1561
1607,1581
1619,1621
1641,1665
1674,1734
1725,1809
1775,1886
1849,1979
1921,2063
1985,2125
2064,2201
2133,2255
2201,2304
2246,2342
2313,2386
2346,2410
2393,2450
2418,2448
2435,2466
2452,2454
2465,2456
2459,2437
2454,2411
2438,2386
2424,2347
2410,2314
2369,2258
2323,2217
2285,2162
2234,2098
2165,2015
2099,1944
2031,1870
1960,1802
1894,1737
1829,1682
1764,1633
1715,1597
1675,1570
1647,1560
1617,1551
1619,1572
1619,1595
1624,1638
1655,1689
1696,1768
1753,1840
1815,1933
1881,2018
1953,2097
2028,2163
2108,2234
2167,2281
2233,2329
2288,2372
2334,2405
2377,2435
2408,2453
2434,2463
2451,2466
2463,2463
2463,2450
2459,2432
2446,2406
2434,2374
2415,2338
2387,2296
2353,2251
2312,2197
2259,2136
2204,2064
2133,1984
2070,1917
1997,1845
1928,1781
1862,1716
1797,1665
1745,1623
1692,1591
1659,1580
1635,1561
1620,1570
1610,1586
1614,1618
1648,1680
1674,1741
1727,1815
1783,1893
1848,1980
1926,2071
1993,2142
2070,2211
2135,2256
2205,2315
2260,2355
2316,2394
2361,2430
2401,2453
2428,2465
2444,2475
2460,2476
2474,2474
2464,2440
2459,2423
2456,2395
2426,2361
2417,2327
2376,2272
2335,2228
2285,2170
2228,2103
2165,2029
2104,1960
2033,1881
1957,1813
1890,1748
1828,1697
1764,1642
1711,1604
1671,1581
1636,1566
1617,1565
1604,1570
1609,1602
1627,1645
1659,1698
1696,1771
1749,1850
1820,1945
1877,2018
1955,2103
2031,2172
2107,2241
2165,2279
2238,2332
2286,2376
2333,2411
2371,2428
2413,2457
2440,2474
2452,2475
2453,2458
2465,2460
2464,2434
2450,2405
2437,2373
2412,2331
2385,2294
2349,2246
2310,2195
2255,2131
2200,2059
2131,1983
2061,1914
1995,1841
1926,1773
1858,1715
1788,1658
1735,1619
1683,1582
1651,1562
1619,1554
1612,1560
1610,1581
1613,1618
1632,1665
1674,1737
1723,1814
1770,1880
1851,1983
1929,2065
1986,2124
2066,2202
2135,2249
2194,2303
2263,2354
2316,2388
2363,2419
2394,2439
2417,2450
2444,2461
2463,2456
2460,2452
2454,2430
2455,2414
2443,2392
2426,2353
2399,2305
2368,2261
2334,2220
2286,2159
2231,2090
2168,2015
2101,1939
2030,1867
1964,1800
1894,1738
1827,1681
1764,1631
1714,1598
1671,1571
1642,1553
1622,1553
1610,1568
1617,1600
1631,1642
1657,1700
1696,1769
1751,1846
1820,1935
1884,2021
1962,2101
2031,2164
2105,2229
2167,2286
2237,2334
2286,2380
2339,2411
2375,2435
2411,2453
2437,2468
2453,2469
2468,2465
2466,2450
2461,2431
2446,2406
2441,2376
2416,2336
2389,2295
2354,2252
2315,2173
2262,2130
2205,2065
2135,1988
2063,1909
1999,1849
1926,1775
1860,1715
1791,1661
1743,1623
1692,1591
1656,1572
1633,1565
1610,1566
1617,1589
1628,1623
1644,1670
1682,1741
1721,1811
1785,1901
1847,1979
1923,2066
1999,2140
2075,2203
2143,2268
2209,2321
2262,2358
2318,2393
2361,2431
2397,2452
2424,2467
2444,2470
2459,2474
2469,2469
2471,2452
2456,2426
2447,2397
2431,2363
2408,2320
2369,2276
2333,2228
2288,2170
2233,2103
2169,2024
2105,1955
2031,1881
1960,1814
1894,1746
1824,1688
1767,1642
1712,1607
1673,1579
1642,1569
1614,1561
1595,1576
1619,1608
1636,1656
1645,1695
1695,1774
1743,1852
1809,1938
1876,2023
1953,2101
2030,2171
2105,2230
2169,2278
2221,2328
2291,2380
2327,2405
2384,2443
2414,2462
2439,2469
2449,2468
2462,2463
2461,2449
2456,2430
2451,2405
2437,2372
2419,2333
2383,2289
2352,2246
2310,2193
2258,2132
2197,2058
2133,1983
2062,1906
1993,1851
1922,1768
1857,1711
1795,1657
1735,1614
1689,1585
1652,1559
1621,1547
1613,1560
1605,1580
1625,1624
1645,1665
1674,1731
1724,1810
1783,1891
1849,1976
1922,2060
1993,2128
2068,2195
2132,2247
2200,2309
2259,2346
2306,2392
2348,2420
2391,2437
2423,2458
2441,2458
2460,2459
2461,2452
2451,2432
2457,2411
2446,2381
2427,2344
2399,2307
2372,2264
2336,2218
2285,2163
2230,2090
2166,2018
2104,1945
2031,1870
1959,1802
1897,1741
1822,1677
1775,1640
1710,1588
1673,1573
1629,1561
1620,1557
1612,1568
1608,1597
1618,1641
1658,1700
1700,1773
1755,1848
1819,1936
1881,2025
1958,2100
2031,2168
2101,2229
2170,2284
2232,2337
2290,2373
2340,2411
2381,2438
2409,2452
2439,2469
2457,2470
2466,2464
2469,2457
2464,2433
2457,2407
2435,2375
2420,2334
2385,2293
2354,2254
2309,2196
2260,2131
2201,2065
2134,1989
2070,1920
1997,1840
1924,1776
1854,1711
1795,1667
1739,1626
1688,1589
1651,1568
1629,1565
1615,1563
1616,1587
1620,1623
1645,1674
1673,1734
1723,1816
1784,1900
1849,1982
1919,2068
2001,2143
2071,2208
2142,2268
2204,2324
2261,2358
2313,2404
2357,2433
2399,2455
2421,2462
2445,2475
2461,2466
2468,2466
2465,2451
2459,2430
2450,2397
2421,2360
2404,2312
2369,2275
2332,2225
2282,2169
2230,2103
2165,2024
2097,1955
2024,1877
1956,1810
1894,1745
1820,1695
1757,1642
1707,1611
1658,1570
1640,1579
1616,1564
1609,1577
1609,1600
1626,1646
1661,1706
1695,1775
1747,1853
1815,1938
1885,2028
1962,2115
2026,2168
2101,2232
2165,2284
2229,2335
2288,2396
2339,2414
2373,2429
2411,2458
2434,2466
2448,2470
2458,2464
2463,2451
2458,2427
2454,2407
2436,2368
2414,2332
2386,2290
2349,2243
2312,2197
2256,2145
2199,2056
2129,1979
2064,1908
1988,1834
1926,1768
1854,1709
1789,1659
1734,1607
1687,1584
1649,1556
1629,1558
1609,1554
1610,1585
1621,1618
1638,1667
1671,1734
1718,1807
1779,1887
1844,1974
1919,2053
1993,2131
2060,2193
2132,2262
2198,2304
2265,2357
2316,2393
2357,2423
2385,2437
2421,2450
2438,2467
2455,2462
2457,2445
2463,2437
2458,2422
2441,2380
2424,2348
2401,2306
2371,2267
2330,2216
2286,2159
2231,2090
2163,2018
2098,1940
2027,1868
1963,1798
1890,1739
1826,1680
1767,1633
1716,1594
1675,1571
1642,1556
1619,1556
1614,1569
1614,1597
1629,1642
1665,1703
1702,1771
1755,1845
1819,1939
1889,2021
1963,2105
2031,2167
2106,2229
2176,2287
2239,2340
2290,2377
2339,2409
2382,2435
2414,2457
2434,2464
2455,2472
2462,2468
2465,2456
2463,2436
2452,2410
2441,2373
2412,2336
2387,2289
2349,2250
2317,2197
2260,2130
2204,2062
2133,1984
2068,1913
1993,1842
1926,1776
1858,1716
1787,1659
1741,1625
1696,1589
1653,1565
1629,1559
1620,1569
1611,1590
1625,1627
1649,1685
1678,1742
1735,1824
1782,1899
1854,1983
1927,2073
1993,2142
2072,2210
2144,2266
2205,2317
2272,2363
2321,2394
2358,2433
2397,2452
2436,2468
2452,2484
2462,2474
2466,2468
2470,2449
2464,2424
2451,2395
2429,2357
2404,2322
2369,2275
2332,2225
2289,2169
2226,2101
2164,2022
2099,1941
2022,1870
1960,1816
1883,1737
1820,1686
1765,1650
1712,1617
1676,1588
1628,1559
1618,1559
1618,1563
1616,1614
1633,1655
1653,1700
1692,1774
1750,1855
1815,1946
1876,2020
1954,2103
2036,2174
2098,2231
2165,2288
2231,2341
2287,2383
2341,2416
2374,2437
2414,2459
2434,2467
2453,2465
2464,2468
2462,2449
2468,2431
2449,2402
2440,2379
2413,2328
2383,2287
2348,2243
2310,2193
2257,2127
2192,2055
2133,1980
2064,1908
1991,1836
1918,1769
1848,1704
1794,1659
1732,1611
1688,1577
1661,1560
1623,1555
1611,1561
1602,1577
1612,1605
1646,1669
1672,1727
1723,1809
1782,1891
1852,1979
1922,2064
1989,2131
2071,2195
2135,2250
2198,2309
2254,2349
2309,2384
2352,2419
2389,2433
2418,2447
2440,2470
2458,2465
2461,2445
2465,2435
2452,2415
2445,2386
2423,2348
2402,2311
2367,2267
2329,2217
2279,2161
2228,2095
2160,2012
2096,1943
2025,1870
1953,1795
1885,1737
1840,1694
1762,1632
1715,1595
1674,1570
1642,1557
1620,1553
1624,1589
1614,1598
1631,1640
1658,1690
1700,1772
1755,1848
1818,1940
1889,2023
1961,2101
2035,2166
2104,2225
2176,2291
2232,2334
2288,2375
2334,2407
2376,2435
2405,2447
2439,2466
2452,2466
2465,2466
2463,2449
2467,2434
2447,2407
2439,2404
2420,2337
2390,2294
2356,2248
2314,2197
2257,2131
2195,2059
2141,1983
2062,1911
1995,1839
1922,1778
1851,1708
1794,1669
1734,1615
1682,1585
1664,1576
1628,1567
1614,1569
1612,1586
1622,1633
1643,1677
1679,1744
1727,1815
1786,1907
1857,1983
1922,2066
2000,2139
2072,2215
2137,2260
2207,2323
2265,2359
2320,2402
2361,2436
2401,2451
2427,2462
2443,2470
2458,2479
2463,2460
2467,2447
2460,2425
2449,2394
2428,2359
2406,2322
2369,2275
2333,2227
2283,2164
2231,2102
2164,2025
2098,1953
2029,1876
1954,1809
1884,1746
1817,1692
1767,1644
1706,1602
1669,1571
1632,1564
1612,1561
1603,1574
1609,1604
1627,1640
1650,1701
1698,1781
1744,1844
1813,1939
1881,2028
1959,2103
2031,2166
2101,2224
2169,2295
2229,2336
2289,2377
2332,2413
2383,2439
2410,2452
2437,2466
2449,2464
2457,2464
2464,2452
2457,2429
2451,2404
2433,2369
2416,2333
2379,2286
2350,2245
2309,2189
2256,2128
2190,2052
2129,1983
2057,1901
1989,1836
1914,1761
1859,1712
1789,1653
1730,1617
1689,1587
1652,1560
1624,1549
1611,1563
1607,1581
1615,1612
1645,1669
1676,1729
1719,1807
1776,1893
1854,1985
1917,2055
1987,2122
2063,2197
2136,2246
2195,2312
2254,2351
2309,2389
2350,2417
2400,2449
2421,2451
2436,2461
2460,2454
2460,2449
2460,2431
2453,2414
2445,2384
2425,2348
2403,2306
2369,2262
2328,2214
2283,2161
2232,2095
2162,2011
2098,1938
2035,1875
1967,1811
1893,1742
1825,1682
1764,1633
1716,1596
1672,1573
1642,1558
1622,1554
1613,1572
1616,1600
1632,1647
1657,1701
1703,1775
1755,1858
1818,1939
1887,2022
1961,2106
2036,2170
2106,2235
2178,2289
2236,2340
2299,2383
2340,2408
2383,2444
2412,2456
2436,2464
2454,2475
2460,2465
2470,2454
2463,2434
2460,2411
2434,2377
2418,2336
2387,2293
2352,2245
2308,2203
2256,2136
2200,2065
2136,1983
2060,1916
2004,1849
1924,1779
1862,1721
1794,1659
1741,1628
1686,1593
1651,1562
1628,1562
1621,1571
1612,1586
1626,1624
1645,1681
1678,1739
1727,1820
1788,1897
1856,1991
1922,2069
1998,2149
2075,2205
2143,2268
2206,2316
2264,2361
2318,2401
2358,2433
2400,2453
2436,2469
2447,2479
2460,2469
2463,2466
2469,2448
2457,2423
2449,2397
2430,2354
2405,2314
2371,2277
2326,2221
2282,2166
2224,2099
2162,2020
2105,1945
2018,1869
1953,1802
1884,1746
1823,1686
1764,1645
1715,1609
1654,1576
1638,1559
1616,1561
1616,1580
1618,1611
1627,1645
1655,1706
1687,1771
1753,1861
1812,1936
1889,2030
1962,2110
2031,2174
2104,2236
2167,2289
2230,2338
2287,2378
2335,2410
2379,2435
2413,2455
2433,2465
2455,2471
2456,2460
2464,2450
2458,2426
2450,2404
2433,2369
2417,2330
2383,2288
2349,2242
2306,2192
2255,2126
2200,2056
2134,1979
2062,1905
1988,1838
1917,1766
1855,1711
1789,1658
1728,1608
1684,1581
1646,1566
1627,1556
1605,1579
1602,1578
1612,1602
1643,1670
1673,1732
1719,1817
1779,1887
1851,1981
1919,2059
2000,2136
2066,2201
2140,2261
2211,2308
2260,2355
2312,2389
2363,2417
2394,2433
2423,2449
2441,2461
2457,2462
2457,2450
2467,2436
2453,2410
2445,2382
2426,2348
2395,2302
2366,2259
2332,2218
2278,2151
2230,2090
2159,2011
2104,1947
2029,1866
1956,1799
1885,1734
1823,1676
1765,1636
1713,1587
1669,1562
1638,1555
1622,1560
1610,1566
1616,1602
1630,1643
1661,1699
1701,1771
1758,1853
1819,1940
1890,2027
1965,2110
2034,2168
2122,2234
2178,2289
2243,2333
2293,2378
2343,2411
2384,2433
2419,2455
2438,2469
2459,2472
2460,2466
2466,2454
2462,2437
2452,2409
2442,2375
2413,2334
2389,2294
2352,2250
2313,2201
2262,2136
2203,2066
2135,1986
2074,1919
1994,1846
1918,1771
1853,1716
1798,1663
1734,1626
1693,1587
1656,1545
1626,1571
1611,1566
1614,1593
1625,1631
1649,1688
1674,1746
1733,1825
1787,1918
1846,1990
1927,2071
1999,2146
2072,2214
2149,2269
2208,2324
2262,2362
2319,2406
2364,2435
2402,2458
2425,2472
2450,2471
2461,2475
2467,2465
2469,2448
2455,2420
2437,2392
2427,2355
2402,2317
2371,2274
2330,2229
2276,2161
2227,2098
2162,2023
2094,1941
2030,1879
1950,1811
1879,1742
1817,1678
1760,1644
1707,1599
1664,1575
1634,1574
1615,1561
1598,1565
1606,1598
1622,1641
1659,1712
1691,1776
1753,1856
1813,1938
1889,2030
1961,2104
2033,2174
2108,2234
2170,2288
2239,2341
2288,2378
2339,2414
2379,2441
2410,2453
2438,2467
2449,2467
2466,2465
2459,2447
2460,2430
2448,2403
2431,2368
2413,2331
2384,2287
2350,2241
2301,2184
2254,2120
2189,2044
2123,1966
2055,1898
1990,1828
1926,1771
1847,1703
1786,1652
1735,1618
1691,1585
1655,1565
1628,1554
1608,1560
1614,1585
1621,1618
1637,1665
1671,1732
1724,1810
1781,1886
1846,1975
1925,2064
2002,2144
2068,2197
2145,2265
2207,2314
2260,2351
2316,2388
2358,2424
2387,2427
2424,2454
2442,2460
2456,2462
2466,2453
2462,2438
2448,2411
2442,2381
2425,2346
2399,2307
2365,2263
2328,2218
2283,2153
2229,2091
2156,2006
2097,1939
2026,1864
1961,1800
1892,1738
1823,1682
1770,1637
1717,1598
1675,1568
1642,1557
1624,1558
1617,1568
1618,1599
1634,1642
1663,1701
1704,1770
1763,1854
1820,1939
1891,2024
1963,2107
2040,2172
2116,2230
2176,2290
2239,2334
2293,2380
2336,2409
2385,2440
2413,2455
2437,2464
2451,2467
2462,2468
2464,2450
2469,2435
2450,2409
2441,2373
2428,2340
2387,2294
2354,2245
2309,2187
2256,2128
2199,2060
2135,1991
2068,1908
1996,1841
1919,1777
1858,1715
1805,1669
1742,1625
1688,1591
1649,1562
1639,1564
1616,1568
1615,1592
1622,1622
1647,1680
1678,1745
1724,1819
1786,1909
1854,1994
1925,2071
2004,2148
2076,2211
2151,2271
2209,2323
2267,2365
2315,2408
2365,2433
2397,2452
2428,2472
2449,2477
2462,2476
2467,2463
2466,2445
2459,2424
2440,2392
2424,2364
2397,2314
2370,2277
2324,2225
2291,2173
2226,2105
2163,2021
2095,1948
2026,1884
1955,1804
1882,1741
1819,1685
1761,1640
1697,1591
1664,1572
1626,1562
1618,1562
1603,1568
1612,1607
1625,1644
1653,1699
1700,1783
1751,1858
1814,1940
1886,2028
1958,2108
2043,2177
2103,2231
2172,2286
2233,2337
2294,2378
2338,2413
2382,2435
2410,2455
2443,2464
2447,2466
2460,2460
2464,2450
2459,2426
2454,2400
2432,2368
2413,2329
2377,2284
2344,2236
2307,2190
2250,2117
2196,2052
2130,1973
2062,1903
1990,1822
1914,1767
1848,1704
1781,1653
1730,1611
1689,1581
1650,1561
1623,1554
1613,1562
1610,1579
1621,1620
1643,1672
1676,1744
1724,1808
1784,1886
1848,1985
1927,2064
1991,2139
2068,2205
2139,2250
2205,2308
2264,2354
2313,2394
2361,2420
2395,2444
2429,2456
2444,2460
2453,2460
2461,2447
2457,2437
2456,2411
2443,2384
2423,2346
2403,2307
2366,2263
2331,2217
2281,2153
2225,2087
2158,2010
2097,1945
2025,1860
1956,1801
1890,1736
1824,1681
1762,1636
1712,1600
1671,1574
1644,1553
1625,1563
1614,1575
1616,1602
1636,1645
1661,1704
1706,1776
1760,1854
1825,1945
1894,2029
1970,2107
2043,2173
2107,2237
2180,2293
2239,2334
2299,2382
2340,2408
2386,2438
2416,2459
2436,2467
2459,2475
2462,2462
2470,2455
2462,2432
2453,2401
2440,2374
2422,2338
2389,2295
2358,2250
2299,2192
2261,2129
2199,2063
2135,1978
2060,1908
1991,1839
1926,1771
1856,1715
1789,1658
1739,1619
1694,1592
1656,1568
1639,1566
1617,1562
1619,1595
1623,1631
1646,1674
1679,1743
1729,1821
1793,1899
1857,1989
1930,2069
2001,2148
2077,2215
2144,2270
2214,2325
2271,2363
2320,2402
2367,2433
2401,2455
2428,2468
2445,2474
2460,2474
2466,2466
2465,2430
2464,2422
2445,2393
2428,2355
2401,2313
2368,2272
2336,2222
2277,2167
2230,2098
2139,2022
2093,1943
2020,1873
1949,1807
1875,1735
1818,1691
1748,1631
1703,1595
1666,1582
1635,1563
1612,1557
1608,1576
1618,1607
1623,1646
1660,1703
1696,1782
1755,1854
1817,1944
1888,2028
1961,2108
2030,2174
2106,2234
2172,2290
2236,2337
2287,2374
2337,2408
2381,2431
2413,2460
2436,2461
2454,2473
2461,2460
2464,2448
2461,2425
2450,2407
2435,2371
2411,2331
2384,2287
2346,2241
2304,2187
2254,2125
2194,2053
2120,1973
2061,1894
1985,1828
1913,1759
1849,1713
1789,1663
1724,1608
1690,1580
1651,1555
1628,1542
1606,1559
1603,1575
1614,1618
1643,1669
1677,1737
1729,1813
1785,1895
1847,1977
1918,2065
2003,2132
2073,2204
2134,2253
2205,2309
2262,2351
2307,2386
2366,2428
2397,2443
2424,2458
2447,2461
2460,2462
2461,2452
2462,2438
2455,2417
2446,2385
2425,2346
2398,2305
2363,2261
2328,2209
2279,2156
2228,2097
2164,2009
2099,1937
2028,1874
1975,1817
1890,1736
1823,1680
1765,1634
1709,1600
1674,1573
1644,1558
1621,1557
1616,1573
1622,1605
1636,1644
1663,1705
1700,1776
1761,1857
1819,1944
1893,2029
1969,2106
2038,2172
2117,2236
2176,2293
2244,2343
2292,2378
2344,2415
2384,2435
2416,2453
2438,2470
2451,2471
2471,2469
2469,2455
2466,2440
2458,2413
2442,2376
2420,2344
2383,2293
2352,2250
2311,2193
2250,2135
2194,2050
2130,1978
2067,1914
1995,1844
1924,1771
1855,1712
1788,1656
1731,1616
1693,1591
1654,1582
1635,1564
1614,1574
1616,1592
1616,1627
1649,1684
1675,1756
1729,1819
1785,1900
1853,1987
1930,2080
2000,2146
2069,2212
2143,2269
2210,2322
2265,2365
2318,2397
2361,2431
2401,2460
2429,2469
2445,2475
2452,2461
2471,2472
2453,2440
2460,2434
2436,2386
2432,2361
2403,2315
2359,2262
2337,2230
2281,2157
2218,2084
2159,2019
2089,1940
2020,1871
1957,1810
1879,1742
1808,1682
1758,1640
1698,1599
1661,1572
1633,1559
1612,1555
1597,1581
1615,1588
1623,1650
1655,1705
1697,1781
1751,1861
1820,1943
1887,2029
1964,2107
2027,2172
2109,2231
2171,2289
2234,2341
2289,2379
2334,2409
2382,2438
2408,2456
2435,2466
2448,2467
2465,2458
2459,2448
2459,2428
2447,2397
2430,2356
2408,2321
2386,2288
2349,2239
2307,2185
2255,2126
2192,2046
2128,1968
2057,1913
1988,1828
1918,1766
1848,1702
1780,1647
1740,1611
1687,1583
1654,1563
1629,1556
1604,1557
1612,1581
1621,1616
1642,1668
1677,1741
1727,1811
1786,1893
1854,1983
1926,2058
2000,2137
2072,2205
2139,2260
2204,2311
2264,2355
2318,2395
2361,2419
2399,2440
2424,2456
2442,2464
2453,2461
2459,2452
2464,2438
2456,2410
2444,2384
2426,2345
2402,2306
2367,2262
2325,2211
2279,2155
2215,2083
2162,2015
2096,1940
2027,1872
1951,1799
1888,1740
1823,1677
1765,1632
1711,1597
1673,1571
1641,1555
1624,1561
1613,1571
1618,1601
1634,1647
1660,1703
1704,1780
1755,1858
1829,1947
1895,2031
1969,2107
2043,2176
2112,2229
2178,2290
2238,2340
2300,2376
2340,2415
2388,2443
2414,2455
2441,2468
2452,2471
2467,2465
2472,2460
2469,2435
2455,2408
2440,2375
2421,2342
2385,2299
2357,2249
2308,2194
2258,2127
2192,2058
2135,1983
2067,1912
1994,1839
1921,1770
1855,1710
1795,1664
1742,1620
1692,1592
1661,1569
1636,1563
1618,1566
1609,1593
1626,1630
1646,1679
1680,1750
1728,1818
1787,1904
1861,1989
1933,2072
2000,2148
2078,2211
2144,2269
2208,2331
2269,2362
2322,2409
2363,2430
2399,2449
2426,2465
2448,2472
2462,2472
2461,2464
2469,2449
2454,2419
2445,2387
2425,2362
2409,2320
2366,2267
2326,2217
2275,2157
2222,2092
2161,2016
2089,1940
2019,1868
1951,1798
1887,1745
1817,1686
1754,1636
1706,1602
1645,1579
1634,1561
1613,1555
1605,1572
1609,1604
1630,1648
1659,1707
1698,1776
1756,1860
1815,1945
1893,2034
1958,2108
2040,2176
2103,2238
2178,2290
2234,2337
2296,2376
2337,2412
2382,2438
2416,2456
2436,2463
2445,2460
2462,2461
2465,2449
2465,2426
2447,2397
2433,2366
2415,2332
2376,2283
2349,2242
2299,2180
2246,2114
2191,2050
2127,1970
2053,1902
1985,1835
1915,1755
1845,1698
1787,1648
1731,1615
1688,1552
1644,1560
1616,1549
1606,1559
1611,1577
1622,1620
1637,1659
1680,1738
1726,1806
1780,1898
1854,1983
1927,2063
2002,2135
2076,2199
2146,2261
2206,2306
2267,2360
2314,2391
2360,2418
2400,2441
2427,2453
2445,2466
2465,2468
2462,2455
2462,2439
2455,2410
2448,2383
2424,2343
2403,2306
2366,2255
2329,2210
2285,2152
2223,2087
2159,2009
2096,1939
2022,1861
1956,1795
1879,1730
1821,1679
1759,1634
1714,1598
1668,1573
1643,1558
1619,1561
1612,1573
1615,1605
1634,1647
1665,1709
1704,1782
1763,1862
1822,1948
1894,2029
1967,2110
2046,2172
2114,2237
2181,2293
2245,2342
2300,2380
2345,2415
2382,2437
2420,2456
2442,2468
2454,2469
2462,2472
2468,2460
2468,2441
2452,2405
2434,2372
2421,2330
2386,2290
2353,2256
2307,2194
2250,2130
2198,2061
2126,1982
2066,1913
1987,1831
1919,1769
1853,1717
1787,1655
1727,1614
1677,1591
1644,1568
1627,1566
1605,1566
1611,1592
1622,1621
1650,1681
1677,1750
1730,1826
1792,1908
1856,1999
1935,2080
2006,2148
2075,2214
2146,2270
2212,2321
2278,2370
2322,2401
2364,2430
2400,2449
2424,2464
2451,2472
2450,2465
2474,2466
2467,2448
2457,2414
2445,2382
2426,2344
2395,2306
2373,2272
2325,2220
2279,2159
2224,2099
2151,2014
2088,1941
2015,1867
1953,1799
1881,1740
1813,1681
1751,1636
1707,1597
1660,1573
1632,1558
1609,1559
1607,1569
1610,1608
1628,1650
1657,1708
1699,1780
1759,1866
1822,1950
1894,2035
1963,2112
2037,2178
2110,2238
2172,2291
2242,2340
2289,2381
2338,2413
2379,2433
2417,2456
2438,2471
2450,2467
2457,2456
2461,2447
2456,2424
2451,2408
2434,2368
2410,2325
2379,2276
2346,2238
2295,2180
2251,2116
2191,2041
2120,1969
2048,1888
1978,1827
1907,1751
1842,1698
1788,1649
1719,1597
1683,1582
1643,1556
1623,1554
1607,1560
1604,1580
1621,1620
1642,1673
1678,1735
1728,1811
1788,1902
1860,1988
1932,2072
2001,2134
2075,2207
2141,2261
2208,2305
2271,2358
2320,2395
2362,2421
2400,2443
2427,2461
2445,2466
2457,2463
2464,2453
2453,2425
2451,2414
2443,2384
2422,2348
2397,2310
2364,2263
2332,2216
2282,2156
2223,2081
2158,2006
2093,1935
2020,1859
1951,1796
1884,1733
1819,1682
1757,1629
1707,1598
1670,1569
1636,1557
1623,1559
1613,1573
1622,1607
1635,1647
1670,1709
1710,1780
1762,1859
1830,1951
1899,2035
1970,2107
2043,2178
2119,2235
2182,2295
2245,2343
2298,2383
2349,2415
2385,2436
2416,2455
2445,2473
2452,2466
2463,2463
2469,2455
2458,2431
2452,2389
2442,2376
2421,2336
2386,2293
2349,2242
2309,2189
2261,2137
2190,2056
2130,1985
2054,1904
1987,1837
1919,1768
1849,1720
1791,1666
1740,1618
1686,1589
1648,1565
1625,1563
1618,1571
1613,1595
1623,1627
1646,1686
1683,1751
1729,1827
1792,1910
1860,2001
1932,2083
2006,2152
2081,2223
2145,2269
2211,2321
2273,2366
2321,2402
2365,2434
2399,2448
2431,2466
2447,2473
2460,2476
2461,2457
2464,2446
2464,2418
2443,2385
2423,2350
2400,2306
2370,2279
2323,2218
2269,2154
2220,2090
2158,2016
2081,1936
2018,1862
1948,1796
1878,1729
1812,1678
1756,1629
1699,1595
1662,1565
1629,1555
1610,1557
1606,1573
1609,1604
1634,1652
1659,1706
1702,1782
1754,1860
1825,1951
1887,2033
1966,2109
2039,2178
2112,2240
2181,2293
2238,2337
2294,2377
2346,2417
2385,2441
2417,2458
2434,2460
2450,2462
2466,2459
2462,2450
2463,2421
2444,2395
2432,2364
2405,2320
2376,2275
2344,2239
2304,2181
2244,2108
2186,2035
2125,1969
2042,1889
1982,1817
1909,1757
1837,1695
1778,1647
1720,1611
1676,1578
1646,1551
1623,1549
1602,1557
1612,1576
1617,1619
1644,1676
1676,1739
1733,1816
1787,1902
1861,1989
1930,2070
2003,2141
2083,2207
2145,2262
2213,2314
2267,2357
2320,2397
2364,2426
2400,2442
2426,2456
2458,2479
2452,2463
2465,2452
2462,2435
2452,2413
2436,2381
2424,2351
2400,2306
2365,2257
2329,2214
2276,2148
2221,2086
2159,2012
2092,1935
2019,1863
1951,1793
1880,1733
1819,1679
1758,1631
1713,1597
1670,1564
1638,1556
1619,1554
1618,1577
1614,1610
1641,1656
1663,1712
1699,1785
1762,1865
1832,1953
1896,2034
1975,2116
2049,2176
2114,2239
2184,2304
2244,2344
2300,2382
2342,2415
2391,2445
2414,2461
2446,2474
2456,2469
2461,2468
2469,2446
2468,2434
2459,2404
2438,2370
2415,2335
2386,2282
2351,2251
2308,2186
2258,2131
2196,2049
2124,1975
2053,1905
1995,1840
1915,1779
1850,1709
1783,1669
1729,1618
1683,1580
1645,1578
1629,1564
1619,1568
1610,1584
1626,1635
1648,1682
1686,1754
1735,1828
1796,1909
1860,1998
1935,2081
2007,2154
2080,2223
2147,2271
2213,2324
2271,2369
2325,2405
2363,2433
2401,2436
2433,2465
2450,2469
2467,2487
2466,2470
2465,2446
2459,2414
2441,2386
2420,2338
2402,2303
2368,2266
2322,2213
2274,2152
2225,2073
2161,2015
2084,1937
2010,1860
1945,1791
1877,1733
1810,1675
1747,1628
1700,1594
1654,1565
1630,1557
1610,1555
1603,1572
1605,1602
1627,1649
1663,1713
1703,1780
1757,1867
1824,1953
1896,2037
1964,2106
2043,2180
2110,2238
2181,2292
2243,2344
2299,2381
2342,2407
2381,2431
2424,2460
2437,2457
2456,2468
2465,2458
2466,2447
2463,2421
2449,2401
2436,2353
2415,2333
2384,2280
2345,2238
2306,2182
2247,2115
2179,2039
2116,1967
2051,1896
1973,1822
1907,1755
1842,1695
1785,1650
1724,1604
1672,1579
1640,1557
1627,1555
1605,1560
1610,1579
1619,1623
1644,1676
1680,1742
1736,1817
1794,1893
1864,1994
1929,2071
2006,2145
2081,2210
2146,2261
2215,2318
2266,2358
2327,2399
2355,2417
2404,2449
2428,2462
2446,2467
2461,2465
2464,2458
2465,2427
2455,2409
2442,2378
2425,2346
2396,2307
2371,2264
2324,2211
2274,2150
2217,2074
2149,2013
2093,1935
2020,1859
1952,1791
1879,1729
1817,1678
1758,1630
1707,1593
1671,1572
1636,1559
1619,1556
1612,1575
1619,1607
1633,1651
1669,1716
1709,1787
1765,1863
1826,1952
1896,2035
1973,2113
2044,2183
2120,2246
2186,2294
2241,2344
2303,2390
2347,2413
2384,2450
2421,2461
2442,2470
2460,2470
2467,2463
2467,2443
2463,2428
2454,2401
2440,2376
2414,2336
2387,2294
2347,2246
2300,2183
2244,2127
2194,2052
2125,1973
2058,1904
1988,1827
1917,1765
1845,1711
1790,1663
1726,1612
1687,1587
1648,1570
1626,1566
1616,1574
1617,1595
1623,1636
1647,1687
1682,1757
1736,1832
1795,1921
1863,2008
1929,2083
2006,2147
2082,2213
2150,2273
2214,2323
2272,2368