2048,1514
1928,2463
1689,2494
1532,2495
1503,2478
1496,2433
1497,2384
1506,2326
1537,2268
1586,2188
1658,2137
1765,2053
1912,1949
2078,1828
2256,1713
2423,1625
2540,1557
2560,1497
2571,1528
2575,1578
2579,1659
2582,1767
2561,1890
2534,2036
2465,2163
2360,2286
2208,2378
2005,2448
1775,2482
1567,2503
1510,2491
1498,2453
1498,2409
1503,2356
1525,2298
1559,2234
1619,2173
1725,2094
1850,1991
2011,1878
2187,1759
2367,1661
2510,1578
2562,1533
2565,1523
2578,1562
2582,1631
2583,1728
2568,1849
2544,1968
2498,2129
2414,2247
2274,2349
2093,2430
1869,2472
1639,2502
1524,2505
1507,2471
1497,2429
1503,2376
1520,2314
1544,2252
1603,2210
1687,2123
1798,2041
1946,1919
2123,1811
2298,1696
2466,1606
2549,1544
2571,1526
2579,1542
2581,1597
2580,1692
2579,1803
2563,1933
2522,2069
2448,2203
2330,2313
2161,2404
1956,2465
1720,2499
1545,2508
1511,2486
1501,2451
1494,2399
1509,2343
1532,2278
1581,2220
1647,2154
1752,2069
1893,1966
2050,1845
2228,1732
2401,1634
2530,1562
2563,1530
2567,1529
2580,1570
2575,1646
2577,1748
2567,1874
2533,2008
2485,2150
2379,2267
2225,2358
2040,2439
1808,2479
1591,2501
1515,2492
1499,2462
1494,2408
1503,2366
1514,2299
1560,2240
1614,2171
1706,2099
1825,2005
1992,1887
2165,1774
2341,1670
2496,1584
2547,1527
2568,1516
2565,1543
2581,1613
2580,1705
2573,1823
2552,1953
2505,2097
2415,2215
2290,2330
2113,2414
1902,2467
1660,2499
1526,2491
1501,2473
1503,2431
1490,2377
1505,2321
1538,2260
1593,2202
1672,2128
1772,2040
1917,1926
2089,1806
2265,1705
2436,1612
2542,1542
2563,1511
2576,1530
2576,1572
2576,1667
2577,1777
2558,1903
2526,2043
2458,2173
2341,2290
2184,2381
1986,2451
1756,2489
1559,2496
1511,2481
1496,2446
1498,2397
1505,2344
1526,2281
1565,2221
1634,2153
1730,2075
1867,1981
2026,1857
2206,1738
2372,1643
2520,1568
2554,1524
2572,1529
2578,1566
2576,1629
2578,1734
2568,1860
2542,1994
2489,2133
2393,2251
2252,2355
2064,2433
1844,2483
1613,2503
1521,2497
1503,2473
1493,2423
1503,2371
1515,2310
1552,2255
1609,2187
1694,2117
1815,2023
1969,1916
2142,1791
2318,1689
2476,1595
2552,1541
2568,1524
2574,1542
2583,1605
2582,1698
2576,1811
2561,1942
2514,2086
2437,2205
2320,2327
2142,2403
1930,2469
1697,2498
1542,2502
1516,2485
1497,2442
1503,2392
1518,2336
1532,2269
1586,2223
1645,2146
1767,2058
1903,1951
2081,1842
2252,1727
2419,1628
2541,1553
2566,1525
2570,1534
2583,1583
2580,1659
2579,1767
2563,1893
2531,2031
2473,2170
2366,2282
2217,2383
2013,2452
1785,2491
1567,2506
1515,2494
1501,2458
1498,2411
1510,2360
1527,2304
1561,2244
1617,2165
1730,2101
1850,1992
2013,1885
2181,1765
2352,1654
2515,1583
2555,1532
2563,1517
2572,1554
2582,1625
2574,1714
2569,1832
2542,1996
2503,2117
2411,2238
2278,2344
2094,2426
1879,2475
1641,2493
1523,2491
1505,2467
1498,2426
1501,2375
1517,2315
1539,2254
1599,2191
1678,2122
1795,2033
1943,1923
2112,1804
2293,1693
2454,1604
2547,1542
2565,1513
2575,1533
2578,1586
2582,1677
2571,1790
2559,1918
2522,2058
2452,2197
2326,2304
2165,2390
1963,2455
1726,2492
1546,2498
1503,2482
1503,2448
1503,2393
1503,2330
1532,2273
1577,2212
1637,2142
1749,2068
1882,1955
2045,1848
2223,1733
2391,1624
2523,1552
2550,1518
2561,1518
2568,1551
2580,1637
2573,1736
2570,1860
2538,2005
2481,2151
2374,2253
2232,2357
2044,2435
1811,2479
1593,2495
1514,2488
1502,2460
1494,2411
1499,2357
1520,2298
1553,2238
1611,2172
1704,2102
1827,2003
1981,1891
2157,1776
2337,1672
2493,1583
2551,1532
2563,1516
2575,1545
2588,1622
2579,1703
2569,1821
2553,1955
2508,2101
2428,2224
2293,2326
2113,2410
1903,2468
1674,2504
1529,2495
1498,2474
1497,2437
1496,2381
1512,2351
1543,2266
1588,2205
1663,2138
1781,2048
1927,1944
2095,1826
2274,1720
2435,1620
2548,1552
2561,1520
2574,1535
2584,1585
2583,1661
2581,1779
2563,1908
2533,2045
2463,2182
2349,2285
2191,2385
1991,2454
1764,2496
1562,2509
1511,2494
1499,2455
1499,2412
1503,2349
1526,2296
1575,2228
1635,2168
1733,2082
1870,1983
2025,1870
2208,1755
2374,1659
2523,1568
2567,1532
2574,1536
2579,1556
2576,1640
2581,1734
2571,1857
2542,1998
2497,2141
2396,2260
2255,2374
2073,2435
1851,2483
1621,2506
1521,2498
1503,2471
1494,2419
1500,2371
1519,2315
1546,2247
1601,2186
1697,2123
1803,2017
1961,1911
2130,1787
2315,1688
2468,1597
2561,1540
2564,1538
2573,1547
2580,1603
2576,1687
2577,1803
2555,1939
2510,2075
2442,2212
2312,2310
2150,2409
1932,2460
1696,2490
1534,2494
1507,2480
1503,2441
1493,2386
1514,2329
1537,2277
1581,2207
1657,2144
1758,2054
1909,1956
2069,1839
2250,1721
2414,1626
2534,1549
2560,1518
2565,1526
2580,1573
2578,1651
2578,1759
2560,1884
2536,2023
2469,2158
2362,2277
2208,2368
2020,2448
1786,2479
1576,2503
1517,2487
1497,2448
1497,2412
1501,2349
1514,2295
1553,2234
1611,2161
1719,2094
1841,1999
2005,1883
2173,1770
2352,1651
2502,1574
2548,1522
2567,1518
2568,1542
2576,1624
2579,1710
2571,1836
2549,1964
2501,2101
2416,2231
2274,2337
2095,2418
1873,2467
1654,2493
1525,2492
1504,2470
1495,2422
1498,2372
1516,2315
1544,2255
1591,2184
1672,2117
1791,2038
1943,1930
2113,1807
2280,1683
2454,1616
2545,1539
2564,1521
2560,1527
2581,1590
2581,1674
2576,1786
2559,1919
2521,2061
2450,2194
2336,2304
2172,2392
1963,2453
1736,2500
1549,2498
1510,2487
1498,2450
1500,2399
1512,2345
1530,2285
1573,2220
1640,2153
1749,2076
1883,1967
2046,1862
2220,1739
2398,1642
2528,1560
2560,1525
2565,1524
2574,1565
2579,1643
2578,1745
2569,1871
2540,2005
2488,2151
2379,2265
2244,2366
2046,2433
1827,2486
1606,2508
1521,2496
1504,2468
1500,2424
1502,2362
1520,2302
1554,2246
1612,2181
1708,2105
1831,2017
1980,1913
2158,1794
2334,1687
2490,1588
2560,1545
2573,1521
2576,1552
2580,1611
2572,1703
2579,1826
2553,1953
2514,2099
2432,2228
2301,2330
2128,2426
1911,2469
1680,2504
1534,2505
1509,2481
1499,2438
1501,2384
1513,2330
1540,2271
1585,2206
1664,2140
1785,2053
1919,1940
2093,1826
2265,1719
2435,1621
2532,1542
2561,1520
2570,1540
2587,1595
2583,1668
2584,1784
2561,1899
2524,2032
2458,2176
2347,2288
2196,2376
1992,2444
1771,2490
1560,2499
1513,2485
1497,2444
1498,2403
1510,2350
1522,2288
1561,2225
1629,2159
1733,2084
1859,1979
2021,1868
2198,1754
2374,1652
2510,1571
2561,1527
2563,1523
2576,1558
2583,1629
2574,1726
2573,1851
2541,1984
2492,2142
2402,2245
2257,2348
2075,2422
1847,2475
1625,2495
1515,2494
1501,2457
1492,2414
1499,2369
1514,2304
1544,2246
1598,2177
1686,2112
1803,2020
1955,1905
2128,1788
2296,1678
2471,1592
2544,1525
2560,1505
2570,1546
2568,1599
2583,1691
2574,1794
2554,1924
2518,2074
2441,2200
2315,2314
2148,2395
1940,2463
1705,2478
1541,2496
1507,2478
1495,2434
1491,2384
1505,2329
1530,2271
1581,2209
1648,2139
1757,2058
1896,1950
2060,1838
2242,1725
2410,1618
2533,1555
2557,1518
2566,1526
2577,1574
2585,1655
2572,1757
2564,1874
2530,2019
2471,2158
2372,2276
2219,2372
2025,2441
1801,2486
1580,2503
1516,2488
1499,2458
1493,2415
1503,2353
1518,2297
1564,2239
1620,2173
1718,2100
1846,2001
1999,1886
2175,1767
2345,1666
2506,1582
2552,1533
2571,1526
2575,1556
2582,1626
2582,1715
2573,1834
2552,1968
2504,2112
2418,2238
2285,2341
2106,2414
1885,2478
1657,2507
1527,2500
1509,2476
1506,2440
1497,2384
1522,2329
1541,2262
1600,2198
1680,2133
1791,2043
1939,1937
2116,1824
2285,1693
2447,1606
2552,1545
2568,1518
2575,1539
2583,1589
2585,1678
2589,1800
2567,1917
2531,2064
2458,2196
2340,2301
2177,2398
1976,2459
1736,2502
1553,2502
1510,2489
1503,2448
1499,2401
1509,2346
1531,2285
1574,2224
1641,2160
1742,2075
1883,1975
2053,1862
2222,1752
2392,1641
2527,1561
2560,1527
2573,1529
2580,1565
2587,1639
2577,1747
2564,1857
2539,2002
2484,2146
2384,2265
2240,2352
2054,2442
1824,2481
1606,2502
1517,2492
1499,2463
1496,2419
1499,2365
1513,2305
1552,2252
1612,2176
1701,2104
1823,2015
1973,1899
2151,1784
2325,1673
2481,1591
2550,1530
2562,1515
2575,1542
2575,1603
2585,1701
2571,1812
2555,1944
2508,2084
2431,2217
2300,2322
2128,2406
1914,2460
1686,2495
1529,2491
1503,2473
1493,2426
1496,2388
1509,2327
1533,2265
1578,2193
1652,2134
1769,2043
1914,1940
2074,1821
2263,1710
2420,1611
2548,1550
2555,1509
2569,1538
2581,1580
2579,1653
2567,1754
2560,1887
2533,2037
2466,2170
2352,2281
2198,2370
1995,2441
1767,2483
1564,2505
1513,2487
1498,2451
1498,2403
1501,2346
1522,2288
1565,2251
1626,2160
1724,2084
1860,1983
2017,1869
2195,1753
2360,1647
2507,1565
2558,1528
2565,1519
2578,1553
2575,1625
2586,1726
2569,1845
2543,1983
2497,2121
2406,2246
2262,2347
2078,2425
1858,2482
1631,2502
1519,2494
1505,2471
1495,2421
1501,2374
1517,2313
1546,2254
1605,2188
1683,2121
1807,2034
1957,1918
2132,1800
2301,1692
2463,1602
2560,1546
2565,1519
2579,1541
2580,1598
2590,1692
2577,1799
2559,1930
2521,2073
2448,2202
2327,2317
2156,2404
1951,2461
1711,2498
1540,2501
1515,2492
1501,2445
1501,2398
1513,2342
1533,2282
1576,2219
1654,2152
1759,2071
1899,1966
2060,1853
2240,1737
2409,1636
2536,1567
2566,1532
2573,1535
2583,1572
2586,1655
2574,1763
2564,1884
2537,2027
2478,2160
2384,2281
2228,2379
2023,2444
1803,2493
1580,2500
1520,2499
1507,2463
1499,2415
1503,2365
1525,2305
1560,2244
1621,2178
1718,2108
1838,2006
1994,1893
2172,1776
2350,1668
2501,1583
2553,1534
2568,1528
2578,1552
2575,1607
2581,1714
2569,1828
2546,1964
2495,2102
2418,2227
2281,2337
2107,2411
1884,2459
1655,2490
1534,2502
1512,2480
1502,2440
1500,2375
1510,2313
1542,2258
1592,2194
1679,2133
1787,2037
1934,1934
2104,1818
2288,1704
2444,1608
2547,1543
2566,1516
2570,1531
2577,1585
2579,1667
2580,1780
2556,1903
2526,2053
2452,2182
2344,2301
2177,2388
1975,2454
1738,2494
1552,2501
1509,2482
1497,2446
1492,2401
1501,2337
1526,2279
1566,2218
1637,2147
1741,2075
1868,1971
2037,1854
2216,1744
2381,1632
2519,1560
2557,1519
2562,1518
2578,1562
2577,1631
2580,1733
2568,1861
2540,1993
2489,2132
2387,2259
2240,2355
2059,2425
1826,2482
1610,2498
1519,2488
1504,2462
1493,2420
1498,2360
1513,2300
1549,2240
1607,2176
1697,2110
1820,2013
1971,1899
2148,1779
2326,1675
2477,1580
2555,1535
2570,1510
2574,1541
2580,1599
2581,1698
2578,1816
2544,1933
2513,2092
2430,2214
2309,2323
2130,2408
1919,2467
1687,2500
1537,2500
1504,2466
1502,2439
1496,2386
1507,2328
1537,2267
1584,2209
1659,2134
1768,2060
1915,1949
2082,1830
2263,1722
2424,1623
2540,1553
2562,1524
2573,1526
2578,1582
2579,1661
2580,1772
2562,1895
2535,2033
2468,2174
2359,2278
2206,2382
2005,2449
1776,2496
1572,2500
1513,2493
1501,2456
1501,2409
1500,2354
1526,2291
1569,2234
1630,2173
1726,2090
1852,1995
2021,1883
2188,1761
2364,1656
2514,1579
2551,1526
2570,1528
2580,1560
2588,1635
2587,1732
2568,1851
2555,1982
2495,2129
2409,2255
2262,2347
2088,2431
1868,2476
1639,2510
1532,2504
1503,2476
1495,2430
1504,2378
1519,2321
1549,2258
1605,2196
1682,2121
1803,2032
1957,1928
2125,1806
2300,1694
2463,1606
2552,1546
2562,1518
2576,1543
2586,1600
2584,1685
2580,1797
2563,1935
2518,2061
2449,2207
2331,2323
2156,2398
1952,2462
1717,2495
1553,2515
1507,2479
1501,2445
1495,2394
1502,2331
1530,2275
1581,2218
1648,2154
1747,2062
1888,1959
2053,1847
2232,1727
2402,1638
2531,1557
2560,1523
2566,1523
2578,1569
2580,1651
2579,1748
2570,1883
2537,2009
2483,2151
2373,2269
2223,2364
2030,2433
1805,2485
1586,2499
1518,2486
1502,2459
1498,2413
1505,2349
1514,2290
1554,2226
1616,2169
1709,2097
1829,1999
1989,1882
2161,1768
2344,1667
2490,1573
2549,1526
2562,1513
2579,1551
2577,1606
2585,1711
2565,1815
2548,1957
2506,2106
2420,2219
2299,2334
2112,2409
1894,2459
1664,2484
1540,2488
1505,2469
1498,2424
1492,2377
1507,2317
1535,2257
1588,2193
1677,2128
1780,2036
1930,1930
2097,1809
2275,1697
2438,1605
2538,1541
2558,1509
2572,1529
2570,1579
2572,1660
2577,1785
2571,1919
2515,2038
2458,2183
2345,2294
2182,2388
1978,2452
1750,2490
1556,2502
1512,2486
1500,2455
1502,2403
1509,2346
1525,2283
1571,2224
1636,2160
1738,2074
1870,1975
2027,1861
2209,1747
2382,1644
2522,1563
2554,1521
2570,1521
2571,1561
2583,1636
2575,1738
2567,1863
2540,1993
2494,2138
2397,2262
2249,2353
2063,2434
1840,2481
1615,2504
1517,2493
1508,2469
1493,2421
1501,2366
1517,2308
1555,2260
1609,2185
1695,2113
1823,2023
1971,1908
2148,1796
2322,1692
2477,1592
2548,1541
2571,1529
2581,1549
2588,1610
2585,1700
2580,1814
2560,1940
2513,2081
2439,2224
2315,2322
2145,2410
1926,2473
1697,2497
1535,2508
1508,2487
1489,2440
1493,2398
1514,2333
1541,2279
1586,2214
1659,2148
1767,2057
1912,1959
2080,1843
2258,1725
2425,1630
2539,1552
2565,1521
2573,1540
2578,1574
2581,1664
2582,1771
2572,1901
2530,2029
2470,2165
2360,2286
2207,2380
2010,2446
1772,2484
1574,2496
1519,2489
1494,2443
1495,2410
1504,2352
1519,2290
1567,2229
1627,2170
1720,2090
1850,1989
2013,1883
2182,1760
2360,1659
2506,1576
2551,1522
2570,1521
2576,1555
2579,1624
2580,1720
2568,1840
2550,1970
2497,2114
2408,2241
2266,2338
2086,2419
1865,2473
1633,2496
1519,2497
1502,2467
1495,2425
1499,2370
1512,2308
1543,2254
1596,2185
1677,2115
1791,2023
1950,1924
2113,1798
2289,1687
2468,1596
2548,1528
2572,1505
2574,1534
2573,1589
2580,1682
2583,1790
2552,1913
2511,2059
2449,2189
2325,2310
2167,2386
1956,2452
1723,2492
1543,2496
1509,2476
1493,2440
1495,2388
1503,2336
1525,2271
1576,2208
1646,2144
1744,2062
1883,1961
2052,1844
2231,1729
2400,1633
2527,1554
2555,1513
2567,1524
2576,1564
2578,1643
2576,1748
2568,1878
2531,2002
2487,2149
2373,2260
2231,2365
2039,2439
1814,2486
1593,2505
1515,2489
1502,2459
1499,2413
1502,2364
1520,2299
1556,2243
1614,2175
1705,2103
1833,2009
1986,1895
2169,1781
2339,1666
2495,1588
2554,1534
2562,1517
2579,1552
2577,1615
2584,1715
2576,1827
2546,1958
2505,2103
2425,2230
2292,2335
2111,2414
1897,2475
1664,2497
1535,2503
1503,2478
1501,2437
1496,2381
1515,2329
1546,2269
1594,2208
1668,2137
1786,2047
1931,1944
2105,1827
2275,1707
2444,1623
2567,1542
2565,1517
2573,1537
2581,1588
2578,1675
2580,1788
2560,1916
2528,2052
2463,2182
2350,2299
2186,2392
1991,2461
1751,2499
1562,2508
1512,2495
1497,2461
1503,2408
1517,2356
1529,2293
1572,2231
1643,2161
1734,2086
1871,1985
2032,1868
2210,1756
2381,1654
2522,1574
2560,1532
2569,1526
2577,1571
2579,1633
2583,1739
2574,1856
2547,1995
2490,2135
2397,2253
2244,2349
2067,2435
1848,2481
1613,2503
1520,2496
1504,2463
1498,2418
1505,2376
1511,2310
1541,2241
1611,2188
1697,2120
1812,2013
1966,1903
2137,1784
2322,1679
2474,1595
2551,1537
2564,1515
2574,1541
2578,1603
2579,1694
2575,1804
2554,1935
2512,2082
2434,2211
2313,2321
2137,2399
1930,2465
1696,2495
1536,2502
1511,2481
1495,2436
1498,2388
1508,2324
1539,2274
1580,2202
1648,2128
1768,2056
1903,1945
2072,1833
2253,1723
2415,1621
2536,1556
2558,1518
2568,1528
2575,1570
2578,1652
2566,1748
2568,1875
2527,2015
2467,2149
2371,2286
2213,2366
2009,2433
1786,2482
1570,2498
1513,2482
1498,2452
1493,2405
1502,2352
1520,2290
1562,2229
1627,2162
1719,2086
1848,1987
2006,1876
2180,1763
2350,1653
2501,1570
2553,1525
2569,1520
2573,1551
2576,1619
2578,1719
2571,1839
2546,1969
2499,2114
2410,2237
2275,2339
2088,2416
1877,2468
1647,2497
1522,2500
1508,2474
1496,2428
1501,2376
1514,2319
1546,2261
1596,2194
1682,2125
1790,2034
1948,1920
2119,1810
2295,1701
2452,1627
2551,1549
2560,1519
2575,1539
2579,1592
2580,1681
2581,1797
2558,1919
2523,2064
2451,2198
2331,2307
2168,2393
1957,2457
1733,2493
1545,2501
1512,2486
1499,2449
1498,2400
1510,2349
1530,2282
1573,2216
1642,2157
1756,2081
1886,1970
2055,1855
2226,1739
2402,1638
2527,1561
2561,1535
2569,1526
2576,1570
2585,1647
2587,1757
2569,1875
2546,2015
2486,2144
2384,2272
2232,2369
2044,2445
1819,2490
1594,2505
1514,2497
1505,2462
1496,2423
1506,2368
1522,2308
1553,2246
1613,2182
1708,2112
1833,2010
1985,1908
2166,1787
2336,1677
2493,1592
2557,1541
2568,1526
2578,1553
2582,1619
2585,1715
2576,1822
2554,1962
2507,2095
2425,2229
2280,2318
2110,2402
1894,2459
1675,2497
1534,2511
1515,2484
1495,2435
1501,2375
1509,2326
1535,2264
1587,2200
1669,2133
1773,2041
1931,1946
2090,1814
2262,1703
2435,1617
2541,1544
2563,1518
2568,1530
2579,1584
2580,1667
2578,1774
2565,1899
2525,2042
2462,2176
2345,2288
2191,2391
1986,2451
1760,2490
1561,2500
1512,2487
1499,2451
1493,2399
1507,2347
1524,2284
1567,2227
1631,2156
1731,2081
1867,1975
2029,1856
2206,1747
2368,1641
2521,1569
2555,1522
2569,1517
2576,1553
2580,1633
2577,1727
2562,1843
2547,1983
2494,2116
2389,2236
2256,2339
2073,2420
1845,2481
1619,2497
1527,2489
1504,2460
1485,2412
1499,2361
1518,2311
1553,2251
1602,2181
1687,2107
1807,2018
1957,1908
2134,1793
2313,1678
2470,1595
2547,1533
2560,1510
2574,1540
2578,1600
2580,1690
2574,1806
2540,1936
2514,2080
2441,2210
2319,2320
2148,2400
1941,2463
1703,2492
1532,2500
1509,2478
1498,2443
1494,2390
1509,2340
1532,2271
1580,2209
1655,2143
1761,2060
1900,1956
2069,1838
2247,1724
2418,1629
2535,1553
2561,1523
2569,1528
2579,1573
2582,1651
2579,1757
2565,1885
2532,2022
2473,2165
2369,2284
2217,2376
2022,2446
1785,2489
1577,2505
1513,2490
1503,2466
1495,2414
1508,2361
1522,2299
1565,2237
1621,2173
1719,2096
1851,2002
2009,1894
2184,1775
2357,1663
2499,1579
2550,1528
2572,1526
2576,1554
2579,1620
2583,1719
2581,1835
2551,1973
2510,2115
2417,2238
2285,2346
2092,2410
1880,2484
1659,2502
1533,2500
1511,2485
1496,2430
1501,2380
1515,2327
1545,2270
1601,2197
1671,2128
1795,2041
1939,1940
2115,1818
2293,1708
2454,1610
2548,1548
2564,1523
2577,1538
2580,1599
2583,1683
2576,1794
2564,1921
2525,2063
2454,2193
2339,2308
2169,2395
1975,2457
1727,2494
1539,2505
1508,2487
1504,2450
1497,2397
1506,2342
1530,2270
1574,2218
1641,2149
1744,2072
1883,1970
2038,1847
2218,1742
2388,1638
2528,1562
2554,1516
2572,1529
2577,1563
2582,1641
2576,1744
2568,1869
2541,2005
2476,2141
2383,2263
2234,2358
2047,2437
1820,2478
1603,2504
1514,2495
1502,2459
1497,2417
1503,2362
1517,2299
1552,2239
1611,2193
1701,2098
1828,2007
1977,1897
2159,1785
2332,1670
2487,1587
2549,1529
2565,1517
2573,1546
2578,1608
2582,1700
2570,1814
2549,1949
2507,2093
2423,2217
2297,2323
2121,2414
1910,2470
1676,2487
1531,2494
1504,2477
1498,2427
1496,2375
1511,2324
1541,2256
1584,2198
1660,2120
1771,2039
1927,1938
2085,1822
2265,1707
2430,1617
2542,1543
2558,1511
2569,1527
2575,1582
2578,1661
2577,1770
2563,1897
2526,2033
2463,2173
2351,2287
2198,2385
1998,2448
1760,2486
1566,2500
1514,2488
1501,2451
1494,2401
1505,2350
1528,2299
1563,2220
1634,2160
1731,2086
1864,1986
2019,1865
2201,1756
2369,1648
2515,1571
2557,1527
2568,1523
2574,1555
2580,1636
2579,1729
2568,1848
2543,1986
2493,2126
2404,2254
2262,2344
2078,2430
1854,2481
1634,2506
1527,2503
1503,2466
1495,2425
1499,2372
1523,2320
1546,2255
1607,2186
1688,2114
1812,2030
1965,1921
2134,1796
2317,1694
2473,1605
2551,1543
2570,1524
2578,1544
2578,1604
2585,1687
2576,1809
2563,1915
2520,2086
2446,2211
2316,2316
2153,2403
1940,2466
1706,2499
1541,2503
1507,2496
1498,2451
1502,2407
1505,2345
1539,2281
1580,2211
1659,2147
1761,2069
1905,1965
2067,1845
2247,1733
2411,1628
2537,1560
2561,1524
2572,1531
2575,1576
2585,1654
2575,1755
2564,1884
2532,2019
2479,2165
2363,2269
2212,2363
2026,2444
1791,2491
1580,2495
1516,2492
1502,2465
1495,2412
1498,2355
1529,2299
1559,2229
1622,2182
1705,2093
1846,2005
1999,1886
2174,1770
2355,1672
2501,1580
2557,1525
2560,1513
2583,1556
2581,1623
2582,1708
2574,1836
2548,1960
2502,2109
2415,2230
2283,2338
2098,2411
1885,2471
1646,2496
1528,2490
1498,2471
1493,2423
1498,2372
1512,2317
1543,2260
1596,2193
1679,2126
1784,2030
1936,1926
2103,1808
2283,1702
2450,1611
2548,1546
2554,1511
2569,1519
2576,1585
2581,1663
2564,1777
2565,1923
2525,2062
2453,2178
2332,2297
2174,2383
1967,2451
1733,2482
1547,2498
1503,2484
1496,2447
1490,2394
1510,2335
1531,2280
1577,2222
1638,2147
1742,2075
1877,1967
2039,1856
2216,1739
2385,1636
2524,1564
2557,1520
2565,1519
2577,1560
2577,1633
2577,1738
2567,1863
2543,1999
2485,2141
2384,2258
2238,2355
2054,2431
1827,2477
1605,2498
1518,2490
1500,2461
1500,2428
1501,2361
1517,2305
1554,2245
1614,2179
1701,2102
1824,2011
1979,1884
2151,1783
2332,1678
2481,1588
2549,1534
2562,1517
2577,1544
2582,1615
2604,1702
2578,1816
2550,1951
2509,2092
2428,2219
2306,2331
2114,2414
1918,2472
1682,2500
1533,2499
1508,2480
1500,2435
1498,2389
1509,2326
1542,2271
1585,2206
1667,2143
1777,2055
1920,1949
2085,1833
2265,1726
2423,1619
2543,1556
2565,1524
2578,1540
2583,1582
2584,1666
2582,1777
2567,1900
2527,2039
2463,2173
2363,2299
2204,2387
2001,2454
1777,2495
1564,2501
1508,2493
1498,2455
1496,2407
1506,2357
1534,2301
1569,2230
1632,2171
1731,2098
1860,1994
2015,1873
2201,1757
2371,1659
2513,1575
2562,1536
2569,1528
2579,1562
2583,1634
2582,1731
2574,1851
2546,1985
2495,2126
2406,2252
2265,2354
2074,2426
1858,2481
1626,2501
1521,2497
1503,2471
1499,2434
1501,2375
1515,2314
1549,2258
1601,2189
1684,2118
1809,2025
1962,1925
2126,1801
2308,1691
2460,1600
2547,1534
2564,1522
2574,1540
2581,1595
2576,1687
2580,1801
2561,1932
2521,2068
2442,2205
2325,2313
2154,2399
1944,2458
1711,2496
1537,2497
1510,2482
1497,2440
1496,2390
1510,2338
1532,2272
1576,2214
1648,2142
1760,2065
1890,1956
2067,1841
2234,1728
2403,1623
2530,1554
2556,1515
2565,1519
2579,1563
2577,1647
2575,1754
2568,1878
2534,2014
2477,2150
2368,2261
2216,2364
2028,2437
1802,2478
1578,2498
1515,2492
1502,2455
1493,2409
1499,2347
1526,2300
1563,2246
1619,2173
1716,2093
1833,2001
1990,1886
2160,1759
2352,1669
2500,1578
2554,1520
2561,1514
2576,1544
2579,1612
2583,1707
2570,1824
2547,1958
2503,2100
2418,2223
2284,2333
2107,2413
1890,2473
1656,2495
1525,2497
1504,2472
1499,2430
1494,2379
1512,2321
1544,2260
1593,2198
1672,2128
1797,2045
1936,1937
2101,1807
2285,1703
2449,1615
2543,1544
2562,1516
2571,1532
2579,1589
2578,1674
2577,1785
2558,1913
2526,2053
2458,2188
2340,2302
2180,2393
1972,2458
1749,2495
1552,2505
1515,2487
1504,2457
1497,2397
1507,2348
1525,2285
1573,2224
1636,2160
1740,2080
1878,1979
2039,1861
2213,1744
2388,1644
2522,1563
2562,1533
2571,1526
2580,1567
2587,1648
2581,1744
2568,1864
2542,2000
2491,2142
2391,2265
2244,2361
2056,2444
1839,2489
1611,2506
1519,2499
1501,2464
1501,2424
1510,2369
1519,2312
1555,2258
1615,2187
1693,2114
1817,2020
1979,1911
2152,1791
2327,1680
2481,1596
2556,1547
2564,1522
2576,1549
2579,1614
2584,1705
2577,1820
2556,1955
2516,2090
2435,2222
2305,2328
2129,2409
1919,2469
1685,2498
1535,2507
1510,2478
1493,2437
1500,2391
1510,2330
1537,2270
1584,2205
1665,2144
1775,2060
1915,1943
2085,1837
2259,1716
2424,1610
2552,1559
2562,1519
2574,1527
2577,1577
2577,1656
2574,1766
2568,1899
2533,2036
2467,2176
2356,2283
2203,2380
2006,2446
1769,2488
1566,2502
1512,2487
1502,2455
1497,2405
1505,2348
1525,2288
1563,2226
1624,2165
1725,2085
1857,1989
2014,1870
2189,1754
2362,1649
2511,1572
2554,1521
2570,1522
2571,1553
2574,1620
2575,1721
2569,1842
2549,1977
2502,2120
2407,2243
2270,2352
2082,2420
1860,2460
1633,2493
1521,2491
1502,2462
1497,2424
1496,2372
1516,2299
1540,2254
1602,2180
1681,2120
1799,2022
1955,1904
2120,1800
2306,1690
2457,1599
2543,1533
2565,1514
2569,1536
2576,1595
2576,1680
2572,1796
2557,1925
2517,2072
2445,2199
2324,2308
2158,2366
1954,2465
1719,2494
1540,2501
1510,2488
1503,2437
1498,2394
1506,2337
1528,2272
1577,2215
1658,2157
1761,2065
1892,1975
2057,1847
2233,1735
2405,1630
2533,1560
2555,1523
2570,1525
2573,1568
2581,1651
2577,1758
2568,1881
2537,2014
2480,2151
2375,2273
2225,2366
2031,2440
1802,2489
1588,2509
1516,2494
1518,2463
1501,2425
1503,2362
1528,2304
1556,2242
1624,2176
1705,2098
1837,2002
1995,1896
2177,1781
2349,1670
2495,1583
2560,1535
2566,1517
2575,1551
2588,1624
2580,1706
2570,1831
2552,1960
2504,2102
2427,2235
2285,2338
2115,2411
1894,2471
1668,2509
1529,2507
1503,2479
1500,2440
1503,2384
1510,2324
1539,2267
1595,2201
1669,2137
1794,2054
1930,1940
2106,1827
2280,1708
2438,1622
2549,1551
2568,1526
2580,1542
2582,1595
2583,1673
2578,1780
2562,1917
2524,2050
2461,2188
2346,2301
2194,2391
1983,2457
1747,2495
1558,2502
1511,2487
1501,2449
1496,2404
1507,2344
1528,2281
1571,2225
1633,2155
1744,2084
1873,1981
2035,1867
2213,1743
2384,1645
2522,1558
2552,1512
2561,1514
2580,1560
2583,1636
2576,1731
2567,1856
2538,1994
2490,2134
2393,2253
2247,2358
2061,2432
1839,2483
1611,2499
1519,2492
1499,2463
1496,2413
1498,2364
1514,2309
1550,2247
1611,2184
1696,2111
1816,2019
1973,1907
2140,1784
2323,1677
2473,1590
2548,1534
2557,1515
2575,1544
2581,1601
2579,1695
2573,1809
2555,1938
2512,2080
2433,2205
2307,2316
2132,2398
1915,2467
1687,2496
1534,2502
1504,2478
1500,2434
1494,2381
1508,2322
1535,2269
1581,2200
1655,2131
1771,2054
1910,1947
2075,1822
2256,1716
2415,1618
2536,1545
2554,1526
2566,1523
2573,1567
2572,1650
2573,1765
2561,1889
2529,2025
2465,2161
2358,2277
2203,2376
2011,2442
1776,2487
1572,2502
1514,2488
1500,2450
1500,2409
1500,2341
1517,2290
1564,2232
1625,2162
1717,2087
1852,1992
2009,1876
2191,1771
2359,1656
2507,1574
2555,1525
2561,1519
2577,1556
2581,1623
2583,1728
2573,1842
2544,1979
2497,2121
2407,2242
2268,2344
2085,2418
1867,2472
1638,2501
1531,2497
1504,2477
1500,2424
1501,2371
1512,2311
1550,2260
1601,2195
1686,2129
1801,2035
1955,1928
2124,1810
2301,1700
2465,1611
2549,1542
2565,1521
2576,1538
2578,1595
2583,1680
2579,1803
2563,1931
2523,2069
2451,2198
2330,2314
2162,2398
1959,2465
1727,2505
1550,2506
1513,2482
1503,2451
1497,2393
1511,2349
1538,2285
1574,2221
1648,2151
1754,2071
1893,1974
2055,1855
2235,1750
2407,1643
2533,1559
2568,1523
2575,1510
2586,1569
2582,1658
2579,1749
2570,1878
2541,2016
2480,2156
2382,2273
2232,2371
2039,2445
1820,2490
1595,2504
1514,2493
1505,2463
1499,2418
1500,2363
1523,2306
1559,2241
1615,2158
1709,2114
1838,2009
1988,1898
2158,1773
2339,1671
2487,1573
2555,1534
2566,1520
2575,1552
2580,1616
2580,1709
2574,1824
2553,1958
2504,2099
2420,2217
2295,2333
2113,2413
1902,2467
1666,2497
1526,2498
1506,2474
1496,2429
1500,2381
1512,2322
1541,2263
1590,2200
1666,2130
1781,2040
1925,1934
2102,1820
2271,1707
2434,1613
2542,1544
2563,1517
2568,1527
2577,1584
2580,1663
2575,1773
2557,1902
2529,2047
2456,2174
2346,2293
2183,2381
1980,2446
1749,2479
1557,2491
1509,2482
1506,2449
1489,2399
1509,2341
1522,2285
1575,2218
1632,2157
1731,2073
1871,1976
2021,1851
2202,1747
2373,1627
2511,1565
2557,1515
2567,1515
2574,1559
2580,1621
2574,1730
2566,1848
2543,1986
2487,2124
2397,2250
2244,2352
2059,2425
1842,2473
1616,2497
1519,2494
1502,2463
1493,2419
1501,2364
1513,2315
1552,2248
1605,2183
1692,2114
1814,2017
1964,1908
2139,1792
2316,1688
2474,1596
2550,1538
2562,1519
2577,1548
2582,1606
2583,1711
2568,1809
2556,1940
2514,2081
2440,2208
2316,2323
2146,2404
1931,2465
1697,2492
1542,2500
1511,2485
1501,2441
1498,2391
1512,2334
1532,2272
1587,2212
1656,2144
1769,2059
1903,1955
2072,1836
2254,1725
2417,1630
2541,1561
2561,1527
2573,1530
2578,1575
2584,1656
2579,1766
2570,1896
2540,2031
2472,2169
2374,2284
2216,2382
2015,2447
1780,2490
1577,2508
1518,2495
1507,2455
1503,2416
1513,2357
1527,2305
1559,2241
1629,2178
1722,2105
1852,2009
2005,1885
2184,1774
2356,1660
2500,1578
2560,1535
2568,1524
2582,1567
2582,1626
2580,1725
2572,1841
2550,1976
2503,2116
2418,2248
2278,2345
2095,2425
1875,2478
1643,2499
1527,2499
1508,2481
1490,2426
1499,2369
1523,2323
1552,2268
1593,2200
1686,2125
1795,2036
1947,1924
2120,1809
2293,1699
2456,1605
2549,1542
2564,1522
2572,1535
2583,1594
2578,1675
2574,1791
2556,1917
2514,2059
2449,2191
2326,2304
2163,2389
1958,2451
1725,2489
1546,2498
1511,2479
1502,2442
1497,2393
1508,2338
1525,2279
1573,2217
1640,2149
1749,2070
1883,1967
2044,1847
2230,1738
2393,1638
2532,1560
2554,1518
2570,1521
2576,1567
2578,1643
2574,1745
2570,1869
2536,1999
2484,2147
2379,2259
2233,2357
2039,2434
1818,2476
1598,2497
1515,2482
1502,2460
1493,2409
1502,2353
1513,2293
1559,2240
1612,2167
1707,2105
1834,2012
1985,1891
2153,1773
2330,1662
2486,1578
2549,1525
2562,1507
2571,1541
2582,1603
2584,1704
2569,1816
2546,1944
2514,2090
2420,2220
2297,2324
2122,2409
1908,2467
1673,2496
1531,2494
1506,2470
1498,2432
1497,2382
1511,2323
1542,2268
1584,2194
1658,2130
1776,2048
1925,1941
2092,1822
2275,1711
2443,1613
2542,1544
2560,1506
2570,1531
2576,1583
2579,1661
2577,1777
2558,1901
2527,2045
2463,2175
2349,2292
2189,2384
1988,2449
1753,2487
1564,2504
1511,2484
1503,2455
1496,2403
1506,2350
1527,2290
1567,2231
1636,2163
1736,2086
1877,1991
2026,1869
2209,1755
2379,1655
2521,1575
2560,1531
2569,1529
2582,1566
2581,1633
2585,1737
2569,1857
2542,1985
2493,2128
2392,2252
2260,2353
2072,2434
1850,2486
1616,2509
1529,2499
1505,2466
1494,2438
1509,2360
1517,2313
1549,2251
1605,2193
1694,2116
1809,2029
1971,1913
2134,1796
2320,1695
2473,1604
2553,1545
2566,1523
2579,1542
2581,1608
2586,1696
2576,1815
2560,1938
2518,2083
2442,2217
2319,2326
2149,2407
1935,2467
1695,2500
1541,2507
1513,2489
1496,2440
1504,2402
1511,2337
1537,2273
1589,2214
1660,2144
1755,2053
1907,1950
2072,1841
2239,1722
2413,1628
2545,1569
2565,1526
2565,1530
2579,1577
2578,1651
2583,1757
2561,1883
2535,2020
2471,2159
2364,2282
2211,2370
2014,2442
1789,2483
1575,2505
1514,2493
1499,2457
1495,2408
1495,2351
1523,2294
1559,2233
1622,2168
1721,2095
1845,1994
2004,1880
2175,1764
2355,1660
2499,1576
2555,1526
2564,1517
2577,1550
2578,1618
2581,1714
2569,1836
2549,1966
2492,2106
2413,2235
2279,2341
2099,2418
1883,2476
1643,2490
1517,2489
1509,2472
1496,2427
1496,2378
1515,2318
1544,2257
1600,2186
1677,2124
1794,2035
1944,1929
2112,1809
2281,1687
2450,1598
2542,1533
2557,1511
2568,1528
2567,1585
2580,1672
2574,1793
2560,1916
2523,2054
2445,2185
2326,2300
2169,2392
1963,2455
1734,2487
1546,2496
1510,2481
1498,2445
1494,2395
1505,2337
1525,2273
1572,2219
1640,2147
1747,2076
1885,1966
2043,1850
2222,1736
2391,1636
2526,1561
2555,1521
2570,1525
2576,1564
2577,1654
2578,1741
2564,1871
2538,2005
2484,2144
2383,2266
2238,2360
2050,2439
1826,2483
1601,2502
1518,2495
1501,2470
1498,2416
1502,2363
1522,2310
1557,2246
1612,2184
1708,2107
1827,2014
1983,1903
2156,1782
2339,1679
2493,1593
2550,1535
2566,1518
2576,1545
2581,1612
2584,1706
2576,1826
2549,1951
2510,2095
2430,2226
2303,2330
2128,2412
1912,2466
1685,2511
1529,2498
1502,2479
1501,2445
1501,2389
1513,2331
1542,2273
1587,2211
1665,2140
1779,2056
1927,1946
2113,1833
2264,1720
2435,1625
2547,1562
2565,1523
2581,1539
2583,1592
2584,1689
2581,1781
2566,1907
2533,2042
2466,2179
2354,2292
2201,2391
1998,2455
1770,2492
1567,2507
1517,2491
1502,2456
1490,2406
1507,2348
1526,2293
1566,2232
1632,2158
1732,2086
1863,1986
2023,1873
2198,1756
2374,1654
2511,1570
2555,1529
2570,1519
2588,1561
2585,1623
2580,1731
2573,1855
2545,1987
2502,2129
2403,2244
2267,2351
2068,2418
1855,2477
1623,2493
1531,2501
1507,2477
1497,2422
1505,2372
1513,2306
1546,2249
1603,2190
1687,2117
1805,2025
1961,1913
2132,1798
2306,1686
2472,1598
2549,1535
2565,1516
2574,1538
2574,1597
2578,1686
2576,1800
2558,1930
2515,2071
2439,2204
2320,2314
2146,2393
1942,2463
1710,2495
1544,2502
1509,2476
1497,2439
1496,2385
1509,2337
1529,2271
1576,2209
1647,2136
1758,2057
1894,1957
2065,1831
2235,1722
2415,1624
2531,1552
2555,1510
2571,1527
2573,1563
2576,1647
2579,1752
2562,1882
2529,2015
2474,2150
2369,2274
2220,2384
2024,2436
1797,2481
1579,2495
1516,2490
1506,2456
1493,2407
1503,2353
1519,2295
1560,2232
1613,2165
1716,2095
1838,1990
1995,1881
2170,1769
2346,1656
2498,1580
2550,1529
2564,1517
2572,1551
2576,1617
2574,1716
2572,1832
2550,1963
2503,2109
2418,2231
2282,2336
2106,2422
1887,2471
1655,2500
1522,2496
1512,2477
1497,2430
1501,2379
1516,2321
1545,2265
1597,2197
1673,2128
1789,2042
1935,1935
2112,1814
2284,1704
2454,1616
2544,1544
2565,1526
2576,1537
2576,1594
2593,1678
2577,1781
2563,1919
2523,2054
2459,2193
2340,2304
2176,2393
1972,2454
1741,2491
1551,2506
1514,2491
1501,2451
1497,2405
1508,2346
1523,2292
1572,2225
1641,2162
1742,2083
1885,1991
2040,1866
2219,1746
2391,1649
2522,1565
2562,1525
2568,1534
2581,1558
2585,1649
2575,1747
2572,1871
2547,2007
2489,2141
2393,2261
2244,2362
2056,2442
1827,2484
1607,2507
1520,2498
1506,2467
1493,2423
1506,2372
1532,2312
1554,2248
1609,2183
1704,2118
1824,2021
1973,1915
2149,1790
2326,1680
2491,1606
2553,1535
2566,1524
2573,1543
2597,1620
2590,1709
2560,1786
2553,1944
2510,2086
2430,2217
2302,2325
2130,2407
1917,2471
1686,2496
1527,2501
1517,2482
1497,2437
1497,2382
1509,2328
1535,2264
1588,2206
1660,2132
1772,2053
1914,1946
2083,1825
2263,1715
2428,1618
2542,1550
2555,1518
2570,1531
2573,1577
2583,1657
2574,1765
2564,1895
2530,2035
2465,2168
2356,2286
2200,2382
1998,2446
1771,2485
1559,2492
1509,2481
1503,2445
1501,2400
1501,2339
1526,2280
1565,2224
1625,2160
1727,2081
1851,1985
2016,1865
2190,1749
2372,1650
2510,1565
2550,1518
2564,1511
2565,1549
2575,1615
2573,1723
2569,1842
2544,1977
2494,2121
2401,2230
2265,2346
2077,2418
1866,2463
1631,2487
1525,2499
1506,2470
1491,2416
1500,2369
1515,2313
1546,2250
1597,2183
1682,2115
1805,2027
1956,1914
2130,1807
2298,1686
2460,1600
2540,1525
2562,1518
2572,1537
2578,1597
2581,1689
2576,1800
2566,1920
2516,2069
2440,2205
2322,2307
2157,2401
1948,2462
1716,2499
1545,2505
1507,2482
1497,2445
1497,2395
1513,2343
1533,2275
1577,2219
1646,2147
1752,2065
1898,1966
2062,1843
2242,1738
2409,1634
2532,1564
2558,1522
2568,1528
2578,1574
2582,1648
2585,1761
2572,1881
2542,2022
2475,2156
2374,2275
2223,2375
2030,2446
1797,2487
1589,2506
1515,2494
1503,2467
1499,2422
1507,2365
1529,2313
1559,2246
1625,2176
1717,2106
1845,2008
1994,1886
2166,1787
2350,1671
2501,1593
2558,1527
2567,1529
2585,1553
2586,1622
2584,1719
2583,1837
2547,1970
2506,2106
2426,2235
2282,2341
2109,2421
1894,2478
1655,2504
1529,2503
1506,2476
1496,2434
1501,2379
1518,2328
1542,2267
1594,2204
1667,2127
1789,2039
1935,1937
2105,1816
2281,1705
2445,1613
2550,1545
2564,1521
2561,1525
2577,1575
2587,1682
2571,1781
2568,1919
2521,2052
2459,2188
2336,2294
2181,2384
1971,2455
1739,2490
1552,2503
1511,2486
1501,2458
1498,2406
1504,2336
1526,2278
1572,2225
1641,2155
1740,2076
1879,1975
2039,1858
2213,1743
2390,1641
2515,1563
2562,1524
2566,1523
2578,1560
2577,1634
2580,1741
2567,1859
2538,1994
2483,2135
2381,2257
2247,2354
2051,2428
1830,2481
1599,2491
1518,2485
1500,2456
1497,2420
1504,2359
1518,2305
1551,2238
1600,2169
1698,2107
1821,2010
1965,1900
2145,1789
2321,1669
2477,1581
2555,1534
2564,1509
2572,1540
2576,1599
2577,1688
2573,1802
2548,1938
2508,2081
2433,2209
2304,2320
2128,2407
1919,2464
1686,2497
1525,2497
1514,2485
1494,2432
1494,2384
1510,2324
1535,2265
1582,2200
1658,2133
1772,2051
1896,1944
2081,1826
2259,1715
2426,1616
2540,1552
2563,1518
2575,1530
2578,1576
2580,1655
2578,1764
2565,1895
2536,2033
2460,2167
2357,2283
2201,2382
2001,2445
1775,2488
1570,2506
1518,2492
1501,2458
1496,2412
1505,2352
1522,2293
1567,2235
1630,2169
1727,2095
1856,1989
2024,1877
2190,1759
2368,1656
2511,1577
2558,1524
2565,1521
2578,1557
2584,1623
2578,1724
2572,1845
2542,1979
2504,2123
2402,2248
2270,2349
2084,2425
1862,2477
1631,2509
1527,2507
1507,2475
1497,2430
1499,2378
1520,2317
1550,2261
1602,2194
1682,2119
1800,2029
1955,1924
2126,1805
2304,1699
2468,1603
2554,1545
2564,1522
2579,1541
2578,1596
2589,1688
2576,1797
2560,1933
2520,2065
2443,2211
2331,2324
2156,2412
1947,2466
1722,2495
1542,2506
1514,2488
1502,2450
1496,2395
1511,2344
1533,2281
1576,2217
1649,2151
1750,2065
1895,1966
2059,1847
2235,1735
2408,1635
2533,1560
2561,1519
2565,1515
2577,1572
2581,1653
2580,1756
2560,1874
2543,2025
2476,2151
2379,2272
2226,2365
2031,2432
1801,2483
1589,2502
1517,2491
1500,2460
1500,2417
1507,2358
1522,2295
1555,2242
1618,2178
1707,2102
1838,2002
1994,1893
2162,1772
2344,1663
2494,1581
2549,1522
2569,1520
2576,1545
2579,1616
2579,1706
2572,1821
2548,1962
2503,2097
2415,2226
2286,2330
2109,2413
1888,2465
1659,2499
1524,2494
1504,2473
1497,2424
1497,2382
1511,2320
1534,2255
1591,2198
1666,2129
1779,2035
1936,1933
2100,1818
2283,1700
2442,1616
2546,1538
2555,1513
2570,1534
2577,1584
2579,1671
2575,1778
2560,1911
2527,2052
2454,2182
2344,2292
2186,2379
1980,2446
1742,2483
1553,2502
1505,2487
1492,2448
1494,2396
1503,2341
1528,2278
1567,2218
1635,2147
1733,2075
1872,1972
2031,1858
2211,1745
2380,1640
2519,1563
2555,1521
2563,1527
2574,1562
2577,1634
2579,1737
2565,1856
2541,1994
2488,2134
2396,2256
2247,2360
2056,2426
1835,2486
1617,2503
1514,2489
1503,2463
1491,2416
1501,2363
1519,2307
1552,2247
1608,2181
1698,2112
1819,2024
1973,1901
2148,1781
2319,1677
2485,1594
2549,1541
2566,1523
2576,1541
2583,1608
2582,1699
2579,1807
2555,1946
2513,2088
2438,2220
2310,2328
2138,2410
1921,2467
1691,2501
1541,2500
1508,2484
1499,2443
1497,2383
1510,2339
1535,2278
1588,2208
1660,2146
1768,2058
1917,1958
2077,1832
2254,1722
2423,1627
2542,1558
2564,1525
2573,1537
2585,1582
2583,1659
2578,1767
2568,1894
2533,2034
2475,2178
2367,2295
2211,2379
2015,2460
1786,2491
1575,2505
1512,2495
1511,2459
1498,2411
1503,2358
1522,2295
1566,2237
1623,2172
1723,2093
1849,1988
2012,1879
2183,1767
2359,1659
2509,1576
2558,1532
2564,1524
2576,1550
2582,1628
2578,1727
2583,1850
2553,1979
2501,2118
2408,2240
2271,2343
2090,2423
1871,2473
1629,2502
1523,2498
1502,2468
1500,2425
1503,2372
1521,2320
1541,2251
1603,2198
1680,2121
1793,2031
1947,1924
2118,1806
2296,1696
2458,1602
2547,1538
2561,1514
2574,1534
2575,1593
2585,1683
2573,1790
2562,1922
2519,2061
2448,2195
2330,2305
2162,2391
1955,2453
1720,2490
1545,2495
1508,2477
1501,2444
1490,2388
1512,2339
1527,2273
1576,2218
1643,2147
1749,2059
1882,1955
2052,1837
2223,1718
2390,1616
2523,1547
2554,1517
2568,1524
2573,1568
2581,1643
2578,1743
2570,1870
2523,2002
2477,2143
2374,2271
2232,2355
2039,2435
1815,2483
1591,2494
1511,2486
1502,2449
1493,2399
1506,2359
1517,2297
1558,2237
1614,2172
1706,2100
1832,2002
1985,1891
2162,1774
2339,1671
2491,1580
2549,1528
2564,1513
2576,1545
2579,1613
2578,1705
2574,1831
2550,1955
2509,2097
2423,2216
2294,2333
2112,2414
1900,2468
1672,2506
1532,2498
1507,2480
1501,2432
1503,2384
1510,2323
1541,2265
1595,2206
1672,2135
1781,2050
1932,1936
2097,1821
2276,1705
2444,1616
2552,1547
2562,1520
2570,1533
2581,1592
2582,1671
2576,1782
2560,1909
2528,2046
2460,2183
2346,2294
2187,2392
1990,2454
1756,2493
1563,2507
1511,2491
1499,2456
1496,2405
1513,2354
1524,2292
1571,2228
1634,2161
1741,2080
1874,1985
2037,1870
2209,1745
2381,1657
2522,1569
2565,1534
2571,1524
2584,1574
2582,1640
2586,1746
2574,1867
2552,2001
2487,2139
2402,2262
2249,2367
2057,2433
1845,2480
1618,2500
1521,2493
1508,2473
1497,2429
1500,2374
1519,2314
1553,2251
1608,2192
1696,2118
1814,2023
1967,1912
2142,1795
2320,1688
2475,1599
2555,1534
2571,1529
2572,1542
2577,1602
2579,1683
2576,1808
2558,1944
2516,2077
2437,2212
2315,2319
2139,2407
1930,2465
1691,2503
1538,2504
1509,2483
1498,2440
1496,2391
1509,2326
1530,2274
1582,2205
1658,2143
1766,2057
1910,1954
2076,1837
2248,1722
2417,1625
2537,1555
2558,1520
2567,1524
2580,1573
2578,1653
2581,1764
2564,1886
2538,2025
2468,2158
2360,2277
2211,2373
2011,2440
1785,2488
1570,2497
1515,2490
1499,2457
1500,2403
1503,2349
1521,2294
1563,2229
1622,2159
1722,2086
1844,1989
2007,1873
2181,1758
2361,1655
2500,1567
2555,1522
2561,1515
2571,1552
2579,1614
2578,1712
2565,1828
2549,1972
2499,2110
2409,2229
2275,2339
2093,2417
1871,2463
1641,2491
1525,2493
1502,2469
1490,2426
1495,2370
1507,2311
1527,2253
1599,2184
1679,2112
1791,2028
1943,1915
2117,1803
2287,1691
2456,1600
2546,1541
2561,1514
2577,1533
2574,1588
2576,1676
2574,1790
2554,1918
2509,2062
2446,2187
2331,2307
2164,2400
1959,2459
1730,2493
1557,2518
1521,2493
1497,2439
1494,2390
1505,2338
1526,2279
1573,2214
1645,2155
1750,2074
1887,1971
2052,1857
2229,1736
2398,1636
2525,1561
2561,1517
2570,1525
2581,1572
2579,1648
2581,1751
2568,1875
2538,2008
2481,2151
2378,2266
2241,2370
2044,2456
1823,2490
1595,2506
1518,2497
1503,2467
1497,2424
1506,2368
1527,2307
1554,2248
1616,2182
1704,2108
1835,2020
1987,1894
2158,1779
2342,1679
2495,1597
2560,1541
2570,1521
2582,1557
2581,1614
2577,1715
2585,1827
2551,1960
2507,2098
2427,2221
2298,2340
2123,2422
1898,2476
1672,2498
1528,2508
1512,2488
1500,2438
1505,2394
1512,2327
1537,2270
1595,2206
1672,2139
1781,2054
1932,1947
2097,1828
2273,1711
2441,1624
2548,1554
2561,1521
2571,1527
2584,1589
2586,1669
2582,1779
2564,1904
2525,2041
2464,2181
2339,2290
2190,2390
1982,2445
1754,2488
1560,2503
1515,2484
1508,2444
1493,2395
1506,2350
1521,2284
1565,2227
1629,2160
1739,2090
1862,1976
2029,1875
2204,1753
2377,1646
2518,1573
2552,1517
2567,1525
2575,1562
2585,1636
2576,1728
2568,1854
2539,1986
2494,2129
2397,2253
2257,2351
2070,2427
1846,2474
1618,2498
1517,2491
1506,2464
1495,2416
1501,2366
1513,2305
1548,2256
1606,2180
1685,2107
1812,2017
1959,1901
2141,1796
2310,1676
2471,1590
2546,1531
2559,1508
2573,1542
2582,1603
2578,1693
2569,1799
2547,1934
2514,2071
2437,2201
2314,2306
2152,2399
1936,2460
1711,2494
1537,2498
1507,2479
1500,2436
1495,2385
1504,2330
1540,2272
1575,2208
1648,2133
1762,2056
1898,1948
2071,1838
2248,1716
2407,1621
2533,1546
2558,1516
2568,1525
2577,1575
2576,1645
2574,1763
2560,1878
2519,2019
2468,2152
2361,2277
2213,2371
2015,2442
1793,2487
1577,2503
1516,2489
1509,2459
1494,2400
1502,2353
1522,2289
1559,2230
1625,2172
1721,2096
1848,1998
2009,1886
2182,1770
2358,1668
2507,1575
2554,1531
2565,1520
2576,1553
2585,1618
2583,1720
2570,1839
2551,1974
2504,2112
2414,2242
2280,2346
2097,2426
1873,2472
1649,2500
1522,2501
1507,2474
1493,2431
1499,2379
1516,2321
1544,2258
1601,2197
1676,2129
1798,2034
1940,1923
2115,1815
2296,1698
2457,1614
2556,1550
2565,1530
2574,1539
2583,1598
2588,1677
2577,1786
2563,1931
2534,2065
2451,2195
2333,2308
2173,2393
1959,2463
1734,2502
1546,2510
1508,2488
1506,2450
1494,2403
1516,2344
1534,2293
1576,2221
1647,2156
1749,2081
1883,1977
2050,1857
2224,1741
2395,1640
2529,1565
2565,1525
2566,1524
2579,1568
2577,1641
2579,1751
2570,1873
2539,2003
2485,2151
2393,2274
2235,2367
2047,2434
1820,2483
1605,2512
1510,2491
1503,2462
1498,2415
1501,2361
1512,2299
1552,2242
1612,2177
1703,2104
1826,2009
1975,1888
2157,1781
2334,1679
2493,1587
2550,1529
2568,1515
2577,1544
2579,1608
2581,1700
2572,1816
2551,1950
2502,2090
2427,2220
2296,2325
2128,2410
1907,2465
1668,2497
1532,2497
1505,2473
1505,2432
1494,2385
1514,2327
1533,2258
1589,2197
1657,2131
1773,2043
1918,1934
2085,1813
2263,1708
2428,1609
2537,1544
2559,1513
2570,1525
2579,1575
2579,1657
2574,1774
2557,1898
2527,2039
2457,2164
2349,2287
2192,2378
1989,2439
1761,2487
1563,2499
1507,2479
1491,2441
1499,2400
1505,2347
1529,2286
1566,2227
1629,2152
1720,2074
1863,1978
2019,1861
2198,1749
2369,1643
2514,1564
2551,1521
2568,1520
2577,1555
2578,1629
2576,1722
2565,1849
2548,1982
2493,2125
2399,2246
2256,2347
2068,2439
1849,2471
1624,2500
1523,2495
1507,2468
1495,2421
1499,2368
1517,2311
1549,2248
1606,2190
1685,2116
1808,2027
1956,1910
2137,1798
2314,1692
2472,1602
2557,1544
2565,1517
2576,1544
2577,1598
2582,1690
2578,1804
2560,1937
2519,2075
2446,2208
2322,2314
2149,2400
1945,2461
1705,2495
1545,2506
1507,2482
1501,2445
1496,2395
1511,2337
1532,2278
1581,2219
1655,2149
1762,2070
1899,1953
2069,1845
2247,1724
2411,1634
2537,1562
2565,1520
2578,1531
2581,1580
2584,1652
2582,1762
2573,1888
2541,2023
2477,2174
2378,2287
2220,2375
2029,2444
1801,2497
1589,2515
1517,2500
1501,2457
1493,2419
1506,2361
1519,2304
1565,2237
1626,2186
1716,2098
1845,1995
2001,1891
2173,1777
2354,1671
2507,1585
2558,1532
2573,1525
2578,1554
2583,1623
2589,1725
2568,1828
2550,1976
2498,2110
2418,2232
2279,2338
2103,2418
1879,2470
1654,2501
1528,2497
1518,2490
1498,2428
1498,2378
1514,2318
1544,2265
1594,2199
1684,2135
1786,2040
1942,1923
2115,1815
2290,1710
2445,1610
2547,1543
2565,1517
2574,1539
2581,1588
2579,1673
2581,1785
2557,1911
2529,2055
2453,2187
2338,2296
2172,2387
1972,2456
1735,2491
1549,2497
1510,2480
1496,2445
1495,2395
1503,2340
1529,2281
1571,2215
1635,2150
1738,2071
1878,1968
2038,1847
2220,1740
2386,1644
2521,1555
2553,1517
2567,1519
2571,1557
2579,1636
2575,1740
2566,1863
2547,1998
2483,2136
2391,2257
2241,2363
2053,2433
1815,2478
1606,2490
1519,2490
1505,2464
1492,2413
1501,2363
1519,2301
1547,2240
1611,2167
1698,2104
1820,2007
1970,1894
2146,1783
2327,1673
2479,1583
2541,1525
2564,1516
2577,1551
2597,1603
2583,1698
2572,1811
2553,1944
2516,2092
2431,2208
2304,2321
2127,2405
1914,2465
1696,2504
1533,2496
1503,2479
1497,2433
1495,2378
1514,2329
1539,2264
1585,2200
1665,2128
1774,2052
1921,1947
2087,1833
2263,1717
2430,1624
2541,1554
2561,1525
2570,1531
2581,1581
2579,1661
2578,1770
2562,1897
2537,2041
2468,2173
2354,2289
2199,2385
1999,2451
1773,2493
1568,2504
1517,2495
1500,2454
1493,2409
1507,2351
1527,2299
1572,2235
1630,2166
1728,2091
1859,1990
2023,1882
2198,1759
2370,1659
2518,1588
2567,1532
2573,1534
2582,1565
2584,1635
2581,1726
2564,1853
2549,1989
2501,2122
2412,2251
2272,2351
2083,2431
1858,2489
1633,2504
1529,2498
1502,2470
1493,2429
1504,2377
1517,2315
1553,2260
1601,2197
1685,2117
1800,2025
1963,1922
2130,1800
2311,1694
2466,1608
2554,1546
2566,1524
2576,1543
2584,1605
2584,1694
2576,1802
2561,1932
2520,2073
2444,2202
2324,2317
2153,2403
1945,2460
1710,2499
1540,2504
1512,2479
1498,2445
1504,2401
1505,2338
1537,2288
1581,2213
1650,2145
1757,2068
1894,1951
2054,1840
2235,1727
2400,1627
2531,1557
2560,1524
2571,1523
2578,1569
2577,1647
2576,1754
2568,1879
2532,2016
2476,2154
2372,2271
2224,2369
2029,2433
1803,2487
1583,2500
1517,2489
1503,2463
1494,2409
1502,2357
1518,2292
1555,2237
1613,2167
1716,2097
1834,1997
1991,1883
2170,1765
2348,1665
2496,1576
2560,1524
2568,1519
2572,1541
2580,1612
2573,1708
2570,1831
2550,1963
2501,2106
2420,2233
2288,2334
2095,2411
1892,2477
1660,2484
1522,2496
1499,2465
1496,2428
1494,2370
1508,2306
1540,2259
1590,2188
1678,2123
1789,2043
1930,1923
2098,1802
2282,1699
2442,1605
2542,1544
2559,1506
2569,1535
2578,1579
2578,1679
2573,1780
2561,1910
2525,2045
2451,2176
2338,2299
2176,2389
1978,2459
1743,2483
1554,2501
1506,2481
1497,2445
1498,2397
1511,2353
1529,2284
1574,2226
1643,2155
1741,2077
1880,1973
2043,1864
2217,1745
2386,1642
2526,1565
2558,1528
2570,1522
2575,1560
2584,1637
2576,1745
2569,1873
2540,1999
2487,2142
2390,2259
2247,2360
2059,2437
1824,2481
1609,2506
1516,2496
1507,2466
1493,2418
1506,2369
1519,2312
1555,2248
1613,2188
1699,2106
1822,2021
1978,1910
2155,1793
2332,1682
2485,1596
2553,1541
2565,1510
2578,1553
2592,1616
2581,1700
2578,1814
2557,1950
2520,2096
2438,2220
2307,2324
2131,2411
1919,2466
1681,2482
1541,2518
1509,2481
1499,2443
1498,2401
1517,2338
1535,2269
1594,2212
1661,2133
1773,2054
1919,1948
2077,1839
2263,1726
2424,1624
2545,1556
2562,1526
2576,1535
2582,1582
2581,1665
2581,1773
2567,1897
2536,2038
2472,2169
2359,2293
2196,2378
1997,2441
1760,2481
1554,2487
1517,2489
1506,2461
1502,2412
1508,2353
1525,2297
1566,2231
1635,2168
1729,2090
1863,1992
2017,1875
2181,1768
2367,1651
2512,1569
2561,1524
2573,1522
2576,1560
2569,1622
2580,1723
2568,1846
2544,1981
2491,2119
2411,2243
2261,2346
2081,2424
1861,2476
1631,2500
1523,2495
1504,2473
1497,2424
1497,2375
1517,2312
1546,2250
1595,2185
1679,2110
1803,2025
1951,1921
2125,1801
2304,1692
2461,1600
2547,1541
2558,1513
2575,1537
2575,1596
2581,1676
2567,1802
2557,1927
2513,2068
2440,2201
2327,2306
2152,2394
1943,2456
1708,2487
1538,2492
1512,2484
1499,2439
1501,2397
1513,2330
1530,2283
1576,2202
1642,2143
1749,2061
1895,1955
2062,1841
2235,1721
2406,1632
2531,1554
2555,1520
2567,1521
2577,1568
2580,1646
2578,1749
2565,1874
2535,2011
2479,2157
2371,2267
2225,2363
2031,2439
1805,2482
1586,2499
1517,2490
1499,2457
1499,2412
1500,2358
1521,2299
1558,2239
1612,2173
1713,2104
1839,2003
1994,1890
2172,1777
2347,1668
2500,1589
2556,1534
2565,1518
2576,1550
2583,1618
2583,1710
2572,1826
2554,1962
2507,2105
2415,2229
2289,2340
2110,2419
1898,2474
1662,2495
1530,2503
1505,2477
1502,2435
1498,2379
1515,2327
1540,2264
1597,2202
1672,2132
1787,2042
1938,1940
2102,1819
2283,1709
2451,1613
2543,1547
2566,1525
2580,1538
2581,1587
2579,1672
2577,1789
2560,1919
2527,2051
2461,2194
2350,2296
2184,2394
1987,2451
1756,2503
1558,2500
1517,2489
1499,2456
1500,2407
1502,2348
1532,2287
1561,2221
1634,2160
1746,2089
1875,1980
2046,1869
2220,1756
2389,1651
2526,1571
2557,1534
2563,1528
2577,1563
2585,1641
2581,1741
2566,1867
2546,1999
2490,2139
2389,2255
2251,2359
2059,2439
1831,2479
1604,2494
1517,2491
1499,2467
1501,2419
1498,2365
1518,2307
1551,2246
1617,2188
1705,2125
1820,2017
1972,1905
2153,1798
2322,1680
2478,1586
2554,1543
2567,1520
2578,1546
2578,1604
2585,1700
2574,1810
2554,1944
2512,2084
2435,2212
2306,2317
2131,2404
1924,2465
1687,2493
1538,2498
1507,2481
1500,2437
1500,2386
1506,2326
1538,2271
1583,2201
1660,2136
1766,2052
1911,1945
2080,1828
2252,1723
2423,1617
2535,1546
2556,1517
2565,1518
2576,1569
2583,1658
2574,1761
2552,1885
2531,2031
2464,2164
2361,2277
2204,2376
2002,2444
1776,2478
1571,2497
1516,2484
1499,2444
1490,2400
1510,2347
1520,2284
1558,2219
1623,2155
1723,2087
1854,1982
2011,1858
2188,1752
2361,1640
2501,1574
2543,1523
2562,1511
2572,1549
2578,1618
2576,1719
2572,1838
2547,1973
2500,2114
2406,2241
2270,2344
2085,2423
1864,2472
1635,2497
1521,2497
1501,2464
1493,2423
1505,2383
1519,2321
1544,2253
1599,2191
1683,2120
1799,2029
1950,1922
2119,1801
2298,1694
2461,1600
2548,1542
2564,1518
2576,1544
2581,1594
2586,1684
2576,1797
2561,1927
2517,2063
2449,2201
2330,2313
2165,2399
1956,2459
1723,2495
1545,2506
1512,2483
1499,2447
1498,2396
1509,2337
1535,2284
1580,2218
1649,2151
1751,2072
1893,1966
2065,1851
2231,1739
2407,1640
2530,1557
2560,1529
2573,1522
2582,1581
2587,1658
2592,1756
2570,1880
2537,2016
2485,2155
2377,2280
2232,2368
2045,2445
1806,2482
1589,2505
1521,2493
1495,2464
1502,2423
1511,2366
1530,2315
1562,2249
1620,2182
1709,2105
1834,2011
1994,1894
2168,1785
2347,1681
2493,1589
2557,1538
2566,1526
2574,1553
2580,1617
2584,1713
2574,1830
2553,1964
2508,2102
2426,2231
2293,2335
2114,2414
1900,2466
1668,2499
1533,2505
1507,2475
1499,2436
1503,2383
1513,2324
1543,2264
1592,2202
1673,2146
1771,2044
1919,1927
2097,1819
2273,1708
2428,1609
2538,1541
2564,1526
2563,1533
2578,1585
2584,1672
2573,1775
2562,1901
2527,2047
2460,2177
2344,2294
2189,2387
1978,2450
1756,2487
1558,2501
1513,2485
1497,2447
1493,2397
1505,2345
1525,2284
1571,2225
1632,2154
1740,2079
1866,1971
2031,1864
2210,1751
2379,1647
2520,1568
2553,1525
2566,1523
2583,1563
2575,1629
2573,1729
2558,1853
2540,1987
2484,2125
2388,2248
2253,2346
2062,2427
1839,2475
1618,2495
1518,2489
1503,2462
1497,2413
1497,2362
1525,2304
1546,2242
1605,2179
1692,2105
1819,2014
1961,1902
2140,1773
2312,1675
2474,1582
2539,1524
2554,1514
2576,1533
2573,1601
2581,1689
2575,1805
2548,1932
2515,2080
2433,2209
2307,2318
2141,2407
1927,2457
1700,2491
1538,2497
1511,2479
1505,2439
1495,2380
1509,2329
1535,2268
1579,2208
1683,2142
1763,2056
1906,1949
2076,1838
2248,1722
2420,1627
2539,1552
2560,1521
2574,1533
2575,1578
2575,1656
2575,1765
2565,1886
2530,2028
2471,2170
2367,2284
2208,2380
2014,2442
1779,2485
1579,2503
1508,2486
1504,2455
1491,2409
1507,2358
1524,2299
1563,2235
1622,2170
1715,2087
1856,1996
2009,1879
2192,1768
2360,1660
2509,1581
2553,1529
2574,1521
2576,1548
2583,1627
2578,1724
2585,1846
2554,1980
2494,2115
2411,2245
2273,2343
2094,2418
1875,2474
1649,2508
1528,2504
1508,2471
1499,2437
1500,2379
1518,2328
1551,2256
1601,2202
1681,2132
1802,2036
1947,1929
2119,1808
2302,1704
2464,1616
2558,1559
2571,1523
2574,1547
2581,1593
2589,1684
2581,1799
2568,1929
2523,2069
2454,2199
2330,2310
2165,2398
1959,2463
1723,2488
1553,2503
1507,2477
1506,2453
1505,2394
1503,2330
1524,2282
1577,2219
1646,2151
1747,2071
1890,1975
2055,1854
2230,1738
2400,1636
2530,1572
2556,1520
2572,1526
2584,1576
2581,1644
2580,1748
2568,1871
2539,2008
2478,2141
2384,2271
2226,2362
2045,2435
1812,2482
1595,2501
1510,2485
1503,2459
1493,2413
1499,2337
1519,2301
1559,2242
1616,2176
1702,2099
1834,2002
1978,1894
2165,1779
2336,1670
2488,1587
2551,1540
2563,1518
2579,1548
2574,1610
2578,1699
2568,1816
2551,1950
2506,2095
2421,2209
2287,2326
2126,2408
1900,2468
1667,2491
1527,2492
1506,2469
1493,2425
1501,2373
1508,2312
1540,2266
1588,2194
1658,2125
1779,2037
1920,1935
2092,1813
2272,1706
2436,1608
2544,1546
2562,1522
2568,1527
2574,1582
2581,1659
2576,1777
2557,1894
2524,2041
2460,2176
2345,2292
2191,2381
1989,2448
1756,2489
1560,2499
1511,2485
1499,2453
1493,2398
1504,2343
1524,2285
1566,2215
1628,2156
1733,2078
1867,1981
2024,1861
2204,1750
2377,1638
2519,1570
2562,1529
2565,1525
2578,1563
2573,1628
2581,1734
2573,1855
2545,1983
2492,2129
2398,2251
2250,2352
2071,2434
1851,2481
1618,2501
1514,2497
1509,2460
1492,2423
1509,2369
1522,2308
1549,2253
1612,2184
1690,2115
1819,2021
1968,1910
2141,1798
2322,1687
2472,1600
2561,1544
2566,1518
2577,1543
2578,1604
2586,1694
2572,1802
2554,1935
2521,2079
2443,2222
2320,2326
2148,2399
1936,2472
1696,2502
1542,2505
1505,2477
1502,2442
1490,2391
1510,2341
1538,2280
1583,2215
1661,2153
1766,2065
1907,1955
2067,1844
2252,1721
2417,1641
2537,1556
2558,1526
2577,1545
2581,1579
2580,1654
2578,1763
2565,1889
2537,2027
2474,2163
2371,2280
2215,2372
2017,2442
1790,2492
1583,2512
1518,2493
1500,2461
1502,2413
1501,2360
1524,2297
1560,2235
1628,2169
1718,2097
1849,1997
2006,1885
2180,1764
2356,1659
2505,1579
2556,1531
2566,1520
2580,1552
2577,1619
2575,1718
2566,1833
2552,1968
2502,2112
2415,2234
2274,2339
2092,2418
1871,2473
1643,2496
1526,2497
1503,2468
1495,2426
1500,2374
1514,2316
1543,2255
1598,2190
1680,2125
1790,2032
1946,1926
2107,1808
2294,1697
2451,1605
2549,1543
2560,1519
2570,1534
2580,1594
2583,1678
2578,1789
2554,1917
2519,2051
2444,2185
2330,2296
2164,2387
1962,2456
1727,2492
1550,2501
1508,2478
1505,2446
1500,2394
1500,2335
1527,2274
1573,2213
1641,2151
1745,2070
1881,1960
2039,1841
2224,1732
2388,1630
2530,1553
2553,1518
2563,1517
2581,1556
2581,1641
2580,1739
2564,1865
2539,2003
2482,2148
2379,2260
2236,2363
2047,2440
1819,2479
1601,2501
1515,2486
1502,2456
1496,2413
1501,2353
1517,2300
1553,2245
1609,2174
1704,2105
1826,2008
1985,1886
2156,1786
2335,1671
2487,1588
2551,1534
2565,1517
2576,1546
2579,1613
2582,1711
2578,1825
2551,1952
2510,2097
2414,2222
2297,2330
2120,2410
1903,2469
1670,2506
1530,2500
1505,2480
1501,2435
1502,2391
1510,2326
1541,2267
1586,2203
1670,2141
1781,2051
1930,1949
2097,1829
2273,1715
2435,1621
2543,1552
2568,1529
2574,1537
2582,1585
2580,1662
2578,1779
2563,1909
2534,2048
2463,2179
2359,2300
2190,2388
1990,2455
1759,2490
1566,2504
1511,2497
1500,2458
1496,2414
1508,2350
1528,2295
1575,2229
1636,2167
1738,2086
1866,1994
2053,1874
2203,1756
2376,1661
2519,1579
2564,1536
2569,1530
2580,1560
2583,1637
2582,1738
2573,1857
2548,1997
2500,2133
2404,2261
2262,2356
2072,2433
1851,2483
1618,2511
1525,2499
1506,2468
1499,2424
1503,2369
1519,2312
1551,2250
1608,2188
1692,2118
1804,2009
1953,1912
2132,1801
2313,1693
2472,1603
2553,1541
2566,1522
2564,1535
2574,1599
2588,1690
2568,1802
2554,1931
2516,2079
2433,2201
2321,2318
2153,2402
1937,2461
1704,2495
1537,2499
1508,2480
1497,2439
1498,2390
1507,2336
1534,2275
1584,2211
1655,2139
1765,2060
1899,1949
2072,1840
2242,1723
2416,1624
2533,1553
2556,1518
2570,1527
2580,1569
2583,1652
2576,1758
2564,1884
2531,2017
2469,2151
2361,2275
2213,2363
2013,2436
1791,2477
1578,2496
1511,2479
1501,2457
1490,2401
1502,2347
1522,2288
1553,2225
1620,2165
1716,2090
1838,1997
1996,1875
2176,1762
2353,1665
2503,1582
2551,1525
2566,1519
2572,1542
2573,1607
2576,1712
2568,1823
2546,1961
2499,2109
2409,2233
2276,2334
2098,2413
1881,2473
1647,2490
1525,2499
1505,2468
1486,2426
1497,2371
1511,2316
1543,2256
1597,2193
1678,2128
1788,2031
1936,1926
2106,1810
2286,1700
2450,1607
2547,1549
2565,1514
2577,1539
2579,1594
2580,1674
2581,1790
2558,1918
2526,2062
2450,2187
2329,2298
2173,2391
1967,2455
1737,2495
1546,2502
1511,2481
1499,2447
1494,2394
1507,2345
1526,2283
1576,2224
1639,2149
1749,2077
1882,1970
2046,1856
2224,1743
2396,1639
2532,1566
2560,1524
2575,1526
2576,1566
2585,1647
2579,1749
2571,1870
2539,2007
2484,2151
2386,2267
2247,2370
2050,2437
1828,2488
1600,2506
1518,2500
1505,2466
1494,2427
1502,2371
1532,2310
1556,2249
1622,2183
1699,2110
1828,2019
1985,1907
2154,1786
2334,1671
2491,1596
2561,1538
2574,1528
2584,1548
2584,1623
2573,1709
2578,1837
2555,1957
2518,2096
2434,2219
2305,2338
2125,2414
1910,2473
1680,2502
1535,2505
1508,2477
1497,2439
1498,2385
1509,2332
1541,2277
1584,2203
1662,2137
1773,2050
1932,1952
2101,1829
2270,1713
2431,1625
2545,1548
2563,1522
2581,1536
2573,1574
2577,1666
2578,1781
2554,1888
2523,2025
2465,2173
2356,2298
2191,2377
1997,2458
1759,2480
1571,2504
1508,2487
1499,2454
1497,2404
1512,2344
1521,2288
1558,2226
1632,2160
1728,2082
1861,1985
2024,1868
2202,1753
2372,1647
2513,1571
2554,1521
2561,1520
2575,1556
2582,1628
2583,1724
2567,1851
2543,1982
2488,2115
2399,2247
2263,2347
2076,2429
1857,2479
1619,2488
1522,2495
1496,2468
1492,2414
1504,2376
1512,2306
1550,2241
1602,2183
1689,2116
1804,2024
1959,1904
2130,1788
2309,1679
2460,1596
2547,1531
2560,1510
2569,1538
2576,1591
2575,1676
2577,1796
2555,1923
2512,2070
2438,2196
2319,2308
2146,2401
1940,2458
1707,2494
1540,2493
1506,2478
1497,2435
1491,2390
1507,2332
1526,2269
1582,2208
1650,2139
1758,2058
1900,1953
2068,1838
2239,1722
2411,1627
2529,1544
2557,1518
2570,1522
2576,1569
2578,1652
2576,1757
2566,1880
2533,2019
2470,2158
2373,2278
2215,2372
2022,2440
1797,2488
1582,2504
1516,2493
1499,2459
1501,2410
1506,2358
1525,2301
1556,2238
1623,2172
1711,2093
1849,2004
2000,1885
2177,1777
2346,1668
2502,1583
2560,1534
2569,1522
2576,1556
2578,1621
2590,1722
2572,1837
2554,1975
2508,2096
2415,2240
2287,2337
2103,2422
1884,2479
1653,2500
1533,2502
1506,2478
1504,2438
1503,2383
1513,2332
1543,2261
1598,2198
1683,2136
1791,2037
1941,1939
2109,1815
2286,1710
2451,1610
2549,1549
2563,1523
2580,1534
2580,1594
2582,1682
2584,1795
2558,1915
2535,2059
2460,2188
2336,2310
2180,2401
1973,2459
1741,2498
1553,2508
1515,2488
1503,2449
1497,2401
1506,2343
1529,2285
1575,2223
1641,2155
1744,2078
1879,1975
2037,1854
2217,1742
2385,1639
2532,1566
2562,1526
2562,1519
2579,1571
2581,1637
2577,1744
2567,1867
2542,2005
2481,2143
2394,2265
2239,2361
2047,2425
1827,2482
1600,2503
1519,2491
1498,2461
1490,2415
1500,2360
1518,2299
1552,2245
1611,2182
1702,2106
1821,2009
1979,1900
2152,1782
2330,1674
2480,1589
2551,1535
2562,1519
2577,1546
2576,1606
2581,1701
2573,1813
2554,1947
2509,2089
2427,2214
2304,2327
2122,2401
1917,2468
1682,2501
1531,2501
1509,2476
1498,2435
1501,2383
1510,2326
1538,2261
1583,2207
1661,2124
1772,2046
1919,1945
2079,1826
2265,1718
2434,1619
2543,1552
2563,1513
2572,1533
2571,1568
2576,1651
2569,1772
2564,1895
2526,2033
2461,2166
2347,2285
2196,2374
2002,2440
1766,2486
1564,2499
1513,2485
1498,2451
1494,2400
1505,2341
1519,2287
1561,2225
1627,2159
1726,2082
1857,1986
2016,1869
2190,1754
2370,1651
2510,1567
2552,1525
2567,1523
2578,1559
2580,1626
2581,1727
2569,1850
2547,1972
2493,2120
2404,2248
2268,2349
2080,2422
1861,2479
1631,2497
1518,2494
1502,2469
1496,2420
1500,2377
1518,2315
1550,2256
1599,2187
1688,2116
1806,2028
1957,1921
2128,1800
2310,1696
2467,1602
2551,1543
2564,1521
2576,1540
2585,1603
2581,1687
2581,1811
2556,1930
2522,2073
2443,2205
2325,2314
2156,2406
1946,2460
1704,2495
1535,2501
1512,2486
1500,2448
1498,2393
1512,2346
1532,2275
1585,2217
1656,2150
1763,2072
1901,1966
2069,1857
2248,1741
2402,1633
2538,1563
2560,1530
2571,1526
2587,1581
2582,1653
2580,1755
2569,1889
2540,2022
2483,2164
2374,2275
2222,2375
2034,2444
1806,2489
1587,2508
1520,2495
1502,2464
1495,2417
1501,2364
1525,2305
1560,2243
1608,2174
1719,2106
1844,2010
1987,1882
2171,1778
2348,1680
2507,1586
2558,1531
2571,1526
2585,1562
2590,1632
2578,1711
2574,1833
2553,1963
2501,2107
2417,2228
2289,2332
2107,2417
1888,2465
1658,2503
1525,2499
1503,2477
1497,2429
1502,2379
1511,2316
1546,2261
1590,2196
1672,2129
1787,2039
1934,1932
2111,1816
2278,1700
2449,1611
2546,1544
2559,1518
2567,1534
2578,1589
2578,1671
2573,1785
2558,1908
2522,2049
2459,2185
2335,2296
2177,2387
1975,2455
1741,2481
1557,2503
1509,2480
1495,2442
1497,2396
1507,2341
1524,2281
1574,2216
1631,2147
1739,2076
1873,1963
2037,1858
2214,1741
2389,1641
2513,1561
2552,1512
2563,1522
2574,1558
2577,1631
2572,1733
2564,1855
2531,1989
2478,2133
2390,2253
2245,2356
2060,2430
1834,2477
1608,2501
1515,2492
1495,2459
1494,2416
1500,2360
1515,2301
1549,2242
1608,2171
1700,2104
1820,2015
1970,1902
2142,1783
2319,1675
2476,1589
2550,1533
2557,1513
2574,1544
2576,1607
2578,1696
2574,1814
2553,1935
2511,2086
2432,2219
2309,2321
2134,2407
1923,2467
1685,2494
1538,2503
1503,2476
1498,2435
1499,2388
1512,2330
1533,2270
1589,2211
1661,2137
1769,2054
1911,1946
2085,1831
2251,1719
2425,1621
2537,1550
2561,1520
2572,1535
2580,1584
2581,1663
2579,1767
2570,1895
2526,2035
2466,2172
2358,2283
2206,2382
2006,2451
1780,2496
1574,2510
1513,2492
1503,2452
1497,2408
1506,2351
1523,2304
1559,2233
1626,2170
1729,2088
1856,2000
2015,1869
2197,1761
2367,1653
2509,1575
2550,1525
2572,1529
2578,1562
2584,1626
2586,1739
2577,1841
2544,1981
2495,2118
2411,2246
2266,2351
2088,2431
1863,2474
1637,2502
1527,2504
1505,2482
1495,2432
1502,2376
1519,2317
1548,2245
1605,2194
1687,2124
1799,2023
1955,1920
2132,1806
2307,1691
2471,1612
2542,1537
2562,1520
2574,1540
2582,1599
2584,1687
2573,1800
2558,1926
2515,2073
2444,2199
2319,2311
2155,2397
1945,2461
1712,2490
1544,2502
1504,2473
1500,2444
1495,2386
1512,2330
1530,2279
1580,2209
1648,2142
1753,2068
1895,1962
2063,1842
2234,1730
2399,1632
2535,1556
2552,1518
2571,1522
2575,1573
2580,1647
2577,1747
2562,1873
2534,2013
2476,2149
2374,2273
2222,2364
2033,2436
1805,2478
1587,2498
1520,2491
1498,2454
1490,2403
1500,2351
1521,2302
1561,2234
1610,2165
1706,2100
1834,2002
1985,1884
2171,1763
2345,1663
2492,1577
2550,1519
2565,1515
2572,1542
2580,1612
2575,1708
2572,1830
2542,1961
2503,2096
2414,2229
2289,2335
2114,2415
1894,2467
1667,2489
1526,2495
1499,2468
1497,2429
1497,2376
1513,2317
1535,2259
1590,2195
1668,2126
1780,2037
1929,1933
2096,1810
2274,1699
2445,1610
2545,1544
2558,1514
2576,1534
2578,1588
2576,1659
2578,1774
2555,1898
2525,2045
2456,2178
2345,2294
2181,2378
1978,2451
1746,2485
1556,2502
1511,2485
1499,2448
1500,2403
1512,2350
1527,2286
1568,2224
1639,2161
1737,2079
1876,1983
2035,1864
2217,1749
2378,1646
2527,1570
2557,1530
2572,1524
2580,1563
2583,1636
2584,1741
2569,1862
2545,1999
2485,2138
2397,2259
2247,2361
2065,2436
1837,2485
1610,2504
1522,2499
1508,2468
1501,2424
1499,2366
1521,2313
1555,2255
1610,2184
1700,2119
1824,2022
1972,1909
2138,1789
2325,1686
2476,1596
2554,1541
2567,1521
2573,1542
2584,1607
2588,1697
2586,1816
2562,1957
2515,2089
2437,2223
2314,2336
2138,2416
1928,2465
1694,2501
1543,2500
1510,2484
1499,2443
1502,2391
1513,2335
1539,2274
1588,2212
1656,2143
1769,2065
1917,1953
2079,1839
2255,1707
2423,1625
2543,1555
2562,1524
2574,1539
2577,1580
2580,1659
2568,1757
2561,1894
2530,2037
2468,2171
2359,2278
2205,2378
2009,2445
1780,2484
1572,2499
1513,2490
1495,2446
1499,2414
1499,2349
1527,2299
1562,2234
1622,2160
1721,2083
1850,1991
2015,1877
2185,1763
2362,1655
2506,1574
2560,1528
2565,1520
2576,1553
2578,1624
2582,1722
2569,1842
2548,1973
2499,2115
2405,2238
2270,2340
2082,2419
1871,2472
1633,2494
1526,2497
1508,2471
1497,2421
1496,2368
1512,2309
1542,2256
1593,2187
1678,2115
1798,2021
1942,1913
2122,1805
2293,1682
2457,1599
2542,1537
2567,1517
2571,1535
2577,1586
2578,1679
2576,1787
2557,1918
2518,2062
2448,2190
2328,2308
2164,2386
1955,2458
1726,2486
1543,2492
1510,2478
1495,2439
1499,2387
1502,2336
1527,2269
1576,2211
1644,2143
1751,2060
1886,1958
2048,1845
2228,1731
2406,1638
2533,1562
2552,1516
2563,1514
2579,1569
2576,1641
2577,1747
2564,1876
2536,2006
2475,2156
2373,2269
2232,2368
2033,2436
1808,2485
1591,2504
1515,2490
1498,2462
1499,2414
1498,2357
1519,2304
1558,2241
1615,2173
1704,2100
1830,2006
1989,1892
2163,1779
2342,1674
2497,1587
2551,1535
2566,1519
2571,1549
2581,1619
2580,1713
2576,1829
2550,1962
2507,2101
2418,2223
2297,2332
2115,2414
1901,2473
1665,2496
1528,2502
1508,2476
1500,2438
1499,2387
1518,2330
1541,2267
1596,2210
1666,2133
1781,2046
1933,1940
2097,1822
2276,1714
2448,1628
2544,1542
2566,1521
2561,1529
2586,1591
2591,1672
2583,1778
2564,1912
2527,2047
2468,2182
2352,2307
2192,2387
1978,2463
1754,2495
1556,2505
1512,2495
1505,2451
1498,2410
1512,2355
1527,2292
1570,2229
1633,2164
1736,2084
1868,1983
2034,1871
2210,1759
2379,1649
2521,1570
2558,1527
2570,1525
2577,1566
2581,1637
2580,1738
2573,1862
2545,1995
2489,2139
2398,2256
2259,2364
2062,2429
1838,2475
1622,2502
1518,2494
1509,2474
1502,2422
1502,2361
1523,2313
1556,2250
1604,2193
1700,2118
1808,2019
1963,1911
2141,1794
2320,1684
2472,1592
2551,1531
2566,1516
2572,1536
2582,1601
2579,1690
2577,1806
2554,1938
2513,2077
2438,2212
2311,2322
2141,2405
1925,2461
1694,2494
1532,2494
1505,2476
1497,2435
1492,2385
1514,2331
1532,2265
1581,2200
1652,2134
1768,2057
1909,1948
2070,1825
2255,1722
2418,1624
2534,1549
2555,1511
2567,1526
2579,1574
2579,1660
2579,1756
2560,1887
2528,2023
2468,2157
2360,2281
2209,2373
2007,2440
1785,2487
1576,2501
1513,2480
1504,2443
1496,2402
1503,2347
1523,2288
1561,2225
1622,2159
1720,2086
1847,1988
2006,1877
2181,1761
2356,1656
2505,1573
2554,1522
2564,1517
2576,1550
2580,1621
2579,1719
2570,1840
2544,1971
2501,2113
2409,2240
2273,2339
2089,2420
1874,2478
1641,2503
1524,2505
1505,2469
1495,2427
1503,2376
1513,2317
1545,2258
1598,2199
1678,2120
1799,2034
1949,1923
2121,1809
2300,1692
2464,1604
2544,1542
2561,1521
2572,1543
2582,1593
2587,1680
2575,1789
2561,1923
2520,2063
2453,2198
2331,2312
2168,2402
1961,2456
1726,2502
1546,2504
1509,2485
1503,2449
1501,2399
1510,2346
1533,2288
1578,2223
1644,2148
1748,2069
1893,1974
2052,1858
2234,1730
2403,1645
2524,1565
2565,1534
2563,1528
2580,1575
2582,1651
2585,1753
2574,1881
2541,2011
2486,2152
2380,2271
2237,2363
2035,2440
1821,2488
1594,2510
1521,2500
1509,2470
1499,2430
1498,2366
1523,2304
1557,2245
1617,2182
1708,2112
1834,2011
1989,1896
2163,1783
2340,1674
2497,1596
2555,1535
2565,1523
2578,1554
2582,1618
2579,1709
2573,1829
2547,1959
2508,2095
2427,2224
2295,2333
2127,2406
1899,2472
1668,2497
1535,2508
1504,2477
1499,2435
1498,2381
1515,2326
1539,2269
1587,2203
1667,2133
1778,2046
1929,1940
2102,1828
2271,1710
2436,1618
2540,1545
2560,1514
2571,1530
2576,1582
2582,1667
2569,1772
2557,1904
2524,2039
2464,2170
2346,2293
2182,2378
1983,2449
1752,2486
1561,2498
1505,2485
1503,2450
1494,2397
1506,2341
1521,2284
1560,2216
1635,2153
1739,2081
1870,1983
2025,1854
2199,1745
2372,1636
2515,1559
2555,1519
2560,1517
2576,1556
2583,1627
2575,1732
2570,1850
2546,1989
2494,2130
2387,2241
2246,2344
2060,2425
1837,2473
1616,2498
1521,2491
1503,2455
1497,2417
1503,2367
1516,2309
1546,2248
1606,2180
1690,2105
1810,2014
1961,1903
2134,1790
2311,1681
2470,1595
2548,1523
2566,1519
2576,1542
2579,1603
2578,1685
2574,1801
2555,1936
2513,2077
2439,2211
2315,2318
2146,2404
1935,2468
1700,2496
1535,2499
1509,2476
1499,2438
1500,2391
1510,2328
1528,2271
1580,2208
1656,2141
1763,2065
1905,1957
2073,1842
2248,1726
2416,1627
2534,1554
2555,1518
2570,1535
2577,1577
2583,1655
2576,1761
2562,1889
2535,2027
2471,2163
2365,2282
2209,2373
2014,2446
1780,2488
1575,2503
1510,2491
1505,2462
1495,2415
1505,2357
1524,2297
1563,2232
1627,2173
1721,2098
1850,2000
2004,1880
2178,1769
2358,1666
2509,1582
2549,1538
2568,1521
2574,1556
2582,1624
2580,1720
2567,1842
2554,1982
2501,2115
2408,2248
2276,2348
2103,2436
1878,2484
1651,2508
1525,2498
1508,2472
1499,2432
1503,2379
1518,2337
1547,2265
1604,2199
1680,2128
1799,2042
1946,1932
2118,1816
2297,1703
2459,1608
2550,1546
2561,1515
2579,1548
2585,1600
2583,1682
2577,1795
2562,1919
2525,2065
2454,2195
2339,2305
2171,2392
1963,2462
1725,2493
1546,2507
1502,2484
1500,2446
1493,2392
1510,2340
1524,2281
1576,2219
1646,2150
1742,2057
1888,1962
2053,1857
2229,1740
2392,1630
2531,1561
2557,1517
2564,1519
2579,1566
2580,1641
2580,1747
2564,1867
2539,2005
2481,2144
2383,2267
2230,2365
2042,2433
1816,2481
1592,2501
1521,2493
1500,2461
1497,2413
1496,2356
1519,2295
1553,2237
1609,2177
1700,2096
1835,2011
1985,1898
2157,1776
2335,1667
2484,1581
2555,1530
2561,1508
2573,1544
2578,1606
2574,1695
2571,1810
2550,1941
2506,2091
2429,2222
2298,2323
2108,2390
1901,2462
1676,2491
1532,2505
1506,2478
1497,2428
1498,2380
1509,2320
1538,2261
1593,2192
1662,2124
1773,2043
1919,1937
2090,1816
2266,1699
2433,1612
2543,1545
2560,1511
2571,1528
2583,1590
2581,1664
2576,1767
2562,1897
2530,2044
2455,2174
2351,2295
2191,2384
1988,2448
1762,2491
1564,2505
1512,2487
1499,2449
1492,2402
1507,2352
1521,2284
1559,2224
1632,2160
1730,2083
1864,1981
2025,1867
2202,1754
2379,1648
2517,1571
2557,1527
2564,1525
2583,1561
2580,1639
2585,1736
2572,1854
2541,1990
2498,2129
2395,2250
2261,2350
2064,2429
1849,2482
1625,2502
1524,2501
1508,2469
1496,2428
1502,2372
1514,2314
1552,2254
1602,2192
1696,2126
1813,2030
1963,1910
2137,1789
2312,1684
2470,1601
2554,1538
2571,1521
2577,1545
2585,1591
2585,1694
2575,1808
2560,1937
2518,2084
2445,2216
2315,2326
2150,2417
1939,2471
1708,2506
1545,2511
1508,2489
1495,2450
1505,2397
1508,2344
1538,2279
1580,2212
1652,2150
1758,2064
1902,1960
2070,1843
2246,1731
2415,1630
2538,1555
2561,1524
2568,1530
2578,1577
2577,1659
2582,1759
2568,1887
2533,2023
2474,2161
2370,2281
2219,2368
2020,2445
1787,2481
1582,2502
1517,2491
1502,2457
1495,2412
1506,2365
1519,2288
1558,2236
1620,2171
1715,2092
1840,1997
2012,1887
2173,1765
2349,1646
2500,1574
2559,1527
2565,1521
2575,1548
2578,1620
2574,1711
2568,1836
2547,1971
2499,2108
2414,2230
2283,2339
2099,2420
1876,2474
1650,2501
1523,2491
1510,2469
1493,2427
1501,2374
1510,2316
1545,2257
1596,2187
1675,2117
1785,2029
1945,1923
2106,1804
2289,1697
2457,1610
2539,1534
2560,1512
2575,1532
2578,1590
2584,1675
2569,1778
2554,1914
2527,2055
2448,2182
2331,2294
2173,2393
1974,2476
1737,2485
1552,2501
1511,2487
1502,2448
1498,2395
1503,2332
1526,2282
1571,2217
1639,2148
1740,2067
1880,1963
2035,1846
2219,1737
2387,1633
2527,1552
2554,1518
2568,1521
2575,1563
2578,1631
2576,1742
2566,1864
2540,2002
2483,2138
2387,2260
2236,2356
2053,2436
1827,2480
1602,2498
1516,2490
1494,2463
1498,2410
1496,2347
1514,2306
1550,2246
1611,2180
1700,2108
1821,2008
1974,1902
2154,1786
2327,1676
2492,1592
2556,1538
2568,1519
2573,1543
2584,1606
2578,1702
2576,1819
2553,1951
2511,2089
2428,2221
2299,2323
2129,2405
1905,2470
1683,2501
1533,2504
1512,2480
1503,2444
1504,2390
1516,2331
1537,2267
1586,2208
1662,2138
1774,2056
1921,1955
2088,1834
2266,1723
2426,1619
2543,1548
2565,1530
2567,1529
2584,1595
2588,1668
2576,1773
2565,1901
2536,2042
2463,2173
2363,2292
2203,2385
1999,2451
1772,2492
1566,2513
1513,2501
1506,2457
1495,2399
1506,2350
1529,2291
1565,2238
1631,2171
1723,2092
1857,1987
2018,1875
2197,1760
2372,1657
2513,1570
2557,1532
2567,1525
2579,1563
2582,1634
2582,1730
2568,1843
2547,1991
2492,2117
2411,2256
2266,2348
2089,2434
1855,2477
1630,2504
1520,2493
1505,2479
1495,2421
1502,2368
1515,2314
1549,2250
1601,2189
1686,2112
1804,2028
1952,1916
2125,1794
2307,1690
2473,1605
2549,1542
2564,1517
2568,1531
2580,1600
2582,1689
2572,1797
2556,1930
2516,2068
2447,2202
2318,2311
2151,2397
1947,2463
1712,2492
1543,2507
1505,2478
1500,2443
1493,2389
1507,2332
1527,2271
1576,2213
1645,2143
1754,2061
1895,1951
2059,1837
2240,1730
2404,1623
2526,1547
2555,1516
2567,1523
2581,1568
2572,1651
2582,1752
2555,1869
2533,2009
2469,2153
2368,2262
2222,2365
2023,2439
1803,2484
1576,2498
1517,2492
1502,2457
1498,2403
1497,2349
1515,2285
1551,2232
1618,2159
1707,2093
1839,1997
1996,1878
2167,1769
2345,1659
2495,1578
2547,1527
2564,1513
2571,1543
2578,1610
2578,1712
2570,1829
2554,1965
2507,2108
2413,2222
2277,2329
2101,2414
1892,2475
1657,2498
1529,2498
1504,2471
1493,2425
1494,2377
1514,2320
1543,2261
1586,2193
1672,2126
1787,2038
1933,1933
2102,1812
2281,1702
2447,1612
2545,1542
2565,1517
2573,1537
2580,1589
2581,1673
2579,1788
2562,1911
2530,2055
2457,2185
2337,2305
2176,2393
1977,2457
1739,2488
1559,2505
1508,2489
1507,2451
1499,2399
1505,2351
1530,2289
1576,2226
1640,2157
1740,2077
1881,1978
2031,1864
2221,1752
2392,1650
2529,1566
2557,1531
2571,1525
2583,1567
2585,1642
2579,1741
2569,1869
2541,2001
2492,2145
2392,2268
2248,2369
2061,2441
1840,2491
1611,2514
1523,2501
1503,2470
1496,2422
1505,2369
1519,2305
1547,2246
1609,2192
1696,2116
1821,2015
1981,1907
2152,1789
2329,1682
2479,1595
2554,1534
2568,1517
2578,1547
2576,1608
2588,1706
2577,1819
2553,1945
2510,2094
2431,2220
2306,2335
2132,2410
1922,2474
1680,2498
1529,2491
1507,2488
1503,2435
1495,2387
1513,2329
1539,2271
1585,2208
1661,2140
1768,2046
1923,1952
2084,1834
2252,1708
2426,1634
2546,1554
2553,1515
2576,1534
2577,1583
2578,1660
2576,1766
2558,1891
2533,2027
2464,2171
2356,2286
2199,2378
2003,2446
1771,2483
1566,2500
1515,2487
1495,2450
1496,2401
1497,2346
1520,2291
1560,2229
1632,2165
1726,2087
1854,1985
2013,1876
2187,1753
2358,1653
2512,1575
2551,1522
2563,1513
2575,1545
2577,1621
2577,1718
2562,1839
2545,1977
2492,2120
2401,2243
2268,2345
2083,2422
1863,2466
1631,2487
1521,2481
1508,2463
1496,2428
1501,2365
1513,2303
1548,2256
1597,2178
1688,2120
1801,2022
1951,1913
2119,1801
2291,1682
2453,1600
2546,1532
2564,1516
2566,1549
2576,1588
2573,1686
2576,1797
2552,1923
2521,2072
2446,2198
2325,2313
2157,2388
1946,2459
1717,2493
1542,2500
1510,2486
1499,2445
1494,2394
1507,2333
1527,2272
1576,2217
1647,2144
1751,2065
1891,1959
2058,1846
2232,1732
2402,1632
2530,1553
2558,1514
2569,1529
2577,1572
2582,1649
2577,1750
2564,1876
2538,2018
2477,2151
2377,2276
2230,2368
2031,2445
1809,2490
1592,2504
1518,2496
1502,2461
1492,2418
1501,2362
1521,2308
1556,2240
1620,2176
1711,2101
1829,2002
1995,1898
2170,1780
2348,1675
2499,1586
2556,1532
2564,1520
2580,1549
2577,1619
2586,1712
2571,1825
2550,1965
2508,2104
2415,2229
2287,2336
2113,2423
1896,2477
1658,2503
1535,2511
1508,2483
1501,2438
1495,2376
1517,2325
1544,2276
1595,2204
1669,2134
1783,2047
1930,1929
2099,1820
2278,1711
2446,1617
2549,1548
2562,1522
2575,1535
2586,1590
2583,1673
2577,1779
2562,1910
2526,2050
2458,2189
2350,2306
2185,2392
1977,2454
1758,2499
1564,2505
1507,2484
1491,2447
1494,2399
1506,2349
1527,2293
1566,2229
1635,2148
1738,2080
1872,1981
2037,1871
2215,1748
2382,1644
2518,1571
2562,1519
2567,1525
2577,1563
2578,1628
2573,1731
2567,1862
2542,1993
2485,2134
2386,2257
2250,2355
2058,2428
1838,2474
1608,2498
1517,2494
1506,2461
1496,2420
1504,2363
1521,2308
1555,2249
1603,2175
1695,2108
1812,2014
1970,1907
2142,1784
2318,1683
2479,1589
2551,1538
2566,1514
2574,1546
2577,1597
2573,1689
2574,1808
2558,1940
2504,2076
2436,2208
2305,2314
2136,2405
1922,2456
1693,2487
1532,2493
1504,2473
1493,2428
1497,2383
1506,2318
1531,2262
1577,2200
1657,2128
1763,2053
1909,1948
2076,1831
2255,1715
2421,1615
2538,1553
2558,1513
2572,1525
2578,1574
2573,1655
2576,1761
2563,1887
2527,2031
2473,2165
2360,2281
2207,2377
2008,2442
1782,2487
1573,2499
1513,2487
1499,2451
1500,2411
1507,2351
1524,2292
1566,2229
1625,2169
1721,2090
1851,1992
2008,1876
2182,1759
2362,1658
2507,1574
2549,1525
2571,1525
2580,1555
2581,1625
2583,1727
2571,1836
2550,1978
2504,2120
2411,2242
2271,2366
2093,2425
1866,2473
1640,2497
1521,2496
1507,2472
1494,2426
1503,2374
1515,2320
1545,2257
1595,2193
1679,2122
1799,2033
1950,1927
2126,1809
2296,1693
2462,1604
2547,1548
2564,1527
2582,1547
2582,1604
2580,1686
2578,1794
2554,1923
2522,2065
2446,2204
2321,2314
2159,2397
1955,2462
1722,2495
1544,2511
1511,2498
1499,2444
1494,2396
1515,2346
1534,2295
1581,2223
1652,2159
1761,2074
1893,1977
2060,1865
2234,1743
2402,1644
2532,1558
2558,1525
2573,1531
2578,1572
2581,1650
2579,1754
2570,1877
2537,2014
2485,2151
2380,2276
2234,2368
2038,2439
1804,2485
1593,2503
1519,2492
1503,2464
1498,2419
1501,2361
1529,2320
1560,2241
1616,2177
1712,2103
1833,2031
1988,1894
2159,1775
2332,1666
2499,1583
2555,1531
2568,1522
2572,1544
2578,1613
2581,1709
2568,1825
2551,1954
2505,2097
2425,2224
2294,2332
2119,2407
1895,2469
1664,2499
1529,2496
1507,2472
1501,2433
1495,2377
1519,2320
1537,2263
1591,2201
1668,2126
1779,2038
1927,1930
2096,1817
2275,1706
2437,1611
2543,1549
2556,1512
2568,1530
2581,1582
2576,1662
2573,1779
2552,1901
2523,2041
2462,2178
2341,2291
2189,2389
1995,2455
1748,2478
1558,2514
1513,2484
1492,2443
1501,2406
1508,2338
1524,2284
1564,2223
1635,2158
1735,2076
1875,1978
2031,1861
2205,1757
2374,1642
2514,1562
2551,1515
2568,1519
2578,1551
2581,1633
2574,1729
2564,1852
2540,1992
2487,2132
2392,2251
2252,2349
2060,2430
1841,2477
1619,2502
1517,2487
1499,2462
1494,2416
1502,2356
1518,2308
1549,2246
1609,2182
1691,2112
1815,2020
1967,1917
2139,1789
2321,1685
2475,1592
2550,1538
2557,1515
2576,1545
2581,1600
2580,1695
2572,1807
2555,1927
2514,2084
2440,2210
2312,2319
2138,2405
1929,2463
1691,2497
1539,2502
1508,2479
1501,2444
1497,2387
1510,2334
1535,2269
1579,2212
1659,2143
1766,2058
1913,1953
2075,1851
2257,1729
2419,1625
2541,1557
2556,1529
2570,1533
2580,1576
2579,1655
2584,1772
2562,1889
2536,2033
2476,2171
2361,2282
2208,2378
2011,2452
1781,2500
1576,2514
1513,2495
1497,2464
1495,2408
1507,2353
1522,2299
1569,2244
1624,2173
1722,2097
1855,2001
2010,1887
2188,1767
2366,1667
2510,1584
2559,1533
2564,1519
2577,1560
2584,1625
2583,1729
2573,1845
2547,1975
2501,2116
2410,2247
2273,2353
2090,2422
1873,2477
1643,2501
1526,2499
1506,2477
1497,2430
1500,2376
1520,2321
1540,2246
1600,2194
1681,2129
1806,2036
1933,1908
2115,1807
2288,1689
2455,1594
2555,1558
2555,1502
2577,1537
2581,1591
2585,1683
2572,1793
2556,1913
2518,2049
2450,2198
2324,2306
2161,2391
1960,2457
1721,2489
1547,2506
1510,2481
1502,2446
1496,2398
1503,2331
1533,2280
1575,2217
1644,2149
1747,2066
1887,1963
2045,1845
2226,1734
2400,1634
2530,1560
2558,1518
2562,1518
2578,1568
2578,1642
2580,1749
2563,1868
2537,2002
2479,2146
2385,2268
2231,2364
2040,2431
1810,2477
1589,2491
1515,2494
1494,2457
1486,2408
1503,2362
1516,2300
1552,2231
1620,2173
1705,2109
1827,1999
1983,1894
2158,1775
2334,1664
2483,1578
2548,1525
2563,1509
2582,1544
2579,1607
2577,1701
2568,1818
2549,1946
2502,2090
2426,2217
2293,2326
2121,2406
1896,2468
1670,2499
1527,2487
1506,2474
1497,2428
1498,2379
1508,2323
1540,2267
1590,2198
1667,2129
1779,2047
1926,1936
2091,1825
2268,1697
2434,1622
2546,1545
2561,1518
2571,1529
2581,1586
2582,1667
2578,1774
2558,1899
2524,2040
2454,2174
2353,2294
2192,2388
1988,2451
1759,2492
1562,2504
1513,2491
1497,2455
1501,2404
1505,2349
1529,2289
1565,2229
1632,2160
1738,2084
1867,1987
2027,1868
2216,1761
2382,1655
2515,1577
2560,1529
2562,1521
2579,1559
2581,1637
2587,1747
2574,1862
2544,1992
2497,2136
2399,2250
2258,2356
2070,2434
1848,2479
1624,2510
1525,2501
1504,2473
1497,2429
1502,2372
1523,2317
1553,2259
1604,2194
1691,2119
1815,2027
1967,1914
2141,1796
2312,1688
2475,1598
2547,1541
2563,1517
2577,1547
2581,1605
2585,1697
2561,1815
2556,1941
2520,2080
2442,2211
2310,2314
2146,2408
1939,2469
1705,2499
1536,2503
1514,2485
1498,2441
1498,2391
1512,2340
1546,2281
1581,2214
1656,2147
1754,2050
1903,1957
2068,1841
2247,1729
2412,1630
2544,1555
2561,1522
2563,1519
2578,1575
2585,1651
2584,1768
2567,1890
2537,2026
2474,2156
2364,2277
2214,2370
2015,2440
1788,2487
1578,2501
1511,2489
1503,2454
1496,2407
1502,2353
1519,2291
1563,2235
1617,2162
1716,2097
1843,1992
2004,1882
2176,1764
2345,1660
2506,1579
2552,1528
2566,1517
2577,1549
2580,1621
2577,1718
2570,1830
2550,1973
2499,2105
2415,2240
2273,2339
2092,2415
1877,2472
1650,2497
1525,2497
1505,2467
1484,2422
1497,2368
1511,2312
1540,2244
1593,2191
1673,2121
1787,2031
1936,1921
2109,1798
2284,1694
2450,1597
2543,1535
2557,1508
2547,1528
2576,1584
2574,1670
2583,1784
2556,1913
2521,2055
2451,2184
2332,2309
2169,2387
1968,2457
1753,2486
1556,2500
1508,2482
1498,2443
1495,2397
1506,2338
1527,2277
1573,2216
1649,2152
1743,2066
1879,1969
2046,1852
2223,1742
2392,1637
2525,1562
2555,1521
2571,1524
2576,1567
2581,1644
2579,1745
2566,1867
2538,2004
2484,2148
2384,2266
2238,2367
2049,2433
1817,2484
1607,2501
1515,2499
1506,2464
1493,2416
1506,2363
1519,2304
1554,2247
1616,2181
1703,2116
1833,2014
1982,1903
2164,1785
2331,1680
2487,1591
2548,1530
2565,1519
2574,1548
2581,1610
2584,1705
2579,1826
2558,1957
2516,2098
2428,2223
2309,2336
2128,2417
1919,2474
1672,2505
1537,2500
1509,2485
1499,2441
1499,2394
1515,2327
1537,2276
1588,2214
1669,2142
1783,2052
1919,1947
2092,1830
2265,1719
2431,1619
2537,1556
2565,1527
2577,1541
2576,1586
2586,1669
2578,1782
2569,1904
2532,2044
2465,2179
2356,2290
2195,2388
1996,2456
1769,2497
1564,2511
1510,2487
1501,2458
1498,2409
1504,2350
1528,2294
1568,2228
1628,2163
1733,2090
1861,1985
2022,1871
2196,1757
2364,1655
2513,1569
2558,1533
2567,1521
2577,1560
2582,1629
2577,1728
2567,1852
2545,1985
2500,2133
2400,2249
2264,2349
2080,2427
1841,2469
1628,2496
1519,2493
1503,2471
1498,2420
1499,2369
1519,2313
1547,2251
1605,2188
1685,2113
1806,2019
1956,1911
2134,1800
2307,1687
2465,1595
2552,1538
2563,1515
2572,1539
2576,1593
2586,1685
2573,1795
2558,1930
2513,2066
2437,2199
2321,2315
2144,2393
1941,2460
1704,2491
1540,2501
1503,2481
1490,2429
1494,2376
1505,2323
1538,2265
1584,2206
1649,2147
1758,2063
1892,1951
2059,1838
2241,1724
2404,1622
2533,1547
2557,1511
2566,1517
2574,1573
2577,1650
2582,1753
2569,1883
2531,2010
2475,2152
2369,2270
2219,2367
2022,2438
1797,2484
1584,2498
1513,2484
1499,2454
1494,2411
1508,2363