2048,1648
2215,1969
2036,1782
1802,1625
1572,1520
1496,1473
1516,1470
1558,1524
1614,1629
1708,1779
1844,1951
2033,2152
2235,2333
2427,2486
2576,2610
2599,2671
2571,2648
2542,2569
2487,2428
2416,2256
2297,2060
2128,1865
1917,1689
1678,1561
1499,1481
1502,1453
1533,1484
1582,1567
1655,1692
1773,1865
1929,2053
2129,2237
2331,2416
2518,2555
2601,2651
2582,2670
2560,2616
2510,2511
2456,2346
2360,2159
2214,1965
2026,1775
1797,1622
1567,1514
1491,1468
1517,1469
1554,1521
1614,1627
1707,1779
1845,1959
2028,2152
2239,2336
2429,2493
2582,2617
2594,2671
2573,2648
2541,2570
2489,2433
2410,2257
2297,2063
2128,1871
1916,1701
1673,1557
1507,1484
1503,1465
1538,1494
1579,1572
1658,1704
1774,1871
1939,2060
2138,2248
2338,2427
2519,2565
2594,2658
2589,2673
2562,2618
2516,2509
2462,2355
2360,2165
2218,1967
2020,1778
1791,1625
1565,1521
1491,1473
1525,1474
1558,1527
1625,1637
1707,1780
1858,1967
2039,2161
2242,2345
2433,2501
2582,2629
2601,2681
2578,2659
2543,2569
2494,2442
2410,2262
2301,2066
2123,1872
1908,1697
1677,1576
1502,1497
1509,1476
1544,1501
1591,1580
1663,1708
1778,1877
1940,2075
2144,2262
2329,2439
2521,2576
2610,2667
2593,2679
2561,2627
2519,2508
2459,2359
2363,2170
2217,1969
2028,1782
1785,1629
1568,1525
1497,1486
1526,1482
1565,1535
1621,1643
1711,1793
1853,1967
2034,2157
2241,2338
2432,2510
2583,2627
2601,2682
2579,2660
2543,2570
2494,2436
2406,2250
2282,2061
2123,1872
1902,1685
1664,1561
1501,1490
1509,1474
1535,1489
1586,1577
1658,1704
1770,1886
1945,2066
2147,2260
2350,2429
2519,2563
2599,2660
2589,2672
2562,2618
2513,2501
2453,2348
2350,2156
2212,1958
2015,1772
1791,1618
1563,1518
1496,1474
1529,1476
1561,1525
1620,1637
1714,1785
1853,1966
2043,2158
2249,2344
2442,2500
2582,2619
2595,2678
2572,2646
2538,2554
2480,2418
2411,2250
2290,2046
2121,1867
1902,1684
1657,1550
1501,1481
1501,1465
1538,1494
1588,1568
1657,1703
1778,1874
1950,2068
2144,2258
2347,2422
2520,2568
2598,2652
2581,2663
2554,2602
2522,2494
2450,2335
2358,2154
2203,1943
2009,1761
1776,1614
1558,1514
1491,1468
1517,1466
1562,1531
1617,1636
1713,1789
1855,1975
2044,2162
2250,2358
2439,2504
2580,2622
2595,2666
2570,2646
2534,2555
2484,2415
2404,2247
2285,2033
2115,1856
1900,1683
1652,1555
1499,1487
1505,1463
1535,1494
1591,1578
1673,1715
1781,1879
1950,2069
2154,2260
2354,2433
2531,2576
2597,2664
2588,2675
2555,2616
2515,2499
2449,2342
2353,2143
2205,1955
2007,1767
1786,1616
1555,1513
1497,1475
1524,1475
1564,1532
1619,1647
1724,1806
1869,1978
2057,2173
2260,2357
2460,2515
2588,2631
2596,2681
2581,2655
2539,2573
2485,2424
2413,2252
2284,2048
2109,1860
1894,1682
1653,1560
1501,1489
1509,1467
1546,1503
1597,1585
1671,1724
1785,1890
1954,2078
2171,2278
2367,2452
2533,2586
2606,2669
2590,2683
2565,2623
2519,2497
2455,2340
2348,2153
2204,1952
2005,1766
1781,1616
1553,1518
1495,1482
1522,1481
1570,1543
1628,1649
1724,1812
1866,1983
2056,2179
2260,2359
2452,2522
2587,2636
2599,2683
2578,2653
2539,2560
2489,2429
2406,2244
2283,2050
2114,1867
1896,1688
1643,1550
1500,1490
1506,1468
1541,1499
1591,1556
1668,1721
1787,1892
1962,2082
2156,2266
2362,2439
2534,2577
2597,2660
2587,2668
2553,2602
2505,2486
2447,2329
2347,2145
2197,1944
2001,1761
1767,1608
1549,1514
1496,1470
1526,1476
1565,1537
1625,1645
1724,1803
1864,1979
2060,2174
2261,2359
2455,2513
2582,2628
2594,2669
2568,2643
2536,2554
2477,2413
2405,2235
2274,2037
2105,1840
1887,1678
1646,1550
1494,1477
1503,1457
1536,1496
1589,1589
1666,1713
1789,1887
1958,2084
2161,2264
2366,2448
2534,2580
2594,2655
2583,2656
2551,2602
2513,2485
2446,2328
2344,2136
2192,1939
1995,1751
1761,1601
1545,1499
1497,1473
1518,1472
1567,1531
1622,1641
1723,1803
1863,1981
2059,2178
2268,2355
2453,2512
2585,2628
2596,2677
2568,2636
2529,2549
2477,2423
2402,2237
2273,2033
2103,1842
1882,1673
1644,1553
1496,1484
1505,1461
1540,1493
1591,1585
1670,1717
1791,1891
1963,2083
2163,2270
2370,2445
2542,2582
2599,2667
2587,2672
2555,2607
2509,2485
2445,2329
2346,2136
2195,1939
1994,1754
1763,1605
1544,1511
1498,1470
1524,1474
1566,1538
1631,1655
1726,1806
1877,1994
2064,2181
2271,2366
2455,2519
2590,2635
2601,2680
2571,2648
2542,2560
2481,2415
2400,2242
2279,2045
2092,1838
1887,1683
1640,1556
1503,1491
1513,1471
1545,1506
1597,1594
1675,1735
1796,1906
1964,2096
2170,2284
2371,2453
2535,2587
2601,2682
2587,2681
2554,2613
2512,2486
2451,2329
2350,2144
2191,1942
1989,1765
1753,1612
1543,1519
1504,1476
1533,1483
1575,1556
1631,1664
1732,1818
1877,2001
2067,2194
2276,2374
2463,2535
2591,2639
2600,2685
2578,2649
2534,2557
2481,2417
2402,2233
2271,2034
2097,1849
1877,1675
1651,1563
1498,1489
1509,1469
1551,1507
1602,1594
1679,1737
1802,1914
1973,2099
2176,2284
2377,2459
2535,2584
2601,2666
2593,2672
2558,2605
2509,2479
2440,2320
2339,2134
2186,1936
1986,1745
1750,1597
1537,1513
1495,1468
1521,1473
1570,1540
1633,1656
1733,1815
1882,1995
2065,2186
2279,2373
2461,2522
2593,2634
2593,2674
2572,2643
2534,2545
2476,2402
2403,2226
2269,2027
2091,1834
1870,1665
1631,1542
1492,1477
1508,1460
1546,1502
1598,1598
1672,1727
1796,1902
1974,2087
2176,2279
2380,2457
2543,2581
2603,2665
2585,2665
2548,2596
2507,2478
2441,2316
2332,2114
2185,1914
1973,1749
1748,1598
1531,1496
1497,1459
1524,1472
1556,1534
1631,1650
1731,1807
1881,2003
2080,2186
2272,2364
2483,2516
2591,2631
2591,2671
2568,2637
2529,2539
2471,2403
2390,2216
2261,2028
2085,1822
1870,1663
1635,1545
1494,1485
1509,1460
1541,1501
1597,1594
1676,1722
1806,1917
1975,2099
2176,2286
2380,2455
2543,2587
2598,2665
2584,2669
2535,2596
2509,2482
2436,2313
2336,2125
2179,1930
1982,1746
1747,1600
1530,1507
1496,1471
1526,1477
1571,1544
1630,1659
1739,1817
1884,2002
2081,2199
2283,2373
2470,2523
2591,2641
2592,2677
2572,2646
2530,2543
2478,2404
2391,2222
2270,2027
2086,1834
1865,1669
1631,1549
1498,1488
1511,1464
1550,1508
1602,1604
1680,1737
1803,1917
1981,2100
2182,2300
2388,2457
2545,2596
2605,2673
2593,2677
2555,2608
2513,2479
2439,2321
2340,2123
2186,1933
1980,1749
1739,1578
1533,1512
1497,1475
1537,1489
1571,1555
1634,1667
1744,1828
1894,2012
2084,2208
2286,2405
2479,2544
2595,2649
2597,2682
2570,2647
2535,2547
2478,2401
2389,2219
2266,2007
2083,1833
1860,1666
1623,1543
1501,1486
1514,1471
1543,1507
1603,1604
1674,1735
1810,1919
1988,2104
2190,2287
2387,2467
2551,2598
2599,2660
2583,2669
2546,2589
2514,2483
2437,2311
2332,2119
2180,1921
1972,1740
1740,1593
1530,1504
1499,1476
1533,1483
1570,1550
1642,1674
1742,1825
1889,2011
2089,2202
2287,2378
2480,2533
2593,2640
2595,2678
2566,2636
2530,2540
2475,2392
2390,2214
2260,2013
2073,1824
1859,1657
1619,1538
1496,1485
1506,1464
1559,1507
1595,1593
1681,1736
1808,1907
1987,2110
2187,2290
2388,2466
2556,2590
2606,2663
2574,2656
2545,2583
2503,2460
2435,2295
2326,2101
2166,1914
1965,1729
1728,1581
1520,1503
1495,1464
1524,1480
1577,1541
1627,1662
1742,1817
1892,2005
2088,2197
2296,2371
2476,2530
2592,2638
2593,2671
2566,2630
2529,2530
2474,2381
2384,2204
2255,2007
2072,1817
1852,1650
1615,1536
1491,1480
1514,1467
1544,1506
1603,1603
1685,1744
1807,1914
1988,2112
2192,2295
2377,2463
2549,2592
2592,2666
2580,2662
2545,2588
2501,2462
2434,2297
2325,2112
2170,1917
1961,1731
1729,1587
1527,1501
1501,1461
1529,1482
1578,1548
1644,1675
1743,1818
1903,2015
2088,2209
2304,2383
2480,2540
2595,2643
2592,2683
2568,2641
2532,2541
2472,2387
2394,2212
2252,2001
2080,1820
1846,1651
1611,1537
1495,1485
1517,1466
1549,1515
1605,1611
1692,1755
1821,1929
1997,2121
2196,2301
2399,2471
2557,2599
2597,2680
2582,2671
2553,2595
2508,2472
2431,2305
2326,2112
2167,1918
1962,1737
1726,1597
1523,1509
1508,1474
1535,1490
1582,1565
1649,1677
1748,1845
1903,2027
2094,2220
2308,2401
2489,2543
2595,2650
2595,2685
2569,2643
2527,2535
2465,2394
2384,2207
2248,2011
2071,1819
1843,1655
1614,1541
1495,1481
1519,1478
1556,1517
1604,1608
1695,1754
1820,1929
1996,2115
2198,2312
2404,2476
2553,2592
2592,2677
2588,2669
2553,2591
2505,2462
2434,2302
2328,2115
2168,1907
1958,1728
1725,1586
1513,1498
1509,1476
1540,1488
1583,1560
1652,1680
1745,1838
1905,2023
2100,2219
2309,2397
2488,2542
2600,2649
2590,2677
2569,2632
2525,2529
2468,2380
2380,2200
2245,1998
2067,1811
1832,1643
1604,1530
1495,1474
1514,1468
1549,1511
1607,1611
1690,1755
1825,1931
1999,2126
2206,2302
2389,2470
2565,2603
2595,2665
2579,2662
2547,2585
2501,2455
2418,2285
2322,2094
2155,1908
1951,1719
1708,1573
1519,1506
1500,1465
1526,1485
1577,1550
1643,1678
1751,1836
1898,2019
2105,2212
2298,2394
2486,2536
2594,2639
2593,2668
2563,2625
2531,2527
2466,2368
2379,2186
2242,1990
2055,1800
1834,1636
1608,1527
1489,1470
1511,1457
1547,1508
1607,1614
1690,1756
1825,1935
2003,2120
2210,2309
2411,2485
2562,2595
2605,2668
2575,2656
2544,2586
2497,2454
2427,2285
2313,2093
2154,1895
1951,1715
1710,1580
1519,1496
1499,1461
1532,1483
1581,1558
1648,1682
1759,1843
1908,2031
2118,2225
2311,2405
2495,2547
2599,2650
2593,2680
2566,2632
2523,2525
2468,2377
2377,2192
2244,1994
2054,1809
1830,1647
1594,1532
1498,1483
1516,1470
1549,1517
1611,1619
1694,1769
1836,1942
2007,2134
2217,2320
2413,2485
2566,2617
2598,2676
2581,2659
2551,2590
2501,2458
2428,2292
2313,2097
2155,1908
1942,1722
1707,1587
1516,1503
1503,1469
1540,1498
1584,1574
1654,1704
1759,1853
1918,2034
2114,2231
2316,2409
2500,2566
2592,2665
2595,2680
2562,2630
2529,2526
2465,2376
2379,2201
2243,1996
2053,1807
1829,1645
1592,1534
1495,1483
1520,1477
1554,1522
1611,1618
1697,1766
1829,1939
2004,2136
2225,2328
2414,2485
2571,2606
2598,2671
2577,2664
2545,2587
2501,2455
2427,2281
2310,2091
2152,1892
1940,1713
1707,1578
1515,1494
1499,1467
1528,1482
1581,1564
1653,1696
1759,1849
1919,2037
2108,2225
2322,2407
2500,2549
2595,2649
2593,2676
2561,2629
2521,2521
2461,2369
2379,2185
2235,1994
2049,1797
1819,1637
1584,1525
1494,1477
1511,1468
1557,1519
1609,1619
1699,1770
1831,1942
2011,2138
2222,2324
2415,2483
2571,2611
2598,2669
2583,2660
2541,2570
2492,2437
2418,2271
2304,2079
2147,1890
1928,1699
1699,1573
1512,1497
1501,1466
1533,1480
1578,1558
1647,1661
1756,1856
1922,2036
2114,2224
2322,2396
2498,2552
2604,2653
2597,2679
2555,2621
2524,2515
2460,2365
2367,2173
2226,1975
2043,1785
1816,1630
1581,1521
1493,1477
1510,1466
1557,1512
1610,1620
1698,1764
1834,1943
2014,2128
2223,2321
2417,2470
2571,2611
2596,2666
2576,2654
2544,2574
2492,2440
2424,2277
2307,2080
2137,1879
1930,1704
1696,1573
1509,1488
1501,1461
1535,1479
1583,1561
1649,1684
1765,1855
1924,2043
2121,2235
2326,2414
2504,2552
2603,2656
2589,2675
2562,2626
2523,2514
2459,2364
2373,2180
2234,1976
2045,1790
1807,1631
1576,1523
1494,1477
1519,1473
1558,1523
1613,1625
1704,1771
1840,1952
2028,2145
2233,2332
2427,2489
2569,2616
2604,2680
2575,2662
2545,2583
2496,2452
2420,2282
2301,2085
2142,1892
1932,1704
1689,1579
1513,1501
1507,1471
1542,1495
1584,1576
1650,1699
1767,1869
1929,2060
2129,2245
2333,2425
2509,2559
2599,2660
2594,2680
2550,2626
2525,2520
2461,2362
2370,2181
2235,1975
2040,1798
1814,1641
1581,1526
1504,1480
1520,1478
1559,1529
1615,1636
1707,1784
1842,1962
2026,2151
2234,2340
2429,2499
2578,2618
2598,2680
2577,2663
2541,2580
2494,2443
2420,2271
2305,2074
2138,1880
1930,1709
1691,1573
1508,1494
1494,1471
1537,1494
1582,1566
1661,1702
1774,1873
1932,2055
2126,2239
2337,2427
2516,2562
2603,2656
2591,2677
2569,2626
2515,2508
2460,2353
2360,2174
2224,1972
2031,1783
1800,1630
1575,1526
1493,1476
1525,1471
1557,1522
1620,1629
1707,1774
1847,1959
2027,2150
2246,2335
2429,2495
2570,2613
2600,2675
2573,2652
2543,2572
2486,2431
2412,2257
2293,2072
2132,1870
1922,1704
1687,1571
1503,1497
1500,1465
1538,1489
1583,1569
1659,1706
1765,1862
1926,2048
2129,2237
2338,2415
2504,2561
2599,2656
2590,2671
2555,2611
2508,2502
2458,2342
2361,2167
2218,1963
2025,1773
1795,1619
1567,1512
1494,1467
1519,1459
1558,1518
1614,1621
1707,1771
1844,1953
2031,2143
2238,2331
2432,2492
2580,2611
2596,2669
2575,2651
2539,2565
2488,2432
2413,2257
2295,2064
2129,1869
1925,1707
1687,1566
1503,1487
1495,1455
1537,1493
1579,1570
1657,1699
1772,1869
1938,2056
2136,2246
2337,2423
2518,2562
2595,2655
2587,2674
2552,2619
2518,2508
2453,2356
2360,2164
2220,1966
2025,1780
1797,1624
1566,1521
1496,1473
1520,1478
1559,1527
1619,1637
1710,1783
1853,1965
2032,2160
2245,2340
2436,2502
2582,2621
2601,2678
2582,2661
2542,2571
2493,2437
2412,2262
2293,2065
2127,1870
1915,1705
1675,1564
1507,1496
1509,1469
1537,1496
1591,1580
1665,1708
1777,1869
1946,2068
2134,2257
2344,2430
2521,2567
2607,2667
2585,2674
2567,2624
2525,2511
2456,2356
2354,2160
2220,1971
2025,1778
1791,1624
1564,1517
1488,1477
1531,1484
1568,1537
1617,1640
1715,1790
1855,1974
2039,2164
2244,2351
2442,2506
2587,2629
2597,2687
2575,2659
2541,2572
2491,2435
2413,2262
2293,2066
2123,1870
1913,1696
1670,1564
1506,1491
1511,1478
1538,1503
1591,1588
1654,1704
1777,1875
1944,2070
2143,2251
2349,2430
2523,2574
2600,2660
2589,2682
2557,2611
2527,2502
2451,2351
2357,2160
2212,1964
2023,1779
1787,1622
1558,1519
1496,1471
1519,1476
1564,1531
1624,1639
1717,1791
1854,1967
2042,2163
2245,2343
2441,2502
2581,2622
2597,2673
2576,2655
2539,2562
2489,2424
2408,2248
2289,2056
2119,1860
1912,1687
1665,1559
1504,1486
1502,1461
1539,1491
1589,1568
1659,1704
1774,1873
1937,2068
2148,2249
2353,2428
2525,2564
2605,2659
2583,2666
2557,2602
2511,2496
2452,2341
2355,2150
2213,1952
2015,1768
1790,1619
1570,1507
1496,1468
1520,1467
1556,1523
1621,1639
1710,1784
1858,1967
2043,2158
2251,2341
2439,2500
2579,2619
2592,2670
2574,2649
2537,2575
2481,2417
2406,2246
2289,2045
2110,1856
1901,1683
1659,1553
1518,1479
1506,1463
1541,1492
1587,1563
1661,1709
1779,1878
1948,2068
2150,2254
2348,2431
2527,2570
2600,2661
2588,2669
2561,2618
2511,2498
2452,2340
2354,2152
2205,1953
2008,1767
1783,1614
1559,1521
1493,1470
1521,1479
1562,1528
1624,1641
1721,1800
1863,1973
2050,2174
2252,2351
2447,2511
2581,2628
2600,2685
2574,2651
2541,2566
2486,2424
2409,2248
2287,2035
2113,1859
1902,1687
1659,1562
1499,1490
1503,1474
1542,1504
1596,1586
1669,1718
1785,1889
1951,2075
2155,2270
2353,2435
2532,2577
2601,2668
2589,2681
2559,2613
2518,2507
2454,2339
2354,2157
2203,1953
2007,1773
1774,1618
1546,1519
1499,1483
1523,1478
1568,1542
1630,1648
1720,1803
1866,1986
2052,2178
2262,2363
2452,2522
2595,2627
2599,2683
2578,2651
2537,2565
2484,2425
2407,2252
2284,2056
2115,1859
1897,1694
1664,1566
1497,1487
1502,1467
1543,1506
1596,1588
1668,1722
1796,1898
1951,2066
2155,2271
2360,2441
2525,2578
2604,2665
2584,2672
2554,2613
2520,2499
2447,2332
2342,2139
2201,1961
2005,1763
1774,1608
1552,1516
1499,1473
1520,1476
1565,1532
1627,1647
1725,1801
1867,1986
2055,2176
2263,2357
2451,2515
2581,2626
2594,2677
2569,2645
2535,2554
2479,2414
2401,2238
2279,2041
2106,1850
1893,1675
1651,1554
1498,1486
1506,1465
1543,1497
1591,1583
1672,1720
1787,1889
1961,2080
2163,2272
2365,2444
2526,2572
2596,2666
2582,2661
2557,2609
2513,2488
2445,2328
2346,2135
2199,1942
1998,1762
1766,1597
1543,1506
1493,1461
1521,1470
1567,1528
1628,1647
1723,1801
1867,1977
2053,2168
2259,2358
2450,2508
2584,2624
2592,2669
2569,2638
2531,2551
2479,2403
2401,2232
2275,2034
2102,1846
1886,1671
1647,1547
1496,1481
1506,1460
1544,1486
1595,1586
1670,1720
1792,1890
1965,2084
2165,2269
2365,2436
2535,2577
2596,2665
2587,2665
2548,2603
2509,2481
2444,2329
2340,2136
2195,1937
1994,1756
1765,1604
1541,1514
1495,1468
1524,1476
1572,1536
1627,1650
1730,1806
1874,1990
2062,2182
2275,2366
2458,2520
2593,2634
2597,2682
2574,2646
2529,2555
2479,2411
2399,2237
2272,2037
2104,1848
1878,1676
1644,1556
1497,1485
1510,1471
1544,1506
1597,1592
1670,1733
1796,1903
1967,2086
2169,2271
2376,2455
2541,2586
2596,2665
2587,2672
2560,2609
2512,2492
2448,2329
2344,2142
2196,1939
1989,1758
1763,1610
1550,1518
1498,1478
1530,1480
1575,1545
1634,1659
1731,1815
1879,2001
2069,2193
2276,2374
2466,2525
2574,2640
2593,2674
2576,2649
2528,2553
2480,2413
2397,2232
2275,2035
2099,1845
1880,1677
1640,1552
1496,1492
1508,1464
1548,1505
1595,1587
1686,1745
1804,1904
1980,2103
2167,2279
2378,2455
2540,2590
2602,2669
2586,2674
2557,2609
2510,2485
2441,2325
2342,2133
2189,1935
1986,1753
1753,1603
1535,1508
1497,1477
1524,1480
1572,1557
1628,1653
1734,1813
1877,1996
2071,2188
2274,2369
2467,2527
2591,2632
2588,2672
2577,2638
2526,2546
2476,2405
2390,2222
2267,2023
2091,1834
1873,1663
1633,1542
1492,1483
1514,1457
1542,1505
1601,1593
1673,1732
1799,1906
1968,2092
2177,2280
2372,2445
2542,2579
2596,2664
2585,2664
2556,2600
2506,2473
2433,2304
2328,2119
2191,1922
1982,1739
1752,1586
1526,1502
1494,1460
1520,1472
1568,1546
1636,1657
1732,1815
1881,1991
2072,2186
2277,2367
2470,2532
2592,2629
2586,2670
2569,2635
2524,2539
2471,2400
2396,2213
2260,2017
2082,1824
1866,1656
1629,1537
1496,1480
1505,1464
1545,1502
1594,1595
1677,1733
1799,1906
1976,2095
2174,2285
2379,2453
2545,2585
2600,2667
2578,2661
2556,2612
2506,2476
2435,2310
2335,2121
2180,1922
1984,1745
1742,1596
1536,1507
1497,1466
1524,1477
1574,1544
1636,1663
1737,1821
1879,2008
2078,2196
2284,2379
2477,2531
2594,2637
2598,2681
2569,2641
2534,2546
2477,2401
2391,2218
2262,2025
2086,1831
1867,1666
1626,1541
1499,1487
1511,1470
1547,1507
1597,1601
1680,1739
1809,1914
1983,2105
2187,2293
2386,2455
2551,2599
2595,2669
2589,2675
2557,2602
2511,2478
2433,2313
2331,2120
2181,1934
1981,1748
1743,1597
1534,1506
1505,1468
1532,1478
1576,1550
1642,1673
1738,1827
1891,2011
2087,2203
2287,2390
2483,2534
2597,2649
2594,2685
2575,2652
2535,2548
2483,2401
2400,2218
2263,2014
2084,1835
1864,1669
1625,1550
1496,1487
1515,1474
1549,1514
1604,1606
1684,1749
1812,1922
1985,2119
2185,2296
2387,2468
2553,2604
2601,2683
2586,2670
2551,2600
2498,2465
2434,2312
2328,2122
2175,1919
1977,1749
1732,1592
1526,1501
1498,1467
1530,1486
1569,1542
1632,1664
1742,1810
1898,2017
2085,2204
2291,2382
2475,2536
2592,2643
2592,2679
2564,2632
2529,2538
2472,2391
2389,2215
2255,2014
2076,1824
1856,1657
1618,1538
1497,1481
1510,1465
1550,1508
1597,1601
1686,1740
1808,1915
1987,2108
2189,2294
2394,2466
2553,2596
2597,2664
2584,2663
2549,2591
2500,2461
2427,2291
2327,2112
2174,1916
1969,1735
1722,1586
1528,1499
1499,1465
1522,1466
1573,1542
1643,1662
1733,1820
1900,2010
2080,2196
2298,2373
2479,2527
2586,2631
2596,2665
2564,2636
2533,2527
2463,2381
2387,2209
2254,1999
2066,1814
1856,1653
1614,1535
1495,1473
1509,1461
1549,1505
1600,1601
1682,1743
1806,1911
1994,2108
2195,2295
2392,2460
2547,2589
2592,2660
2578,2659
2550,2588
2501,2473
2430,2295
2323,2106
2172,1907
1966,1725
1729,1586
1524,1498
1494,1461
1528,1480
1572,1552
1643,1677
1743,1831
1894,2013
2094,2206
2298,2387
2479,2538
2594,2647
2587,2675
2568,2641
2527,2536
2475,2390
2387,2207
2251,2011
2073,1820
1846,1652
1616,1539
1494,1481
1518,1468
1552,1512
1606,1606
1688,1746
1817,1925
2000,2117
2202,2309
2401,2468
2554,2600
2593,2671
2579,2663
2557,2605
2507,2473
2437,2304
2323,2107
2170,1915
1969,1738
1731,1601
1525,1507
1495,1472
1529,1491
1583,1555
1650,1683
1752,1850
1903,2026
2095,2220
2306,2402
2494,2550
2604,2643
2599,2676
2572,2633
2531,2542
2472,2392
2390,2211
2240,2009
2073,1815
1842,1658
1605,1546
1498,1487
1518,1476
1552,1516
1606,1612
1690,1755
1821,1936
1997,2119
2204,2316
2405,2479
2557,2603
2602,2672
2585,2671
2551,2586
2511,2474
2431,2293
2324,2108
2155,1903
1958,1730
1722,1591
1521,1508
1509,1481
1535,1492
1576,1556
1645,1679
1752,1847
1900,2022
2100,2212
2300,2398
2492,2550
2595,2647
2596,2681
2567,2644
2522,2523
2472,2386
2377,2205
2247,2008
2061,1811
1834,1649
1603,1536
1490,1479
1515,1468
1548,1512
1610,1614
1690,1748
1820,1929
1999,2116
2207,2310
2401,2468
2558,2603
2595,2668
2557,2658
2549,2585
2496,2452
2422,2283
2321,2096
2154,1898
1953,1721
1711,1571
1514,1490
1502,1459
1530,1483
1579,1554
1646,1680
1749,1837
1907,2023
2106,2216
2306,2397
2489,2538
2602,2644
2595,2674
2569,2630
2521,2520
2466,2370
2371,2190
2239,1986
2055,1805
1833,1638
1594,1524
1494,1471
1516,1468
1549,1506
1610,1610
1693,1751
1819,1927
1998,2121
2206,2306
2403,2470
2561,2595
2596,2666
2580,2660
2548,2580
2498,2454
2424,2286
2315,2095
2157,1901
1949,1716
1713,1581
1513,1492
1498,1463
1528,1482
1575,1558
1643,1683
1754,1841
1912,2025
2106,2222
2308,2400
2494,2544
2598,2649
2595,2681
2565,2635
2524,2524
2467,2378
2380,2192
2239,1997
2054,1802
1833,1645
1592,1531
1497,1481
1512,1470
1551,1509
1610,1608
1694,1761
1829,1937
2006,2128
2213,2317
2406,2481
2571,2605
2599,2678
2585,2665
2546,2585
2503,2464
2430,2291
2317,2096
2151,1895
1948,1722
1711,1582
1516,1496
1504,1476
1538,1497
1585,1567
1649,1682
1762,1852
1912,2036
2115,2234
2324,2409
2499,2555
2596,2654
2591,2682
2571,2637
2526,2531
2462,2387
2385,2199
2235,1996
2047,1808
1828,1646
1604,1534
1493,1485
1519,1471
1561,1523
1608,1623
1700,1769
1832,1943
2013,2137
2215,2322
2415,2487
2565,2615
2601,2680
2581,2668
2548,2590
2503,2453
2426,2287
2316,2095
2151,1897
1941,1721
1703,1579
1514,1498
1511,1470
1532,1492
1574,1557
1658,1694
1760,1861
1916,2038
2120,2240
2320,2406
2495,2545
2598,2653
2595,2679
2559,2622
2525,2523
2461,2374
2379,2186
2234,1998
2048,1799
1822,1639
1588,1531
1499,1478
1516,1469
1555,1518
1608,1617
1698,1744
1829,1942
2017,2133
2216,2319
2417,2480
2567,2611
2597,2672
2581,2659
2534,2580
2497,2447
2418,2271
2313,2085
2145,1884
1936,1706
1696,1566
1507,1498
1506,1460
1533,1484
1578,1560
1647,1683
1762,1854
1920,2039
2120,2226
2314,2400
2507,2553
2596,2648
2594,2671
2557,2615
2525,2505
2458,2360
2370,2171
2224,1972
2044,1784
1820,1634
1581,1524
1489,1463
1510,1466
1550,1514
1608,1611
1695,1766
1836,1943
2022,2130
2222,2324
2418,2485
2568,2603
2584,2668
2575,2652
2542,2574
2488,2442
2419,2275
2304,2075
2142,1883
1934,1709
1695,1569
1512,1496
1499,1462
1535,1481
1581,1562
1648,1691
1760,1852
1918,2047
2121,2238
2318,2407
2505,2553
2596,2655
2589,2674
2561,2627
2517,2515
2461,2364
2367,2176
2227,1981
2043,1798
1816,1631
1584,1523
1494,1475
1519,1476
1557,1521
1615,1623
1704,1771
1835,1948
2017,2145
2229,2326
2424,2494
2573,2614
2603,2676
2578,2660
2548,2582
2495,2445
2421,2279
2306,2082
2141,1885
1937,1712
1695,1574
1510,1497
1508,1474
1537,1495
1583,1566
1655,1696
1767,1861
1924,2051
2122,2237
2331,2414
2506,2561
2600,2662
2600,2686
2566,2634
2527,2523
2465,2366
2375,2185
2234,1990
2038,1791
1807,1631
1575,1530
1500,1479
1521,1478
1558,1530
1617,1638
1704,1775
1848,1963
2029,2150
2237,2342
2429,2501
2576,2624
2602,2678
2581,2666
2549,2580
2495,2448
2428,2278
2304,2074
2140,1886
1925,1709
1693,1575
1508,1500
1508,1467
1530,1495
1587,1573
1661,1688
1771,1867
1921,2052
2137,2253
2329,2421
2508,2556
2606,2664
2592,2679
2558,2621
2518,2509
2461,2358
2363,2174
2218,1969
2038,1787
1808,1631
1575,1523
1498,1474
1520,1471
1555,1523
1617,1631
1706,1775
1846,1955
2023,2150
2238,2334
2428,2488
2574,2613
2596,2674
2573,2655
2543,2573
2494,2437
2418,2269
2297,2068
2137,1876
1919,1695
1684,1569
1506,1492
1503,1463
1536,1488
1586,1573
1649,1697
1768,1865
1928,2043
2126,2242
2332,2414
2506,2553
2595,2652
2584,2664
2560,2622
2520,2511
2457,2354
2359,2173
2218,1977
2033,1784
1803,1620
1576,1521
1494,1470
1522,1475
1559,1516
1612,1622
1708,1771
1844,1949
2019,2148
2232,2327
2423,2487
2573,2610
2595,2669
2576,2652
2544,2571
2489,2430
2413,2260
2301,2068
2132,1870
1924,1698
1679,1559
1504,1490
1500,1470
1532,1487
1582,1572
1658,1695
1771,1871
1934,2052
2132,2244
2337,2420
2517,2563
2596,2652
2582,2671
2555,2619
2517,2505
2454,2354
2356,2168
2221,1968
2025,1776
1800,1626
1570,1516
1494,1474
1520,1473
1556,1525
1620,1634
1716,1782
1846,1964
2037,2152
2243,2336
2435,2495
2579,2628
2598,2680
2579,2658
2539,2574
2493,2438
2409,2265
2299,2069
2128,1881
1919,1698
1680,1569
1505,1491
1510,1468
1537,1495
1593,1577
1661,1699
1779,1877
1942,2064
2142,2259
2348,2431
2525,2571
2608,2664
2584,2676
2564,2622
2520,2513
2455,2351
2361,2168
2226,1975
2029,1784
1799,1630
1574,1526
1489,1477
1525,1476
1559,1530
1625,1647
1710,1788
1851,1973
2044,2161
2243,2353
2445,2503
2583,2621
2601,2685
2578,2659
2548,2571
2497,2435
2414,2265
2297,2072
2125,1872
1915,1697
1674,1569
1507,1498
1506,1470
1539,1499
1589,1573
1670,1715
1773,1870
1939,2063
2141,2252
2345,2433
2522,2571
2604,2664
2590,2675
2569,2633
2512,2502
2453,2348
2354,2163
2218,1971
2028,1791
1786,1624
1562,1521
1495,1477
1520,1477
1559,1532
1616,1631
1710,1784
1849,1967
2038,2159
2248,2343
2435,2503
2575,2620
2598,2678
2576,2656
2537,2564
2487,2429
2408,2250
2293,2057
2118,1864
1909,1689
1668,1561
1503,1483
1503,1463
1539,1495
1588,1576
1658,1702
1781,1870
1949,2067
2147,2257
2340,2422
2523,2571
2601,2658
2587,2680
2561,2613
2516,2500
2452,2331
2358,2158
2213,1950
2020,1777
1790,1612
1560,1516
1492,1462
1525,1460
1560,1527
1616,1630
1706,1790
1858,1975
2037,2163
2250,2336
2434,2497
2577,2613
2594,2671
2564,2647
2532,2562
2485,2416
2406,2240
2289,2053
2116,1853
1901,1681
1663,1550
1496,1486
1504,1460
1537,1490
1589,1605
1660,1711
1780,1879
1943,2062
2146,2258
2344,2427
2525,2569
2598,2657
2587,2665
2562,2622
2517,2497
2449,2338
2351,2142
2211,1954
2014,1771
1781,1611
1557,1511
1493,1468
1524,1471
1562,1534
1623,1637
1718,1793
1862,1971
2042,2170
2254,2354
2447,2509
2582,2627
2597,2675
2574,2649
2543,2563
2482,2423
2410,2250
2285,2056
2115,1861
1901,1687
1661,1556
1499,1490
1501,1467
1542,1501
1590,1581
1672,1715
1786,1887
1955,2075
2152,2263
2356,2432
2527,2575
2602,2665
2587,2674
2560,2611
2517,2498
2451,2343
2353,2149
2204,1954
2011,1768
1778,1625
1552,1519
1491,1481
1526,1472
1569,1534
1628,1653
1722,1795
1864,1980
2051,2174
2256,2358
2450,2521
2587,2636
2600,2684
2574,2656
2545,2565
2485,2427
2406,2257
2294,2057
2109,1861
1898,1690
1656,1568
1500,1496
1510,1472
1543,1506
1594,1591
1671,1721
1788,1893
1953,2082
2152,2269
2362,2445
2533,2583
2602,2669
2591,2677
2560,2628
2514,2497
2449,2339
2342,2137
2196,1957
2004,1764
1776,1614
1553,1514
1499,1474
1523,1479
1562,1531
1624,1652
1715,1799
1869,1985
2052,2165
2265,2364
2450,2515
2588,2633
2592,2677
2571,2646
2539,2561
2479,2419
2401,2244
2277,2041
2110,1855
1892,1680
1657,1555
1500,1487
1505,1465
1542,1498
1591,1582
1669,1721
1787,1884
1956,2081
2152,2264
2361,2437
2529,2572
2596,2657
2585,2668
2557,2605
2511,2483
2449,2333
2352,2145
2200,1942
2007,1762
1762,1603
1541,1502
1492,1469
1523,1461
1559,1524
1626,1646
1718,1794
1867,1983
2060,2172
2260,2357
2447,2506
2588,2627
2590,2667
2572,2641
2531,2549
2475,2405
2397,2233
2275,2034
2100,1846
1888,1676
1651,1545
1495,1480
1509,1458
1541,1498
1591,1580
1669,1718
1801,1888
1955,2080
2158,2267
2358,2434
2542,2576
2597,2660
2582,2670
2553,2605
2506,2497
2438,2321
2345,2133
2198,1944
1997,1750
1762,1586
1542,1506
1495,1467
1526,1472
1563,1530
1631,1651
1728,1804
1876,1984
2064,2182
2265,2362
2457,2520
2588,2629
2592,2679
2574,2642
2529,2555
2482,2416
2399,2237
2277,2045
2095,1846
1885,1673
1640,1553
1500,1484
1511,1464
1542,1502
1596,1592
1671,1723
1796,1900
1959,2086
2163,2275
2371,2450
2539,2584
2608,2670
2587,2676
2561,2615
2510,2487
2449,2331
2343,2149
2194,1939
1992,1754
1771,1610
1547,1520
1500,1474
1524,1484
1570,1541
1630,1659
1734,1819
1877,1995
2067,2187
2286,2373
2460,2518
2585,2636
2593,2681
2575,2652
2538,2565
2482,2419
2402,2229
2277,2033
2098,1846
1880,1674
1640,1559
1498,1492
1510,1469
1546,1511
1597,1602
1678,1736
1794,1902
1958,2096
2166,2281
2359,2451
2544,2595
2602,2670
2580,2671
2553,2604
2519,2490
2447,2328
2346,2139
2192,1947
1992,1755
1763,1617
1543,1513
1503,1470
1522,1473
1565,1540
1635,1660
1733,1814
1885,2003
2063,2177
2266,2355
2464,2519
2587,2636
2597,2678
2574,2641
2533,2546
2479,2408
2395,2227
2271,2030
2090,1836
1881,1670
1634,1546
1503,1484
1506,1463
1547,1502
1599,1593
1674,1727
1800,1905
1966,2090
2170,2275
2376,2452
2539,2585
2599,2659
2584,2669
2549,2600
2510,2482
2441,2315
2336,2125
2191,1926
1987,1743
1754,1597
1537,1503
1491,1467
1524,1471
1564,1538
1629,1651
1725,1809
1879,1991
2070,2193
2272,2361
2456,2521
2589,2633
2593,2669
2562,2641
2530,2549
2469,2403
2398,2221
2260,2022
2090,1828
1865,1657
1639,1541
1495,1478
1510,1457
1537,1496
1592,1589
1677,1728
1800,1901
1968,2090
2170,2278
2373,2446
2539,2578
2599,2661
2584,2659
2549,2598
2507,2476
2438,2310
2339,2124
2182,1928
1984,1741
1746,1596
1544,1514
1491,1463
1525,1476
1568,1538
1632,1655
1735,1817
1883,2004
2080,2184
2278,2372
2467,2525
2595,2640
2594,2677
2569,2636
2527,2543
2477,2402
2393,2221
2267,2029
2093,1833
1872,1666
1631,1545
1494,1485
1513,1464
1547,1503
1595,1594
1677,1735
1801,1907
1979,2103
2181,2288
2381,2457
2545,2591
2597,2669
2584,2671
2553,2603
2509,2483
2439,2314
2344,2137
2189,1934
1982,1746
1750,1600
1533,1508
1500,1477
1529,1481
1574,1548
1636,1663
1742,1828
1885,2003
2081,2206
2290,2382
2471,2532
2598,2649
2598,2677
2569,2641
2529,2550
2481,2407
2397,2226
2265,2025
2085,1838
1870,1671
1630,1554
1495,1495
1514,1473
1556,1510
1602,1610
1682,1748
1806,1919
1982,2109
2180,2302
2381,2464
2547,2594
2601,2671
2588,2672
2553,2606
2508,2479
2443,2318
2336,2122
2182,1927
1975,1742
1745,1601
1528,1511
1497,1461
1530,1483
1570,1553
1637,1668
1743,1828
1898,2006
2078,2192
2286,2368
2466,2522
2595,2645
2591,2678
2570,2639
2532,2539
2481,2400
2393,2220
2259,2020
2085,1832
1862,1664
1623,1545
1494,1484
1514,1473
1547,1507
1598,1599
1685,1737
1800,1912
1986,2102
2182,2292
2388,2459
2550,2588
2598,2664
2583,2663
2549,2596
2502,2469
2436,2306
2331,2118
2170,1914
1977,1739
1739,1588
1527,1501
1495,1461
1529,1478
1570,1542
1639,1665
1742,1827
1890,2005
2087,2198
2290,2379
2474,2529
2592,2634
2601,2670
2567,2631
2527,2533
2472,2382
2390,2210
2258,2015
2069,1814
1856,1658
1615,1529
1493,1477
1513,1458
1545,1502
1601,1591
1681,1735
1804,1908
1983,2096
2182,2290
2387,2454
2547,2584
2597,2662
2581,2657
2549,2592
2504,2470
2433,2302
2326,2106
2165,1908
1965,1722
1740,1595
1531,1507
1495,1463
1529,1479
1577,1542
1637,1664
1743,1831
1887,2016
2090,2199
2289,2380
2477,2531
2595,2643
2592,2676
2565,2635
2526,2538
2468,2389
2386,2206
2258,2013
2074,1834
1852,1655
1616,1535
1493,1481
1511,1464
1549,1511
1608,1606
1687,1744
1818,1923
1985,2107
2193,2298
2393,2464
2552,2595
2604,2673
2583,2667
2554,2597
2501,2470
2436,2306
2327,2112
2169,1919
1967,1733
1728,1598
1525,1502
1504,1470
1531,1485
1576,1555
1645,1670
1748,1830
1899,2016
2096,2207
2299,2393
2483,2540
2602,2656
2597,2688
2570,2643
2532,2551
2473,2391
2370,2211
2256,2023
2073,1835
1856,1667
1618,1549
1494,1479
1514,1475
1553,1517
1604,1619
1692,1757
1819,1927
1992,2117
2200,2301
2391,2472
2558,2602
2600,2675
2583,2674
2551,2600
2504,2472
2438,2309
2327,2112
2165,1913
1966,1735
1730,1594
1525,1506
1504,1474
1526,1484
1573,1550
1655,1690
1757,1826
1895,2010
2099,2218
2297,2392
2487,2536
2596,2646
2585,2674
2573,2643
2532,2545
2467,2381
2389,2206
2252,2007
2065,1820
1847,1650
1606,1537
1501,1485
1510,1463
1550,1507
1605,1606
1694,1747
1817,1927
1991,2114
2202,2308
2393,2468
2562,2599
2598,2670
2581,2663
2545,2594
2502,2462
2431,2292
2321,2104
2166,1910
1955,1730
1725,1584
1518,1502
1499,1462
1529,1481
1576,1552
1641,1664
1747,1832
1901,2014
2095,2205
2295,2384
2489,2537
2597,2638
2589,2671
2570,2625
2522,2536
2464,2376
2377,2205
2251,1997
2064,1808
1841,1642
1604,1531
1486,1470
1518,1466
1548,1503
1607,1605
1686,1751
1825,1919
1988,2115
2198,2299
2396,2470
2555,2593
2598,2659
2576,2669
2547,2581
2500,2459
2424,2287
2320,2101
2161,1897
1953,1724
1721,1582
1512,1491
1499,1466
1519,1474
1577,1556
1639,1670
1743,1824
1897,2026
2096,2213
2304,2391
2487,2540
2593,2645
2589,2677
2562,2628
2528,2532
2466,2381
2381,2195
2245,2001
2064,1809
1835,1644
1602,1529
1495,1479
1516,1467
1555,1510
1603,1606
1690,1751
1822,1931
2004,2118
2203,2308
2404,2471
2564,2602
2597,2669
2580,2665
2550,2592
2503,2462
2427,2293
2321,2101
2159,1906
1959,1728
1721,1585
1523,1504
1502,1473
1533,1486
1577,1562
1649,1680
1752,1843
1905,2028
2102,2226
2312,2399
2491,2547
2601,2652
2602,2688
2569,2642
2533,2534
2463,2383
2381,2207
2247,2005
2066,1815
1836,1655
1601,1540
1501,1486
1516,1475
1553,1522
1609,1623
1693,1765
1827,1936
2002,2128
2208,2318
2410,2480
2561,2604
2606,2675
2582,2665
2551,2594
2500,2466
2426,2298
2322,2101
2161,1906
1952,1724
1714,1588
1522,1503
1508,1479
1534,1489
1579,1562
1655,1687
1756,1854
1913,2042
2104,2216
2307,2404
2494,2547
2601,2658
2593,2679
2560,2622
2515,2527
2471,2375
2379,2200
2241,2008
2057,1805
1835,1648
1599,1531
1490,1474
1513,1467
1549,1515
1608,1615
1688,1758
1830,1933
2009,2126
2214,2316
2407,2476
2563,2604
2601,2671
2577,2660
2546,2585
2501,2451
2423,2285
2318,2094
2151,1894
1949,1717
1702,1578
1516,1497
1500,1463
1530,1485
1577,1558
1646,1681
1755,1846
1909,2026
2102,2226
2315,2404
2497,2543
2597,2650
2587,2667
2560,2628
2520,2519
2467,2370
2377,2184
2238,1982
2058,1800
1828,1636
1591,1523
1492,1470
1509,1460
1555,1517
1611,1616
1694,1759
1828,1934
2002,2128
2215,2312
2404,2472
2566,2603
2602,2673
2581,2657
2545,2578
2494,2448
2427,2273
2312,2088
2150,1888
1942,1710
1706,1574
1516,1490
1497,1462
1525,1478
1576,1553
1643,1684
1749,1844
1911,2036
2114,2224
2311,2402
2495,2546
2596,2647
2589,2672
2561,2623
2526,2511
2463,2368
2370,2183
2227,1991
2048,1799
1821,1636
1600,1529
1492,1470
1516,1470
1552,1513
1613,1619
1697,1765
1834,1937
2015,2135
2208,2314
2415,2481
2568,2609
2596,2673
2576,2664
2545,2580
2496,2450
2422,2279
2308,2086
2146,1893
1941,1714
1702,1580
1513,1498
1503,1470
1535,1490
1580,1564
1652,1690
1756,1853
1925,2042
2109,2230
2320,2409
2503,2560
2603,2658
2594,2676
2558,2630
2523,2519
2467,2368
2372,2188
2240,1992
2046,1796
1810,1642
1589,1530
1499,1476
1513,1477
1561,1531
1611,1628
1703,1772
1840,1962
2022,2147
2224,2327
2418,2485
2570,2608
2601,2681
2576,2674
2547,2585
2499,2448
2424,2287
2312,2086
2145,1887
1935,1713
1698,1581
1514,1501
1502,1471
1537,1492
1582,1574
1655,1689
1761,1860
1921,2046
2116,2238
2324,2416
2501,2558
2603,2660
2594,2680
2565,2631
2524,2517
2465,2368
2376,2188
2233,1992
2046,1795
1822,1636
1584,1527
1495,1478
1520,1481
1561,1525
1613,1621
1704,1769
1836,1947
2017,2133
2231,2329
2420,2487
2570,2609
2596,2674
2579,2660
2541,2578
2495,2447
2418,2278
2305,2081
2142,1886
1926,1705
1692,1574
1507,1493
1504,1465
1531,1488
1576,1563
1651,1689
1764,1857
1922,2043
2124,2237
2326,2408
2506,2553
2596,2648
2588,2688
2563,2623
2515,2510
2460,2348
2365,2174
2231,1976
2033,1783
1807,1631
1578,1516
1494,1467
1519,1465
1547,1510
1616,1627
1694,1764
1839,1951
2019,2140
2229,2326
2422,2483
2571,2611
2602,2664
2575,2653
2543,2569
2490,2435
2423,2267
2302,2080
2131,1880
1922,1700
1691,1562
1508,1489
1499,1456
1531,1483
1577,1562
1646,1687
1762,1851
1919,2044
2125,2235
2321,2414
2512,2556
2599,2647
2585,2671
2560,2621
2517,2509
2456,2353
2366,2174
2224,1995
2035,1787
1807,1628
1573,1521
1493,1473
1513,1466
1555,1520
1615,1621
1706,1775
1845,1953
2023,2144
2228,2329
2425,2491
2576,2615
2600,2677
2574,2659
2543,2572
2494,2440
2416,2270
2317,2076
2130,1885
1924,1706
1684,1567
1510,1495
1505,1466
1539,1492
1586,1572
1656,1698
1775,1865
1931,2054
2132,2246
2331,2423
2511,2560
2600,2654
2591,2677
2564,2630
2521,2516
2461,2359
2362,2171
2229,1984
2035,1793
1804,1634
1569,1531
1495,1480
1518,1476
1559,1529
1621,1630
1709,1776
1849,1967
2034,2154
2237,2333
2427,2498
2580,2627
2600,2682
2581,2664
2546,2567
2487,2445
2416,2270
2302,2088
2134,1882
1923,1718
1683,1572
1510,1497
1507,1482
1540,1501
1589,1572
1658,1709
1771,1872
1929,2066
2132,2251
2337,2427
2515,2570
2597,2657
2587,2667
2565,2622
2516,2513
2460,2356
2359,2180
2224,1971
2027,1783
1798,1629
1582,1530
1490,1469
1525,1475
1556,1528
1612,1631
1710,1784
1857,1963
2028,2152
2239,2337
2437,2502
2572,2612
2597,2677
2573,2656
2540,2572
2488,2437
2412,2264
2295,2069
2130,1872
1919,1696
1679,1565
1504,1490
1505,1465
1538,1494
1584,1567
1662,1701
1771,1865
1936,2057
2133,2246
2334,2419
2517,2563
2597,2650
2589,2674
2560,2614
2520,2505
2459,2351
2362,2167
2217,1961
2024,1776
1793,1628
1565,1516
1493,1472
1517,1475
1552,1520
1612,1626
1708,1774
1844,1956
2030,2148
2233,2334
2430,2496
2572,2616
2601,2671
2566,2651
2540,2564
2478,2431
2405,2246
2287,2064
2129,1858
1911,1699
1680,1561
1498,1487
1500,1464
1539,1469
1579,1569
1658,1698
1770,1869
1938,2056
2138,2243
2340,2417
2514,2560
2593,2653
2575,2668
2558,2611
2515,2497
2453,2347
2354,2158
2213,1960
2020,1771
1792,1612
1562,1519
1496,1471
1521,1472
1556,1524
1619,1632
1709,1782
1848,1965
2040,2158
2246,2336
2437,2502
2581,2625
2596,2667
2576,2651
2541,2562
2487,2428
2410,2261
2282,2056
2128,1865
1912,1692
1673,1560
1503,1493
1503,1468
1546,1494
1585,1578
1665,1711
1777,1870
1946,2070
2140,2257
2351,2426
2521,2573
2598,2661
2591,2678
2563,2627
2519,2509
2455,2347
2357,2160
2214,1960
2018,1778
1787,1623
1559,1522
1497,1484
1519,1478
1565,1535
1618,1636
1713,1794
1867,1983
2045,2165
2247,2352
2445,2514
2580,2631
2600,2679
2579,2659
2539,2574
2489,2437
2410,2260
2296,2057
2124,1861
1903,1700
1663,1570
1504,1498
1502,1476
1542,1504
1595,1580
1668,1715
1785,1891
1949,2073
2149,2266
2348,2439
2527,2576
2603,2661
2588,2678
2561,2621
2517,2507
2454,2349
2356,2160
2213,1960
2015,1775
1789,1626
1562,1523
1487,1462
1526,1475
1566,1536
1622,1640
1716,1798
1858,1976
2040,2165
2254,2359
2445,2510
2590,2633
2600,2684
2573,2649
2538,2568
2493,2430
2411,2249
2290,2049
2120,1864
1902,1691
1664,1561
1500,1491
1510,1465
1537,1498
1591,1578
1669,1712
1786,1881
1949,2072
2148,2260
2351,2434
2525,2571
2600,2662
2588,2669
2562,2619
2512,2495
2453,2329
2342,2151
2204,1952
2007,1767
1780,1608
1551,1512
1490,1466
1524,1482
1560,1539
1628,1641
1719,1797
1861,1970
2047,2169
2260,2354
2442,2504
2581,2621
2591,2663
2570,2644
2539,2557
2474,2418
2406,2236
2282,2041
2111,1845
1889,1675
1656,1554
1496,1485
1500,1457
1537,1486
1586,1573
1663,1709
1785,1882
1951,2068
2145,2264
2355,2431
2525,2568
2597,2657
2583,2665
2554,2594
2513,2485
2447,2328
2350,2142
2206,1949
2010,1762
1763,1614
1549,1510
1496,1467
1523,1467
1564,1530
1621,1640
1721,1794
1868,1983
2053,2184
2257,2356
2450,2514
2582,2624
2594,2673
2571,2647
2533,2556
2487,2419
2401,2240
2281,2042
2107,1851
1893,1681
1653,1558
1509,1487
1507,1468
1544,1502
1595,1588
1669,1716
1791,1891
1954,2074
2161,2267
2348,2434
2537,2583
2601,2665
2590,2678
2558,2615
2511,2491
2450,2340
2347,2148
2208,1953
2003,1765
1777,1608
1550,1515
1494,1479
1528,1487
1571,1541
1627,1653
1722,1808
1870,1989
2057,2176
2265,2360
2452,2517
2587,2633
2598,2677
2586,2661
2538,2561
2481,2423
2402,2244
2289,2057
2111,1852
1888,1682
1652,1559
1508,1496
1513,1474
1543,1505
1597,1589
1677,1732
1793,1901
1968,2094
2162,2277
2364,2456
2537,2588
2602,2668
2589,2674
2555,2619
2511,2491
2446,2337
2351,2145
2199,1951
2007,1763
1766,1613
1549,1517
1499,1471
1524,1479
1566,1540
1630,1655
1727,1808
1861,1975
2062,2177
2274,2370
2457,2516
2583,2628
2604,2686
2572,2646
2537,2559
2479,2420
2407,2239
2275,2036
2106,1847
1885,1676
1647,1553
1505,1491
1515,1473
1544,1497
1595,1586
1677,1722
1793,1896
1962,2087
2162,2274
2365,2443
2538,2582
2596,2662
2586,2669
2553,2602
2515,2484
2444,2324
2346,2133
2195,1937
1993,1751
1761,1602
1540,1511
1496,1472
1519,1476
1567,1535
1625,1652
1732,1805
1876,1994
2056,2177
2262,2360
2457,2519
2587,2628
2594,2673
2568,2643
2535,2551
2477,2403
2403,2235
2267,2025
2096,1839
1883,1673
1636,1540
1497,1479
1505,1461
1542,1491
1591,1587
1668,1722
1795,1886
1959,2085
2163,2272
2369,2446
2536,2578
2596,2663
2581,2661
2557,2598
2507,2476
2442,2317
2339,2128
2189,1924
1987,1745
1757,1600
1537,1504
1494,1456
1521,1475
1563,1540
1632,1651
1727,1800
1876,1989
2067,2184
2275,2360
2459,2516
2587,2627
2592,2675
2566,2641
2538,2548
2479,2408
2397,2225
2271,2026
2096,1837
1877,1668
1641,1549
1495,1478
1509,1465
1544,1503
1603,1597
1675,1731
1798,1899
1969,2098
2173,2274
2375,2453
2541,2582
2603,2673
2584,2668
2555,2604
2509,2486
2443,2323
2341,2136
2185,1934
1991,1752
1751,1603
1539,1512
1496,1477
1530,1481
1571,1548
1634,1658
1731,1817
1887,2004
2071,2187
2287,2379
2467,2525
2594,2638
2597,2683
2575,2649
2534,2552
2482,2405
2397,2228
2267,2033
2091,1842
1875,1670
1641,1551
1494,1484
1509,1473
1546,1522
1600,1601
1686,1728
1801,1914
1978,2101
2176,2289
2377,2461
2551,2593
2607,2672
2582,2673
2552,2611
2510,2492
2443,2325
2338,2136
2188,1937
1990,1751
1751,1602
1535,1509
1497,1472
1527,1491
1574,1551
1635,1664
1736,1822
1883,2001
2079,2198
2279,2382
2483,2555
2599,2640
2591,2683
2575,2652
2534,2547
2482,2402
2396,2221
2274,2033
2086,1825
1858,1662
1631,1547
1490,1478
1512,1465
1546,1508
1597,1590
1680,1734
1817,1918
1976,2099
2178,2289
2383,2457
2544,2590
2604,2666
2581,2664
2554,2597
2506,2475
2438,2310
2331,2121
2180,1924
1976,1743
1743,1596
1530,1506
1499,1466
1530,1481
1568,1541
1641,1661
1733,1815
1882,2000
2078,2194
2280,2374
2466,2518
2588,2641
2592,2666
2568,2636
2522,2534
2472,2399
2390,2216
2255,2013
2076,1825
1854,1655
1620,1535
1494,1479
1517,1467
1543,1497
1590,1595
1682,1751
1802,1914
1978,2102
2177,2280
2382,2445
2548,2581
2600,2656
2575,2661
2548,2592
2506,2470
2433,2304
2323,2105
2171,1913
1976,1732
1738,1591
1529,1505
1510,1468
1524,1475
1566,1539
1631,1662
1738,1817
1886,2005
2086,2200
2287,2380
2476,2530
2590,2635
2591,2679
2568,2636
2537,2541
2476,2393
2385,2212
2258,2015
2073,1823
1868,1663
1617,1534
1496,1474
1509,1461
1547,1504
1603,1602
1680,1742
1811,1908
1982,2105
2187,2293
2386,2463
2551,2591
2602,2669
2587,2670
2551,2596
2505,2470
2439,2305
2327,2118
2180,1925
1972,1741
1744,1600
1528,1503
1504,1475
1528,1483
1571,1548
1642,1672
1739,1826
1895,2015
2084,2205
2297,2390
2487,2541
2595,2640
2588,2683
2571,2641
2534,2546
2476,2399
2392,2224
2257,2019
2076,1831
1847,1664
1620,1543
1496,1483
1511,1471
1549,1516
1613,1609
1685,1742
1812,1922
1988,2120
2197,2304
2391,2467
2552,2599
2602,2677
2588,2670
2549,2607
2507,2471
2436,2303
2336,2112
2169,1916
1971,1742
1737,1596
1528,1507
1500,1484
1533,1488
1580,1550
1638,1672
1746,1834
1893,2015
2099,2215
2290,2385
2488,2551
2591,2643
2592,2679
2573,2650
2536,2543
2473,2395
2386,2213
2255,2017
2074,1819
1853,1660
1617,1544
1496,1485
1514,1470
1543,1503
1603,1611
1688,1749
1807,1915
1992,2114
2181,2301
2399,2473
2562,2600
2597,2671
2581,2663
2549,2594
2505,2468
2433,2299
2329,2110
2167,1909
1964,1735
1730,1591
1521,1501
1503,1465
1526,1476
1573,1551
1641,1670
1747,1833
1897,2015
2092,2208
2298,2388
2481,2535
2596,2638
2588,2668
2556,2630
2519,2526
2467,2385
2383,2196
2251,2004
2072,1817
1845,1649
1610,1526
1496,1477
1515,1464
1552,1503
1606,1607
1680,1739
1808,1916
1983,2106
2186,2305
2398,2454
2561,2602
2594,2660
2584,2655
2547,2589
2497,2454
2426,2291
2321,2106
2164,1905
1952,1717
1720,1586
1521,1495
1498,1459
1528,1477
1574,1554
1644,1670
1746,1831
1900,2015
2094,2212
2297,2390
2482,2536
2589,2638
2591,2675
2565,2631
2525,2527
2467,2384
2394,2202
2247,1999
2067,1810
1842,1648
1611,1532
1492,1461
1511,1468
1550,1511
1605,1602
1690,1753
1820,1930
1995,2113
2198,2301
2400,2471
2561,2608
2601,2672
2579,2661
2550,2588
2501,2461
2430,2295
2324,2103
2159,1904
1959,1725
1718,1585
1524,1501
1500,1470
1534,1486
1578,1557
1642,1675
1750,1838
1905,2023
2102,2219
2300,2392
2494,2542
2596,2652
2595,2674
2567,2637
2524,2533
2468,2379
2380,2203
2249,2005
2065,1818
1843,1653
1608,1541
1498,1487
1512,1476
1553,1517
1609,1620
1694,1757
1833,1943
2003,2124
2215,2317
2410,2480
2562,2607
2601,2682
2584,2669
2548,2587
2498,2452
2432,2291
2325,2097
2164,1908
1957,1732
1718,1585
1517,1508
1507,1477
1537,1484
1582,1558
1647,1686
1754,1849
1906,2033
2109,2226
2306,2399
2493,2547
2601,2652
2592,2679
2568,2636
2529,2532
2464,2368
2394,2207
2254,1999
2066,1811
1836,1646
1605,1535
1489,1474
1513,1473
1553,1518
1606,1618
1701,1770
1827,1937
2005,2131
2211,2319
2403,2477
2564,2605
2598,2669
2584,2661
2548,2585
2498,2463
2429,2287
2316,2095
2156,1899
1948,1725
1713,1579
1518,1498
1500,1469
1535,1484
1577,1560
1646,1677
1753,1847
1911,2031
2102,2219
2314,2402
2491,2543
2595,2644
2597,2674
2565,2629
2524,2519
2464,2372
2378,2193
2240,1989
2064,1801
1828,1639
1599,1514
1490,1479
1511,1461
1551,1518
1608,1612
1691,1750
1824,1933
2004,2125
2217,2310
2412,2478
2558,2597
2596,2671
2579,2661
2546,2575
2496,2451
2431,2283
2313,2084
2132,1892
1940,1712
1717,1573
1512,1497
1496,1463
1525,1473
1582,1557
1647,1677
1753,1840
1912,2029
2109,2217
2312,2394
2494,2543
2596,2641
2590,2675
2561,2624
2521,2519
2464,2369
2373,2182
2240,1985
2054,1806
1827,1639
1593,1526
1494,1480
1517,1464
1553,1517
1611,1618
1687,1757
1833,1934
2009,2127
2214,2318
2413,2482
2565,2605
2597,2672
2581,2659
2546,2578
2498,2453
2423,2288
2311,2090
2152,1889
1941,1721
1702,1576
1513,1496
1504,1468
1533,1489
1581,1561
1647,1683
1758,1855
1915,2038
2114,2234
2321,2384
2498,2552
2607,2654
2587,2685
2564,2638
2519,2522
2465,2377
2376,2185
2239,1991
2046,1798
1827,1645
1590,1533
1492,1475
1517,1480
1554,1522
1615,1632
1701,1772
1841,1944
2009,2145
2223,2321
2416,2498
2571,2608
2601,2684
2579,2664
2547,2584
2498,2458
2421,2282
2306,2099
2149,1898
1940,1716
1704,1587
1515,1490
1507,1469
1534,1497
1586,1563
1650,1700
1767,1859
1922,2043
2122,2230
2320,2415
2507,2561
2601,2659
2592,2679
2569,2631
2520,2524
2466,2377
2374,2188
2237,1990
2053,1803
1817,1641
1587,1530
1486,1468
1513,1476
1563,1535
1614,1624
1705,1772
1840,1955
2023,2153
2216,2326
2423,2495
2571,2612
2601,2674
2584,2665
2543,2584
2493,2439
2421,2281
2310,2092
2143,1889
1935,1709
1693,1573
1511,1498
1505,1468
1533,1485
1582,1566
1648,1690
1765,1857
1921,2033
2121,2236
2323,2410
2508,2556
2597,2654
2585,2674
2561,2624
2516,2512
2462,2362
2362,2172
2232,1977
2039,1790
1813,1630
1584,1527
1492,1470
1518,1471
1547,1517
1612,1613
1700,1770
1836,1947
2021,2138
2226,2323
2420,2485
2573,2610
2593,2669
2570,2652
2540,2568
2494,2439
2421,2266
2299,2067
2145,1877
1935,1705
1693,1578
1512,1486
1502,1462
1527,1484
1581,1567
1655,1684
1766,1848
1922,2035
2120,2228
2323,2408
2506,2548
2595,2647
2589,2669
2565,2619
2518,2514
2458,2352
2365,2170
2225,1969
2039,1783
1809,1629
1576,1521
1492,1470
1517,1471
1555,1519
1614,1624
1701,1773
1837,1949
2017,2145
2230,2328
2425,2488
2568,2611
2597,2681
2577,2657
2548,2577
2493,2440
2417,2268
2301,2074
2136,1882
1928,1704
1685,1571
1512,1497
1501,1467
1537,1491
1580,1570
1654,1695
1766,1862
1929,2051
2130,2243
2329,2414
2512,2560
2598,2656
2593,2675
2559,2629
2524,2519
2462,2368
2371,2180
2233,1980
2036,1794
1811,1633
1577,1524
1499,1475
1524,1486
1557,1525
1617,1633
1704,1776
1849,1954
2027,2153
2235,2335
2430,2496
2577,2621
2608,2676
2576,2657
2538,2575
2493,2445
2418,2274
2304,2079
2138,1884
1928,1713
1684,1575
1511,1498
1507,1466
1534,1495
1588,1583
1661,1702
1772,1875
1933,2057
2130,2248
2336,2429
2516,2567
2599,2664
2590,2683
2564,2627
2518,2517
2461,2358
2368,2176
2221,1973
2039,1787
1806,1631
1573,1526
1495,1477
1522,1477
1563,1527
1621,1633
1705,1776
1848,1977
2029,2153
2234,2341
2427,2503
2575,2616
2597,2672
2580,2657
2544,2574
2489,2438
2415,2263
2297,2069
2133,1879
1921,1699
1681,1566
1504,1492
1505,1463
1540,1491
1587,1571
1660,1702
1769,1869
1936,2058
2130,2243
2340,2413
2515,2561
2599,2656
2594,2673
2560,2620
2522,2508
2450,2352
2364,2166
2214,1965
2027,1781
1795,1624
1569,1519
1495,1471
1518,1471
1558,1517
1615,1626
1706,1781
1840,1953
2033,2141
2237,2340
2431,2497
2578,2617
2590,2674
2575,2651
2546,2557
2490,2426
2415,2256
2306,2064
2127,1862
1913,1686
1677,1572
1510,1481
1511,1456
1530,1486
1587,1571
1656,1714
1771,1867
1934,2054
2136,2236
2338,2414
2513,2557
2598,2643
2588,2666
2560,2608
2517,2499
2453,2346
2358,2158
2218,1959
2022,1771
1800,1619
1566,1519
1490,1460
1513,1470
1555,1521
1620,1636
1705,1780
1848,1958
2035,2152
2241,2340
2433,2501
2572,2621
2593,2674
2571,2653
2535,2557
2487,2424
2413,2260
2297,2061
2127,1870
1917,1694
1676,1562
1503,1490
1503,1466
1538,1492
1588,1575
1662,1703
1780,1871
1938,2059
2136,2251
2345,2429
2517,2566
2603,2663
2586,2671
2563,2625
2515,2504
2454,2352
2361,2170
2210,1963
2023,1780
1791,1621
1569,1518
1495,1472
1526,1480
1558,1529
1620,1637
1713,1790
1855,1963
2035,2161
2248,2351
2440,2506
2587,2625
2600,2683
2580,2661
2541,2576
2493,2439
2421,2271
2298,2070
2127,1869
1910,1696
1669,1563
1503,1497
1508,1469
1543,1500
1585,1581
1663,1711
1781,1880
1943,2067
2142,2259
2356,2440
2527,2581
2604,2671
2592,2680
2562,2625
2520,2509
2457,2353
2357,2167
2220,1965
2019,1785
1793,1625
1566,1522
1497,1477
1520,1474
1566,1535
1622,1638
1708,1788
1861,1972
2047,2167
2246,2345
2445,2515
2578,2619
2601,2681
2580,2658
2540,2570
2485,2428
2405,2244
2292,2064
2120,1866
1909,1694
1669,1563
1503,1489
1507,1471
1540,1502
1591,1577
1666,1711
1780,1882
1944,2064
2143,2261
2344,2429
2521,2570
2599,2661
2585,2674
2565,2613
2512,2500
2457,2341
2348,2151
2213,1956
2011,1767
1786,1619
1561,1513
1505,1472
1522,1472
1560,1530
1624,1638
1711,1791
1857,1971
2045,2166
2244,2346
2442,2501
2577,2618
2593,2671
2574,2649
2543,2556
2485,2424
2406,2239
2284,2050
2119,1859
1903,1686
1665,1556
1497,1486
1503,1458
1538,1494
1587,1577
1666,1702
1771,1877
1941,2063
2141,2251
2353,2437
2524,2567
2597,2664
2580,2667
2552,2603
2511,2493
2447,2332
2350,2143
2205,1953
2015,1763
1779,1610
1556,1509
1493,1465
1524,1468
1562,1526
1629,1639
1715,1789
1860,1975
2050,2167
2248,2346
2449,2510
2580,2620
2590,2669
2568,2654
2534,2559
2485,2419
2413,2250
2285,2046
2112,1857
1898,1682
1659,1554
1503,1479
1506,1464
1540,1492
1591,1575
1670,1718
1782,1879
1953,2069
2152,2263
2359,2433
2529,2576
2603,2658
2586,2674
2555,2608
2512,2485
2448,2344
2358,2151
2204,1957
2008,1769
1773,1620
1552,1522
1499,1474
1523,1474
1570,1526
1622,1642
1727,1798
1863,1976
2054,2176
2258,2360
2456,2520
2585,2629
2596,2682
2578,2660
2535,2560
2472,2427
2403,2249
2290,2048
2108,1861
1895,1684
1659,1561
1508,1496
1518,1475
1550,1511
1597,1581
1671,1726
1785,1891
1954,2085
2158,2273
2356,2434
2531,2584
2603,2665
2590,2681
2557,2616
2511,2501
2453,2339
2347,2149
2202,1946
2009,1772
1783,1620
1555,1520
1499,1476
1527,1481
1563,1540
1628,1654
1730,1809
1871,1984
2057,2177
2264,2364
2451,2516
2586,2635
2596,2682
2574,2652
2540,2568
2485,2423
2405,2243
2283,2047
2108,1855
1893,1682
1651,1559
1499,1490
1510,1471
1541,1500
1599,1595
1670,1725
1786,1887
1953,2078
2151,2262
2365,2447
2537,2576
2600,2667
2586,2670
2558,2608
2512,2489
2448,2333
2347,2147
2200,1941
2003,1757
1772,1608
1549,1516
1492,1468
1525,1473
1564,1537
1625,1646
1724,1802
1866,1986
2056,2173
2256,2351
2454,2514
2585,2626
2595,2676
2573,2648
2533,2551
2478,2409
2400,2235
2276,2039
2106,1849
1883,1671
1647,1545
1501,1476
1507,1462
1542,1495
1594,1588
1668,1711
1785,1888
1958,2066
2162,2272
2358,2444
2525,2567
2594,2659
2579,2662
2553,2604
2505,2486
2446,2324
2342,2133
2188,1935
1998,1745
1765,1599
1544,1507
1491,1461
1521,1469
1564,1528
1626,1647
1723,1799
1867,1983
2065,2177
2269,2354
2456,2508
2585,2626
2595,2675
2571,2645
2530,2545
2478,2412
2398,2232
2274,2039
2100,1846
1883,1668
1645,1553
1495,1484
1511,1462
1537,1488
1596,1590
1674,1722
1790,1894
1964,2088
2166,2276
2369,2445
2539,2581
2602,2664
2584,2668
2555,2606
2508,2483
2442,2327
2342,2138
2194,1935
1996,1758
1762,1606
1546,1515
1495,1472
1531,1480
1566,1536
1630,1655
1728,1813
1871,1993
2066,2187
2270,2368
2461,2523
2589,2636
2597,2679
2570,2646
2532,2555
2486,2413
2397,2231
2274,2041
2101,1848
1887,1673
1648,1560
1500,1493
1515,1478
1549,1511
1600,1599
1676,1731
1798,1908
1975,2091
2172,2283
2380,2452
2550,2593
2606,2671
2585,2678
2555,2607
2509,2486
2448,2337
2347,2143
2189,1947
1994,1755
1759,1603
1545,1517
1500,1474
1530,1485
1571,1549
1634,1664
1729,1817
1880,2002
2071,2192
2280,2376
2462,2524
2584,2633
2605,2688
2566,2645
2536,2550
2481,2416
2395,2233
2274,2036
2095,1846
1890,1680
1638,1537
1497,1478
1513,1471
1543,1499
1602,1595
1678,1737
1799,1904
1967,2095
2176,2283
2372,2442
2536,2588
2596,2667
2587,2665
2552,2603
2510,2482
2440,2319
2339,2134
2184,1933
1989,1750
1755,1601
1540,1507
1500,1470
1526,1477
1566,1543
1629,1657
1729,1812
1881,1998
2073,2189
2279,2371
2463,2519
2592,2635
2594,2673
2571,2635
2531,2543
2478,2400
2399,2225
2266,2024
2090,1829
1877,1663
1627,1538
1495,1481
1512,1457
1543,1506
1599,1594
1684,1729
1799,1907
1974,2079
2172,2281
2375,2445
2543,2585
2597,2661
2580,2651
2550,2597
2511,2468
2435,2312
2336,2109
2182,1924
1974,1743
1756,1593
1535,1500
1495,1469
1525,1470
1571,1539
1629,1653
1731,1809
1884,1998
2072,2190
2278,2369
2466,2523
2588,2633
2592,2667
2566,2636
2528,2539
2476,2395
2397,2220
2260,2018
2080,1818
1881,1671
1627,1534
1489,1474
1509,1465
1544,1501
1605,1593
1681,1733
1800,1906
1976,2097
2176,2285
2381,2455
2548,2585
2593,2664
2585,2668
2550,2595
2507,2474
2437,2308
2330,2124
2181,1926
1978,1743
1742,1600
1529,1505
1499,1463
1527,1479
1573,1547
1633,1660
1742,1824
1889,2006
2081,2201
2286,2382
2477,2527
2593,2640
2592,2679
2572,2648
2531,2546
2482,2400
2392,2223
2266,2023
2092,1840
1865,1668
1627,1548
1496,1486
1515,1476
1550,1516
1601,1610
1681,1741
1803,1914
1979,2109
2182,2297
2383,2462
2546,2594
2601,2671
2583,2670
2562,2608
2511,2475
2437,2307
2333,2127
2184,1928
1978,1749
1739,1597
1534,1509
1500,1478
1530,1482
1593,1551
1642,1672
1742,1836
1888,2019
2087,2208
2293,2384
2476,2542
2596,2649
2596,2682
2572,2644
2531,2546
2479,2400
2390,2219
2257,2021
2085,1834
1855,1665
1623,1548
1495,1488
1508,1475
1556,1514
1600,1615
1680,1753
1808,1922
1987,2106
2191,2301
2387,2468
2550,2590
2605,2669
2583,2666
2552,2605
2500,2464
2432,2307
2338,2119
2179,1922
1973,1735
1739,1594
1527,1512
1500,1468
1524,1484
1572,1551
1635,1666
1743,1828
1891,2011
2090,2201
2290,2381
2481,2528
2592,2638
2593,2673
2576,2640
2536,2534
2474,2394
2384,2207
2259,2013
2070,1817
1851,1650
1617,1543
1492,1471
1511,1466
1547,1507
1600,1597
1682,1738
1812,1914
1982,2101
2190,2292
2393,2460
2555,2596
2595,2662
2580,2663
2547,2584
2509,2473
2429,2292
2324,2110
2169,1910
1972,1726
1724,1582
1528,1502
1495,1459
1531,1482
1575,1544
1634,1664
1738,1826
1897,2005
2088,2204
2290,2387
2477,2531
2592,2639
2588,2672
2564,2628
2524,2529
2468,2382
2384,2204
2252,2007
2070,1817
1851,1648
1609,1535
1495,1478
1508,1463
1546,1506
1603,1602
1683,1734
1814,1922
1978,2103
2201,2309
2379,2460
2543,2585
2595,2670
2579,2661
2549,2590
2498,2464
2435,2307
2322,2105
2169,1907
1966,1730
1731,1592
1524,1501
1502,1467
1530,1480
1577,1550
1643,1674
1743,1833
1903,2015
2094,2213
2300,2390
2487,2541
2593,2644
2595,2677
2565,2635
2532,2539
2469,2384
2386,2209
2254,2009
2072,1823
1849,1657
1611,1541
1494,1483
1515,1475
1554,1519
1604,1612
1690,1757
1823,1927
1994,2120
2203,2304
2396,2470
2561,2601
2602,2673
2583,2669
2551,2589
2504,2473
2431,2299
2330,2119
2167,1910
1959,1729
1734,1593
1524,1514
1508,1478
1534,1492
1583,1567
1649,1682
1756,1845
1900,2031
2098,2211
2304,2402
2491,2555
2596,2649
2594,2686
2566,2641
2530,2541
2469,2390
2386,2208
2252,2009
2073,1819
1845,1653
1611,1538
1497,1483
1515,1471
1549,1512
1608,1618
1697,1764
1828,1940
1998,2126
2205,2309
2400,2476
2566,2603
2615,2679
2584,2672
2547,2593
2496,2461
2427,2294
2327,2101
2170,1911
1961,1733
1717,1584
1517,1495
1502,1472
1539,1488
1578,1555
1647,1675
1753,1835
1909,2025
2104,2217
2311,2394
2489,2543
2598,2644
2588,2672
2569,2632
2525,2526
2465,2376
2377,2197
2245,2000
2066,1809
1834,1644
1602,1535
1492,1477
1515,1467
1555,1512
1607,1605
1691,1748
1821,1927
2000,2120
2204,2306
2408,2472
2562,2596
2599,2663
2577,2653
2545,2581
2500,2448
2423,2288
2318,2094
2153,1900
1950,1717
1714,1578
1516,1486
1497,1455
1526,1474
1573,1558
1644,1677
1750,1836
1908,2024
2102,2221
2312,2389
2498,2539
2594,2640
2592,2667
2561,2627
2525,2522
2466,2374
2374,2189
2243,1992
2059,1802
1830,1642
1598,1523
1492,1472
1512,1464
1552,1504
1605,1611
1691,1752
1823,1930
2003,2118
2208,2308
2406,2476
2562,2605
2600,2670
2577,2660
2544,2582
2499,2446
2427,2286
2313,2090
2150,1895
1954,1723
1710,1580
1518,1499
1502,1463
1527,1488
1579,1559
1648,1679
1756,1841
1911,2029
2112,2220
2312,2401
2495,2547
2600,2653
2592,2678
2565,2635
2521,2523
2469,2377
2373,2189
2242,1997
2057,1805
1837,1650
1596,1533
1494,1482
1515,1473
1551,1521
1614,1624
1697,1764
1830,1941
2008,2130
2215,2325
2406,2477
2573,2607
2598,2670
2582,2669
2549,2590
2500,2459
2425,2286
2319,2099
2151,1899
1943,1718
1705,1590
1525,1505
1503,1480
1534,1488
1578,1563
1652,1691
1759,1861
1913,2036
2112,2232
2314,2411
2501,2558
2599,2660
2600,2689
2564,2633
2525,2529
2465,2377
2377,2193
2244,2000
2056,1809
1827,1644
1595,1537
1495,1487
1517,1471
1553,1522
1614,1619
1694,1765
1830,1939
2017,2139
2219,2322
2414,2484
2570,2613
2599,2680
2585,2667
2543,2583
2499,2457
2424,2287
2320,2100
2150,1883
1938,1716
1708,1580
1509,1491
1503,1465
1532,1477
1579,1565
1650,1686
1762,1855
1919,2043
2118,2227
2315,2405
2500,2554
2596,2651
2592,2676
2566,2627
2525,2521
2464,2365
2374,2183
2236,1988
2041,1791
1819,1638
1581,1522
1494,1474
1514,1470
1553,1516
1608,1613
1698,1762
1831,1939
2009,2135
2214,2313
2415,2480
2571,2613
2595,2667
2579,2658
2549,2577
2497,2445
2422,2276
2318,2087
2147,1884
1935,1709
1699,1573
1506,1490
1503,1460
1530,1482
1583,1567
1649,1676
1756,1847
1917,2030
2110,2224
2322,2405
2491,2544
2600,2647
2585,2670
2558,2620
2526,2516
2458,2370
2370,2176
2229,1979
2042,1787
1820,1631
1587,1522
1492,1471
1519,1462
1552,1519
1608,1616
1700,1763
1840,1938
2015,2136
2220,2322
2418,2482
2572,2614
2595,2672
2578,2657
2542,2575
2489,2438
2415,2275
2305,2076
2142,1886
1932,1703
1696,1570
1511,1491
1499,1465
1530,1484
1582,1563
1654,1690
1759,1849
1926,2044
2118,2232
2332,2405
2501,2550
2601,2650
2590,2678
2563,2625
2524,2525
2461,2366
2373,2182
2226,1981
2044,1796
1813,1637
1588,1526
1494,1476
1519,1476
1560,1523
1612,1626
1711,1772
1835,1948
2021,2142
2224,2330
2430,2492
2568,2613
2606,2676
2580,2666
2547,2578
2496,2448
2423,2279
2307,2084
2143,1892
1933,1710
1691,1574
1515,1503
1501,1480
1537,1496
1582,1574
1652,1696
1767,1869
1925,2058
2129,2244
2326,2419
2514,2569
2602,2667
2590,2681
2570,2630
2520,2520
2462,2371
2374,2185
2232,1983
2042,1796
1812,1638
1582,1528
1494,1485
1519,1477
1560,1524
1615,1633
1703,1773
1841,1959
2027,2151
2228,2340
2423,2493
2572,2620
2598,2679
2582,2662
2549,2590
2495,2441
2426,2282
2309,2080
2136,1886
1930,1705
1686,1566
1506,1497
1501,1463
1542,1499
1586,1570
1653,1698
1767,1853
1929,2056
2125,2239
2328,2408
2509,2561
2603,2657
2587,2675
2565,2621
2519,2513
2462,2361
2365,2174
2223,1974
2036,1789
1804,1628
1575,1524
1492,1477
1519,1471
1554,1521
1616,1625
1705,1776
1846,1952
2027,2147
2230,2328
2429,2490
2573,2610
2596,2667
2580,2654
2540,2567
2489,2435
2409,2258
2300,2070
2127,1869
1917,1692
1675,1564
1509,1482
1508,1464
1534,1486
1588,1577
1656,1696
1770,1865
1927,2052
2125,2230
2325,2410
2512,2551
2588,2648
2579,2663
2567,2623
2509,2503
2459,2345
2368,2179
2226,1965
2026,1777
1804,1619
1570,1515
1491,1468
1516,1465
1557,1519
1617,1625
1706,1775
1848,1953
2026,2152
2234,2334
2423,2488
2576,2613
2594,2667
2577,2653
2541,2566
2487,2431
2413,2260
2298,2070
2130,1869
1918,1694
1679,1561
1503,1485
1502,1454
1529,1482
1585,1566
1658,1696
1767,1867
1934,2053
2133,2246
2338,2423
2517,2565
2601,2657
2588,2675
2561,2612
2513,2508
2458,2352
2362,2166
2220,1969
2025,1783
1798,1626
1568,1523
1497,1474
1521,1475
1559,1524
1621,1638
1710,1782
1850,1962
2030,2152
2248,2342
2431,2494
2583,2622
2597,2682
2576,2656
2541,2574
2494,2439
2419,2274
2300,2072
2132,1873
1912,1701
1676,1570
1505,1499
1506,1471
1540,1498
1586,1581
1659,1712
1775,1876
1938,2064
2144,2267
2344,2428
2526,2578
2605,2669
2601,2684
2567,2625
2528,2514
2460,2358
2354,2176
2215,1972
2024,1795
1796,1632
1572,1519
1496,1481
1522,1477
1561,1529
1622,1639
1717,1794
1851,1971
2018,2167
2241,2349
2437,2508
2584,2633
2596,2680
2582,2669
2546,2578
2489,2435
2417,2272
2288,2064
2132,1882
1914,1700
1678,1569
1503,1491
1492,1446
1540,1491
1589,1580
1661,1705
1778,1875
1950,2064
2145,2253
2341,2422
2515,2559
2596,2655
2590,2678
2557,2616
2516,2502
2454,2352
2360,2162
2216,1964
2019,1774
1794,1623
1560,1517
1501,1472
1516,1468
1563,1527
1617,1635
1714,1784
1857,1971
2038,2158
2250,2341
2438,2498
2581,2621
2592,2670
2579,2651
2538,2563
2486,2427
2410,2253
2287,2051
2123,1868
1909,1685
1664,1553
1496,1484
1510,1455
1533,1491
1590,1569
1650,1708
1771,1876
1945,2061
2141,2252
2343,2423
2519,2565
2605,2653
2585,2665
2553,2610
2517,2488
2448,2336
2358,2150
2210,1956
2014,1773
1784,1615
1564,1523
1498,1473
1513,1465
1561,1519
1621,1628
1708,1785
1857,1963
2039,2155
2252,2345
2437,2498
2580,2618
2592,2672
2574,2644
2539,2560
2487,2421
2407,2246
2291,2052
2115,1860
1903,1686
1664,1557
1499,1481
1505,1461
1537,1494
1592,1587
1663,1707
1778,1873
1955,2076
2144,2253
2351,2430
2522,2569
2598,2658
2584,2668
2560,2616
2516,2502
2453,2342
2353,2160
2212,1960
2018,1772
1812,1617
1559,1516
1495,1473
1519,1471
1561,1529
1621,1639
1718,1795
1859,1972
2049,2165
2254,2347
2446,2509
2586,2629
2600,2679
2576,2652
2537,2559
2487,2431
2407,2255
2292,2055
2113,1858
1904,1692
1658,1557
1503,1494
1508,1474
1542,1494
1591,1585
1670,1722
1783,1890
1951,2079
2146,2268
2356,2442
2533,2580
2600,2673
2584,2683
2564,2623
2518,2502
2445,2343
2355,2158
2208,1957
2014,1775
1785,1634
1558,1526
1501,1477
1525,1486
1568,1546
1626,1655
1722,1800
1874,1981
2049,2173
2256,2358
2450,2517
2585,2630
2599,2678
2574,2653
2541,2566
2492,2426
2410,2256
2287,2061
2112,1868
1895,1687
1660,1564
1491,1485
1512,1467
1550,1504
1596,1592
1668,1718
1779,1886
1953,2077
2150,2264
2357,2444
2531,2573
2600,2659
2584,2670
2564,2620
2517,2494
2450,2338
2349,2149
2201,1948
2007,1762
1773,1610
1554,1516
1494,1473
1522,1474
1559,1531
1627,1647
1721,1800
1863,1982
2052,2178
2259,2355
2451,2512
2579,2622
2597,2677
2571,2645
2538,2555
2481,2418
2404,2237
2281,2042
2106,1852
1895,1678
1653,1549
1497,1491
1509,1467
1540,1495
1595,1583
1664,1710
1782,1886
1960,2077
2162,2264
2363,2434
2537,2576
2603,2660
2577,2663
2558,2607
2507,2487
2444,2328
2340,2133
2195,1951
2005,1750
1768,1607
1552,1506
1493,1468
1522,1471
1563,1522
1624,1641
1724,1794
1866,1974
2049,2167
2255,2351
2450,2504
2586,2621
2595,2676
2574,2639
2531,2551
2478,2410
2399,2229
2278,2036
2099,1840
1894,1680
1656,1555
1502,1481
1503,1464
1537,1496
1593,1585
1672,1714
1787,1887
1963,2092
2162,2273
2355,2428
2532,2577
2599,2659
2587,2667
2553,2605
2510,2489
2442,2326
2346,2142
2199,1941
1999,1758
1765,1609
1545,1509
1497,1471
1529,1475
1569,1538
1627,1649
1727,1800
1874,1991
2062,2174
2270,2363
2457,2515
2594,2630
2592,2677
2576,2646
2535,2557
2479,2418
2401,2242
2275,2045
2104,1850
1887,1678
1646,1558
1498,1490
1509,1468
1549,1512
1600,1598
1675,1724
1789,1895
1964,2098
2166,2280
2367,2450
2535,2580
2603,2677
2588,2674
2552,2609
2516,2494
2448,2332
2342,2139
2199,1951
2003,1757
1766,1608
1550,1519
1501,1478
1534,1489
1574,1547
1629,1665
1726,1813
1881,1999
2060,2186
2269,2372
2465,2527
2587,2638
2598,2683
2575,2656
2534,2557
2481,2413
2401,2239
2276,2039
2099,1850
1890,1673
1645,1555
1502,1486
1511,1471
1548,1504
1594,1593
1677,1727
1796,1900
1968,2093
2169,2277
2369,2452
2545,2584
2608,2675
2591,2676
2556,2608
2509,2474
2446,2332
2346,2139
2188,1938
1988,1751
1758,1601
1539,1505
1493,1471
1520,1476
1568,1541
1630,1651
1732,1809
1874,1986
2066,2186
2272,2366
2457,2518
2589,2635
2591,2676
2574,2644
2529,2549
2478,2410
2396,2224
2268,2029
2098,1839
1876,1666
1642,1550
1494,1484
1512,1467
1542,1504
1592,1589
1674,1727
1791,1892
1967,2090
2174,2275
2368,2445
2538,2581
2597,2659
2584,2669
2554,2596
2506,2478
2443,2316
2338,2127
2185,1931
1982,1751
1756,1597
1540,1505
1493,1461
1522,1473
1561,1527
1623,1643
1722,1804
1878,1980
2064,2185
2271,2363
2459,2511
2586,2632
2590,2661
2567,2633
2529,2541
2478,2402
2395,2223
2267,2026
2092,1833
1871,1670
1635,1544
1496,1474
1508,1461
1546,1498
1594,1588
1675,1729
1797,1901
1977,2090
2173,2279
2381,2455
2540,2580
2598,2659
2581,2665
2549,2599
2508,2474
2444,2316
2339,2125
2189,1932
1987,1746
1750,1593
1541,1508
1496,1468
1527,1477
1566,1543
1630,1663
1734,1820
1880,1995
2073,2194
2275,2371
2465,2527
2589,2637
2594,2677
2571,2648
2533,2546
2477,2408
2389,2221
2271,2030
2089,1834
1877,1673
1634,1546
1501,1489
1507,1470
1554,1506
1600,1595
1682,1735
1801,1910
1979,2106
2179,2287
2382,2456
2552,2599
2600,2668
2582,2671
2557,2608
2514,2488
2447,2326
2339,2122
2190,1933
1982,1745
1751,1610
1537,1515
1500,1474
1533,1483
1572,1549
1638,1670
1734,1829
1888,2008
2081,2198
2283,2384
2481,2530
2590,2645
2598,2684
2564,2643
2532,2549
2479,2409
2396,2226
2267,2029
2090,1841
1875,1670
1629,1552
1498,1487
1511,1469
1546,1510
1600,1604
1685,1747
1805,1919
1980,2109
2183,2296
2384,2467
2551,2597
2598,2668
2588,2671
2560,2607
2511,2475
2439,2318
2333,2122
2194,1921
1981,1744
1746,1610
1529,1501
1497,1465
1528,1481
1573,1544
1646,1673
1739,1818
1893,2007
2080,2197
2286,2377
2475,2531
2587,2639
2594,2675
2567,2635
2530,2540
2471,2394
2392,2220
2261,2019
2081,1829
1864,1657
1622,1538
1492,1480
1510,1463
1548,1508
1600,1596
1680,1744
1803,1909
1979,2105
2183,2287
2384,2458
2550,2592
2592,2662
2578,2655
2550,2601
2499,2467
2436,2306
2334,2113
2180,1918
1970,1731
1743,1580
1525,1499
1492,1457
1519,1470
1568,1544
1635,1653
1735,1817
1890,2001
2077,2193
2284,2380
2472,2524
2588,2634
2587,2671
2566,2631
2527,2541
2474,2383
2388,2210
2258,2009
2080,1819
1856,1651
1620,1534
1494,1475
1509,1471
1550,1506
1605,1596
1682,1741
1812,1913
1979,2104
2183,2284
2391,2458
2546,2594
2596,2664
2580,2661
2551,2594
2500,2460
2433,2302
2325,2115
2173,1915
1966,1734
1731,1588
1524,1497
1498,1470
1530,1481
1571,1546
1638,1667
1742,1828
1894,2011
2089,2207
2296,2381
2476,2536
2597,2641
2594,2675
2571,2639
2528,2538
2471,2395
2389,2216
2253,2012
2078,1827
1853,1657
1624,1543
1492,1486
1511,1467
1544,1509
1602,1602
1687,1750
1810,1919
1995,2114
2187,2299
2394,2468
2559,2602
2600,2670
2584,2677
2551,2599
2508,2478
2436,2304
2329,2115
2178,1908
1969,1732
1742,1594
1527,1510
1502,1475
1532,1488
1578,1559
1642,1669
1741,1838
1897,2023
2091,2207
2297,2395
2486,2543
2594,2654
2595,2677
2571,2649
2525,2539
2477,2402
2391,2219
2255,2014
2077,1829
1855,1665
1619,1542
1499,1486
1519,1473
1553,1515
1606,1612
1688,1751
1822,1933
1996,2119
2200,2308
2394,2469
2548,2597
2601,2676
2584,2662
2551,2596
2506,2473
2435,2298
2328,2113
2169,1914
1965,1735
1732,1592
1524,1503
1502,1469
1533,1484
1581,1563
1642,1670
1752,1835
1899,2025
2096,2212
2295,2387
2484,2540
2594,2641
2592,2680
2569,2634
2523,2533
2472,2384
2383,2178
2247,2005
2070,1814
1841,1653
1612,1534
1492,1477
1515,1469
1545,1513
1605,1610
1685,1748
1821,1926
1992,2115
2195,2302
2393,2465
2555,2596
2595,2663
2582,2666
2551,2595
2503,2462
2427,2299
2320,2102
2167,1911
1959,1721
1728,1588
1519,1492
1498,1463
1525,1477
1574,1547
1638,1662
1752,1833
1896,2020
2093,2210
2300,2378
2483,2540
2592,2635
2584,2673
2570,2629
2515,2530
2469,2375
2376,2200
2248,1998
2064,1805
1843,1645
1602,1528
1491,1473
1512,1466
1545,1507
1610,1614
1686,1742
1819,1922
1996,2112
2204,2307
2400,2465
2555,2598
2596,2668
2577,2660
2542,2582
2497,2455
2415,2289
2319,2098
2157,1897
1960,1724
1716,1582
1523,1498
1496,1461
1531,1482
1576,1555
1646,1675
1749,1846
1899,2023
2102,2215
2305,2400
2493,2547
2596,2647
2590,2674
2565,2632
2525,2531
2465,2378
2382,2202
2251,2005
2064,1811
1842,1652
1599,1533
1496,1481
1514,1470
1555,1517
1610,1613
1691,1761
1825,1933
2000,2128
2209,2310
2402,2475
2566,2602
2599,2673
2584,2662
2548,2580
2500,2460
2429,2294
2323,2106
2160,1909
1956,1725
1712,1584
1521,1506
1501,1484
1537,1486
1583,1561
1651,1688
1756,1844
1918,2027
2110,2224
2312,2406
2497,2546
2600,2654
2591,2678
2576,2638
2529,2534
2461,2377
2384,2194
2244,2006
2061,1813
1835,1650
1598,1542
1502,1486
1516,1472
1550,1527
1611,1624
1695,1767
1827,1943
2007,2107
2213,2318
2407,2483
2563,2606
2601,2676
2580,2665
2548,2590
2502,2458
2430,2300
2318,2100
2154,1909
1956,1716
1710,1584
1514,1497
1501,1469
1535,1489
1579,1563
1649,1687
1754,1850
1911,2036
2102,2221
2311,2408
2492,2546
2597,2647
2593,2685
2564,2630
2526,2525
2461,2372
2377,2192
2240,1993
2056,1803
1825,1645
1594,1530
1498,1480
1511,1468
1555,1518
1609,1620
1699,1760
1824,1937
2011,2128
2206,2313
2410,2479
2563,2604
2598,2666
2585,2660
2542,2577
2496,2448
2423,2280
2314,2090
2155,1889
1943,1709
1708,1579
1514,1497
1502,1466
1530,1480
1581,1557
1646,1685
1754,1846
1915,2027
2103,2221
2310,2403
2501,2547
2597,2652
2586,2671
2563,2617
2522,2517
2461,2362
2373,2176
2237,1978
2045,1800
1823,1640
1590,1525
1497,1475
1520,1468
1550,1510
1608,1613
1697,1758
1827,1935
2009,2127
2211,2316
2414,2475
2565,2604
2594,2667
2574,2652
2545,2578
2496,2447
2418,2274
2310,2077
2146,1886
1941,1709
1702,1571
1503,1494
1498,1466
1530,1485
1578,1560
1650,1687
1759,1853
1915,2035
2112,2224
2316,2403
2499,2551
2599,2649
2584,2670
2562,2629
2524,2520
2463,2366
2370,2174
2236,1988
2052,1799
1822,1640
1594,1530
1492,1482
1521,1476
1552,1514
1611,1623
1701,1768
1834,1951
2017,2143
2221,2325
2418,2497
2568,2606
2600,2680
2578,2658
2548,2589
2499,2452
2426,2284
2312,2092
2149,1889
1940,1713
1699,1579
1511,1496
1499,1468
1535,1486
1582,1572
1652,1691
1757,1856
1921,2044
2125,2236
2327,2411
2516,2561
2604,2662
2590,2679
2567,2634
2526,2518
2464,2372
2370,2183
2236,1989
2039,1800
1821,1638
1584,1532
1493,1483
1522,1480
1558,1528
1615,1626
1698,1772
1837,1959
2020,2151
2230,2332
2422,2496
2575,2615
2601,2675
2581,2669
2543,2580
2500,2447
2421,2278
2308,2085
2139,1891
1937,1715
1698,1577
1509,1501
1499,1469
1537,1494
1587,1571
1657,1698
1776,1847
1924,2047
2127,2236
2326,2411
2520,2565
2599,2657
2589,2671
2561,2636
2525,2524
2458,2370
2369,2181
2230,1983
2033,1790
1817,1637
1581,1534
1493,1477
1521,1472
1556,1523
1614,1626
1701,1771
1842,1950
2022,2139
2227,2330
2423,2488
2573,2609
2599,2676
2570,2655
2547,2576
2489,2436
2421,2268
2299,2076
2138,1876
1922,1703
1686,1566
1503,1486
1499,1459
1527,1483
1584,1572
1651,1691
1761,1861
1930,2046
2121,2229
2324,2410
2506,2555
2603,2647
2588,2666
2555,2621
2519,2513
2460,2352
2368,2171
2228,1970
2047,1787
1811,1616
1573,1510
1490,1470
1516,1460
1553,1516
1612,1619
1701,1768
1841,1954
2021,2141
2231,2327
2423,2488
2572,2611
2596,2666
2573,2651
2542,2565
2493,2433
2415,2263
2299,2077
2132,1869
1919,1695
1686,1568
1507,1491
1509,1464
1533,1489
1583,1568
1657,1692
1763,1868
1930,2053
2129,2243
2331,2417
2509,2557
2589,2654
2583,2673
2563,2619
2517,2508
2454,2357
2361,2169
2227,1978
2030,1783
1803,1628
1575,1528
1493,1476
1516,1471
1559,1524
1612,1630
1710,1775
1844,1958
2027,2150
2239,2336
2427,2495
2580,2615
2593,2671
2581,2659
2539,2570
2492,2440
2415,2275
2302,2074
2135,1879
1925,1702
1687,1568
1507,1497
1505,1464
1540,1503
1587,1578
1665,1704
1773,1874
1939,2056
2141,2256
2341,2429
2520,2575
2601,2657
2592,2679
2560,2624
2527,2516
2460,2364
2369,2180
2230,1980
2025,1785
1801,1630
1575,1531
1497,1481
1523,1477
1558,1527
1622,1629
1708,1790
1848,1961
2034,2160
2236,2343
2436,2505
2574,2629
2598,2681
2580,2660
2544,2574
2489,2436
2413,2265
2299,2070
2131,1880
1917,1696
1687,1577
1515,1500
1502,1463
1539,1503
1585,1580
1668,1712
1771,1861
1945,2067
2144,2258
2340,2428
2511,2562
2610,2669
2587,2676
2560,2622
2521,2508
2458,2353
2360,2173
2217,1965
2022,1783
1800,1621
1569,1514
1500,1479
1525,1480
1560,1523
1621,1638
1709,1784
1847,1964
2041,2157
2238,2339
2438,2494
2582,2619
2599,2673
2577,2653
2539,2568
2490,2430
2409,2255
2291,2061
2120,1869
1909,1691
1668,1560
1503,1493
1505,1466
1535,1493
1583,1569
1664,1709
1775,1864
1938,2064
2137,2243
2343,2422
2519,2560
2600,2654
2584,2669
2558,2611
2512,2496
2451,2339
2354,2155
2218,1958
2018,1770
1789,1613
1561,1511
1492,1467
1522,1474
1554,1518
1618,1635
1714,1784
1854,1955
2034,2155
2244,2337
2437,2495
2576,2612
2595,2662
2574,2649
2535,2556
2484,2427
2408,2243
2291,2054
2117,1860
1906,1685
1674,1551
1502,1481
1503,1461
1533,1490
1589,1576
1661,1705
1775,1874
1940,2066
2141,2233
2342,2432
2527,2574
2596,2656
2585,2671
2557,2613
2512,2504
2453,2343
2354,2156
2211,1954
2014,1773
1787,1620
1561,1516
1499,1471
1521,1474
1561,1532
1625,1640
1716,1795
1859,1968
2039,2166
2250,2348
2448,2503
2576,2626
2597,2676
2577,2654
2545,2565
2489,2430
2405,2252
2287,2063
2119,1862
1908,1690
1668,1563
1505,1495
1505,1465
1543,1502
1590,1580
1667,1721
1780,1878
1950,2078
2154,2264
2351,2427
2525,2576
2602,2663
2592,2676
2560,2619
2516,2500
2452,2341
2352,2160
2218,1970
2012,1769
1783,1627
1557,1519
1494,1472
1526,1480
1566,1538
1630,1647
1722,1796
1857,1981
2049,2177
2260,2358
2448,2513
2585,2623
2600,2681
2578,2652
2544,2575
2487,2430
2417,2257
2287,2060
2116,1863
1903,1688
1664,1564
1504,1497
1503,1470
1543,1502
1593,1590
1665,1720
1787,1887
1950,2080
2152,2262
2356,2439
2529,2574
2601,2665
2592,2676
2561,2617
2517,2499
2456,2350
2346,2150
2205,1956
2005,1767
1779,1623
1563,1526
1498,1468
1524,1480
1566,1541
1625,1643
1717,1796
1856,1971
2044,2168
2252,2348
2445,2508
2587,2628
2598,2676
2570,2650
2542,2562
2481,2416
2406,2245
2282,2048
2113,1850
1894,1682
1659,1556
1501,1488
1507,1463
1544,1497
1589,1581
1666,1715
1783,1882
1950,2070
2152,2264
2355,2433
2533,2578
2599,2649
2585,2664
2555,2606
2514,2490
2440,2327
2349,2142
2207,1949
2001,1760
1773,1604
1547,1506
1493,1467
1521,1469
1558,1529
1629,1644
1717,1790
1861,1970
2056,2173
2251,2351
2450,2511
2593,2626
2588,2661
2568,2639
2535,2553
2483,2410
2406,2237
2279,2035
2107,1849
1891,1675
1648,1546
1497,1484
1503,1462
1534,1488
1590,1581
1674,1722
1783,1883
1949,2070
2156,2267
2353,2433
2533,2576
2597,2658
2580,2669
2558,2607
2511,2494
2443,2330
2347,2143
2200,1956
1999,1758
1775,1611
1552,1513
1493,1474
1523,1472
1562,1535
1625,1644
1724,1802
1865,1982
2059,2176
2261,2353
2454,2513
2588,2630
2598,2681
2577,2652
2533,2557
2485,2419
2399,2234
2281,2044
2101,1850
1889,1677
1650,1552
1498,1487
1513,1467
1544,1500
1594,1586
1666,1721
1790,1892
1960,2080
2165,2274
2362,2450
2538,2587
2599,2662
2592,2674
2561,2616
2520,2495
2443,2331
2349,2155
2201,1946
2007,1767
1767,1611
1545,1514
1500,1477
1526,1476
1570,1540
1626,1652
1729,1810
1877,1989
2056,2184
2270,2366
2459,2525
2593,2634
2594,2686
2574,2657
2541,2563
2483,2425
2403,2252
2275,2047
2112,1848
1895,1689
1652,1559
1499,1495
1509,1473
1550,1512
1593,1596
1678,1733
1798,1901
1967,2095
2170,2283
2362,2447
2532,2585
2605,2675
2580,2670
2557,2606
2504,2484
2443,2334
2344,2143
2199,1941
1999,1767
1764,1601
1543,1503
1497,1471
1530,1479
1563,1538
1631,1652
1728,1813
1870,1986
2062,2191
2270,2369
2448,2517
2589,2631
2593,2680
2572,2645
2535,2553
2482,2413
2398,2234
2276,2036
2097,1841
1885,1673
1644,1550
1497,1485
1507,1460
1545,1500
1596,1594
1669,1722
1796,1894
1962,2084
2169,2276
2368,2441
2536,2576
2598,2661
2589,2667
2550,2604
2508,2475
2445,2326
2334,2127
2196,1934
1984,1741
1758,1596
1537,1503
1495,1461
1516,1467
1570,1532
1622,1647
1724,1803
1881,1991
2060,2186
2263,2355
2458,2512
2592,2637
2599,2671
2565,2645
2529,2543
2478,2400
2397,2223
2266,2022
2099,1834
1872,1664
1633,1532
1489,1484
1508,1459
1544,1494
1592,1585
1672,1723
1791,1894
1967,2084
2166,2272
2371,2450
2539,2577
2597,2656
2585,2668
2556,2604
2506,2476
2440,2320
2332,2130
2190,1933
1987,1746
1755,1598
1541,1505
1482,1470
1523,1467
1568,1541
1625,1655
1728,1811
1881,1994
2068,2188
2276,2371
2465,2515
2589,2632
2597,2679
2568,2647
2537,2545
2479,2411
2398,2230
2274,2031
2089,1840
1877,1668
1639,1547
1499,1487
1505,1465
1547,1506
1595,1589
1679,1726
1798,1900
1971,2092
2180,2286
2376,2455
2544,2588
2598,2670
2592,2670
2554,2609
2515,2486
2451,2332
2340,2130
2190,1940
1986,1749
1755,1608
1537,1517
1494,1474
1522,1483
1575,1549
1639,1667
1733,1820
1882,2007
2072,2194
2286,2384
2467,2531
2593,2647
2590,2684
2574,2646
2527,2551
2482,2407
2397,2232
2272,2039
2093,1841
1875,1677
1635,1549
1501,1495
1514,1472
1545,1512
1602,1603
1678,1741
1803,1906
1971,2104
2180,2292
2380,2463
2545,2598
2599,2670
2586,2674
2555,2609
2510,2485
2460,2321
2338,2134
2194,1942
1988,1749
1754,1600
1538,1511
1502,1471
1521,1480
1578,1544
1634,1661
1737,1818
1888,1999
2075,2194
2279,2371
2460,2515
2592,2637
2599,2674
2573,2643
2539,2552
2484,2398
2400,2230
2267,2024
2088,1832
1863,1665
1634,1543
1495,1480
1514,1465
1546,1507
1598,1599
1680,1737
1804,1906
1985,2098
2177,2287
2385,2453
2541,2587
2598,2662
2582,2665
2554,2599
2510,2476
2437,2309
2338,2122
2177,1916
1977,1740
1745,1598
1524,1500
1494,1461
1524,1477
1569,1546
1632,1658
1734,1818
1884,2000
2073,2196
2282,2374
2466,2520
2588,2633
2587,2671
2566,2640
2529,2527
2471,2392
2389,2208
2257,2015
2085,1812
1858,1651
1622,1532
1493,1475
1503,1457
1544,1498
1595,1593
1675,1732
1799,1905
1978,2098
2177,2283
2381,2449
2544,2587
2598,2662
2584,2662
2546,2591
2505,2468
2435,2305
2332,2119
2181,1919
1975,1737
1741,1593
1528,1499
1501,1465
1527,1474
1572,1539
1629,1655
1742,1826
1886,2002
2082,2198
2285,2376
2472,2529
2592,2643
2590,2676
2569,2637
2517,2536
2477,2395
2388,2214
2260,2018
2081,1826
1856,1662
1622,1540
1496,1480
1512,1474
1547,1503
1605,1600
1682,1739
1814,1913
1980,2107
2187,2292
2393,2463
2551,2596
2604,2671
2584,2671
2553,2602
2504,2475
2443,2316
2329,2117
2177,1922
1979,1737
1740,1594
1529,1507
1503,1466
1532,1486
1572,1549
1639,1665
1742,1826
1902,2015
2089,2198
2291,2383
2475,2533
2598,2646
2592,2685
2568,2644
2535,2549
2474,2402
2396,2217
2268,2027
2082,1826
1862,1669
1622,1547
1497,1486
1512,1482
1549,1503
1611,1608
1687,1757
1814,1922
1988,2109
2189,2304
2398,2465
2555,2602
2600,2681
2585,2673
2554,2603
2500,2471
2440,2313
2329,2117
2177,1924
1963,1737
1733,1596
1524,1506
1502,1470
1524,1477
1579,1547
1640,1672
1739,1833
1894,2014
2093,2210
2290,2385
2487,2540
2592,2642
2598,2674
2568,2633
2523,2539
2460,2386
2380,2215
2257,2015
2075,1822
1851,1652
1619,1539
1497,1479
1513,1468
1547,1511
1602,1600
1684,1742
1814,1917
1986,2110
2197,2294
2391,2464
2553,2594
2596,2668
2582,2664
2551,2593
2502,2463
2436,2302
2323,2110
2176,1915
1962,1729
1732,1587
1520,1500
1492,1457
1509,1481
1574,1552
1638,1669
1744,1832
1887,2013
2089,2197
2295,2386
2486,2530
2593,2641
2585,2672
2572,2634
2525,2530
2475,2393
2382,2199
2245,2001
2066,1813
1846,1643
1608,1534
1491,1473
1513,1456
1552,1504
1598,1597
1677,1744
1817,1919
1989,2116
2186,2295
2391,2457
2552,2588
2600,2661
2580,2657
2540,2584
2500,2457
2431,2291
2321,2105
2164,1903
1960,1727
1733,1581
1520,1500
1498,1465
1527,1476
1574,1550
1642,1666
1743,1828
1899,2014
2090,2212
2298,2385
2482,2538
2594,2642
2588,2675
2571,2638
2527,2527
2467,2386
2383,2203
2251,2003
2077,1817
1842,1652
1610,1535
1494,1479
1512,1466
1552,1511
1602,1605
1692,1751
1819,1926
1998,2100
2200,2305
2398,2469
2562,2598
2598,2671
2585,2673
2551,2590
2506,2475
2431,2296
2324,2108
2162,1911
1964,1730
1723,1589
1519,1503
1501,1470
1533,1487
1578,1557
1647,1681
1749,1844
1909,2021
2098,2220
2303,2393
2490,2547
2600,2644
2589,2680
2572,2646
2523,2531
2471,2384
2381,2212
2249,2015
2069,1826
1843,1639
1601,1541
1496,1481
1516,1473
1558,1527
1614,1619
1691,1754
1824,1939
1999,2128
2202,2307
2401,2478
2561,2610
2602,2673
2583,2671
2552,2594
2506,2467
2433,2301
2325,2109
2167,1902
1960,1731
1721,1589
1523,1502
1492,1469
1541,1488
1589,1571
1645,1683
1751,1845
1908,2019
2100,2215
2297,2388
2483,2545
2600,2646
2594,2677
2570,2636
2530,2536
2461,2377
2379,2200
2238,1993
2074,1816
1836,1647
1609,1534
1497,1478
1514,1472
1557,1516
1606,1614
1693,1757
1824,1931
2003,2125
2201,2309
2405,2475
2559,2600
2597,2667
2581,2663
2552,2585
2502,2456
2429,2295
2320,2096
2152,1897
1953,1722
1712,1580
1516,1498
1498,1461
1528,1479
1574,1552
1642,1675
1745,1835
1910,2028
2100,2214
2307,2394
2490,2555
2597,2643
2590,2674
2567,2627
2517,2511
2467,2370
2379,2198
2247,2003
2064,1816
1837,1644
1589,1526
1501,1475
1511,1461
1550,1516
1609,1616
1689,1757
1823,1929
2004,2118
2206,2300
2405,2470
2569,2594
2596,2666
2575,2653
2546,2581
2500,2445
2422,2279
2318,2087
2152,1893
1950,1713
1708,1577
1518,1501
1495,1470
1532,1477
1578,1547
1645,1680
1754,1836
1905,2026
2100,2216
2309,2386
2496,2542
2594,2645
2590,2674
2562,2628
2525,2523
2464,2370
2379,2193
2244,1992
2060,1807
1828,1643
1594,1531
1493,1474
1516,1470
1555,1515
1612,1611
1694,1759
1830,1933
2007,2130
2212,2319
2412,2481
2565,2606
2603,2676
2580,2664
2552,2586
2492,2453
2429,2287
2315,2094
2158,1899
1947,1719
1714,1583
1514,1500
1504,1468
1534,1492
1579,1561
1656,1690
1759,1852
1910,2037
2108,2228
2322,2410
2495,2554
2599,2654
2591,2679
2568,2640
2526,2530
2470,2377
2382,2200
2243,1993
2061,1809
1833,1645
1604,1539
1498,1485
1515,1475
1559,1516
1617,1625
1700,1773
1837,1943
2013,2145
2209,2328
2415,2490
2568,2619
2602,2677
2581,2670
2549,2589
2500,2456
2427,2290
2313,2096
2154,1899
1943,1722
1710,1581
1509,1501
1505,1471
1533,1489
1585,1567
1652,1694
1759,1857
1919,2033
2116,2233
2324,2417
2498,2557
2599,2656
2588,2680
2567,2632
2527,2526
2462,2371
2379,2187
2238,1991
2057,1803
1821,1640
1588,1536
1495,1475
1516,1467
1556,1524
1614,1620
1699,1767
1827,1940
2018,2135
2222,2324
2414,2483
2569,2610
2596,2670
2582,2655
2544,2580
2498,2447
2425,2276
2309,2083
2150,1888
1937,1713
1703,1571
1510,1494
1506,1466
1531,1484
1578,1564