2048,2057
2032,1878
2145,1796
2185,1709
2192,1655
2147,1631
2076,1658
1972,1733
1829,1827
1693,1953
1549,2030
1462,2080
1444,2108
1496,2105
1604,2070
1742,2004
1907,1941
2051,1865
2154,1770
2200,1698
2185,1640
2140,1632
2058,1659
1952,1745
1808,1837
1667,1959
1535,2034
1453,2090
1439,2100
1502,2095
1611,2052
1764,1995
1924,1931
2068,1858
2159,1763
2196,1687
2180,1642
2126,1628
2048,1667
1924,1750
1790,1861
1641,1968
1520,2047
1448,2089
1449,2104
1511,2084
1631,2042
1783,1985
1951,1921
2084,1841
2163,1744
2200,1678
2176,1627
2119,1628
2031,1675
1917,1766
1767,1874
1623,1979
1506,2046
1444,2082
1455,2101
1519,2073
1655,2033
1814,1980
1974,1908
2091,1828
2173,1737
2190,1662
2169,1630
2111,1638
2018,1681
1894,1779
1753,1889
1600,1985
1495,2053
1449,2099
1462,2096
1540,2069
1668,2025
1832,1967
1988,1897
2112,1810
2181,1725
2191,1661
2163,1630
2096,1642
2002,1700
1873,1794
1727,1909
1590,2006
1481,2069
1435,2100
1470,2100
1558,2070
1691,2021
1858,1963
2018,1902
2129,1802
2188,1712
2194,1666
2159,1629
2090,1648
1990,1714
1855,1815
1709,1926
1569,2013
1476,2070
1441,2103
1483,2102
1582,2070
1721,2015
1884,1949
2037,1880
2142,1791
2197,1710
2198,1654
2152,1631
2082,1653
1966,1721
1832,1829
1688,1940
1553,2025
1462,2079
1451,2104
1490,2097
1599,2061
1741,2009
1906,1944
2049,1870
2146,1775
2202,1704
2186,1646
2141,1624
2064,1662
1951,1736
1814,1851
1663,1957
1542,2041
1460,2085
1449,2114
1500,2096
1613,2062
1760,1989
1920,1936
2072,1862
2154,1765
2200,1691
2185,1642
2131,1643
2058,1673
1929,1764
1797,1869
1650,1975
1519,2053
1452,2086
1439,2103
1519,2092
1630,2050
1783,1986
1949,1924
2084,1844
2167,1755
2198,1681
2179,1636
2122,1634
2036,1680
1912,1765
1771,1881
1630,1983
1508,2053
1442,2094
1463,2112
1532,2087
1650,2038
1808,1983
1962,1911
2103,1826
2170,1735
2195,1653
2156,1620
2108,1631
2015,1678
1889,1767
1751,1891
1606,1986
1495,2047
1441,2098
1459,2093
1545,2080
1669,2028
1829,1963
1989,1896
2107,1815
2179,1720
2195,1657
2160,1627
2103,1639
1997,1694
1868,1788
1725,1903
1589,2003
1478,2060
1434,2096
1464,2095
1556,2068
1691,2021
1851,1951
2011,1886
2119,1789
2181,1710
2195,1652
2152,1621
2094,1649
1984,1696
1860,1806
1711,1918
1565,2012
1471,2062
1433,2095
1470,2094
1575,2059
1707,2009
1883,1946
2028,1872
2134,1782
2191,1705
2191,1646
2145,1628
2072,1639
1973,1715
1838,1819
1683,1937
1549,2003
1468,2077
1444,2101
1484,2082
1592,2056
1736,1997
1897,1939
2046,1860
2145,1774
2190,1698
2187,1640
2141,1625
2062,1659
1949,1730
1814,1840
1668,1949
1538,2033
1453,2082
1446,2102
1500,2091
1611,2057
1758,1998
1932,1934
2062,1851
2168,1770
2198,1684
2186,1639
2133,1634
2051,1667
1934,1749
1795,1858
1652,1964
1525,2043
1451,2087
1452,2101
1514,2089
1633,2049
1782,1983
1945,1923
2083,1843
2166,1753
2201,1680
2178,1633
2124,1633
2039,1676
1920,1765
1773,1877
1639,1979
1512,2051
1448,2092
1457,2102
1526,2085
1660,2032
1805,1978
1975,1914
2095,1828
2174,1740
2196,1663
2174,1633
2117,1632
2027,1688
1899,1780
1756,1896
1620,1998
1497,2065
1443,2097
1467,2106
1537,2089
1670,2030
1834,1978
1985,1907
2113,1813
2184,1735
2196,1663
2166,1633
2105,1638
2007,1702
1881,1790
1736,1913
1583,1997
1489,2062
1441,2102
1471,2102
1551,2074
1685,2024
1857,1965
2006,1894
2125,1806
2186,1723
2198,1656
2162,1633
2090,1647
1990,1711
1862,1808
1717,1924
1573,2015
1471,2070
1441,2101
1475,2096
1571,2067
1717,2018
1865,1950
2016,1883
2129,1789
2190,1701
2190,1643
2152,1625
2073,1647
1967,1711
1831,1808
1680,1945
1548,2018
1465,2077
1437,2090
1485,2088
1595,2054
1733,2004
1900,1937
2042,1865
2142,1773
2195,1688
2187,1633
2143,1621
2061,1653
1952,1726
1811,1829
1672,1947
1538,2026
1455,2076
1442,2098
1495,2085
1610,2050
1754,1989
1922,1928
2057,1852
2156,1760
2190,1678
2182,1638
2132,1622
2055,1666
1931,1736
1791,1847
1650,1957
1518,2031
1447,2076
1438,2090
1510,2082
1620,2035
1779,1981
1942,1918
2076,1831
2164,1753
2201,1674
2172,1628
2122,1622
2030,1668
1916,1743
1774,1867
1634,1970
1505,2038
1440,2084
1444,2091
1522,2075
1638,2031
1801,1971
1965,1909
2094,1826
2168,1726
2200,1665
2169,1627
2112,1629
2020,1673
1895,1763
1757,1885
1616,1983
1502,2052
1448,2088
1460,2094
1541,2076
1663,2011
1828,1962
1985,1900
2110,1815
2178,1728
2193,1657
2171,1633
2104,1635
2008,1693
1878,1783
1739,1904
1603,2000
1490,2062
1444,2096
1470,2101
1555,2070
1694,2027
1851,1960
2010,1893
2124,1799
2190,1719
2192,1646
2163,1626
2088,1644
1997,1700
1864,1806
1719,1923
1583,2015
1477,2074
1449,2106
1479,2098
1575,2072
1715,2017
1877,1954
2025,1882
2139,1793
2192,1712
2197,1650
2154,1624
2088,1657
1976,1719
1844,1821
1699,1935
1566,2021
1473,2075
1447,2105
1491,2095
1590,2067
1736,2007
1900,1947
2044,1866
2146,1787
2192,1700
2194,1644
2147,1634
2078,1667
1959,1742
1832,1849
1681,1962
1544,2029
1461,2085
1445,2098
1497,2098
1606,2057
1758,1996
1921,1937
2064,1857
2155,1767
2199,1689
2188,1641
2139,1633
2054,1666
1945,1745
1794,1854
1655,1963
1526,2038
1453,2082
1448,2098
1511,2085
1622,2045
1781,1988
1940,1928
2075,1839
2167,1753
2196,1673
2184,1636
2115,1620
2039,1663
1929,1762
1775,1856
1643,1977
1518,2052
1450,2084
1450,2097
1531,2085
1647,2041
1800,1975
1961,1909
2095,1824
2176,1735
2195,1666
2179,1629
2111,1634
2022,1678
1903,1768
1753,1883
1619,1986
1495,2050
1442,2088
1457,2097
1540,2076
1672,2029
1827,1965
1983,1893
2108,1813
2179,1727
2195,1651
2169,1626
2099,1628
2010,1690
1882,1783
1737,1897
1595,1995
1487,2052
1441,2090
1471,2101
1560,2072
1685,2018
1842,1954
2000,1895
2118,1801
2182,1718
2192,1646
2161,1621
2104,1641
1995,1706
1858,1790
1723,1921
1584,1999
1467,2062
1446,2088
1476,2097
1581,2073
1707,2005
1878,1950
2028,1873
2139,1785
2189,1702
2190,1642
2157,1625
2082,1649
1978,1709
1843,1819
1699,1931
1560,2015
1466,2069
1442,2098
1485,2091
1590,2058
1733,2004
1895,1941
2045,1865
2145,1774
2197,1699
2188,1638
2150,1623
2071,1653
1962,1725
1822,1835
1682,1946
1541,2023
1462,2073
1449,2100
1501,2093
1613,2051
1755,1995
1923,1931
2064,1855
2159,1763
2203,1686
2188,1638
2142,1627
2055,1662
1945,1744
1800,1852
1664,1966
1530,2036
1463,2082
1452,2105
1518,2090
1632,2055
1783,1991
1944,1925
2083,1845
2173,1755
2201,1675
2193,1640
2133,1633
2045,1670
1926,1761
1785,1870
1640,1978
1514,2054
1445,2086
1454,2097
1525,2085
1643,2044
1809,1987
1971,1921
2096,1831
2173,1738
2206,1673
2179,1632
2118,1638
2028,1681
1914,1772
1766,1890
1625,1992
1506,2051
1448,2095
1468,2105
1542,2084
1665,2037
1827,1974
1988,1905
2113,1817
2183,1726
2201,1663
2171,1630
2107,1637
2015,1694
1888,1785
1745,1906
1599,1999
1492,2062
1445,2099
1464,2096
1559,2076
1693,2022
1851,1958
2007,1886
2124,1801
2190,1719
2204,1647
2156,1611
2087,1637
2000,1707
1870,1806
1725,1915
1576,2005
1488,2065
1445,2089
1468,2085
1568,2064
1709,2015
1879,1954
2028,1882
2128,1784
2185,1707
2194,1646
2161,1609
2082,1645
1980,1714
1838,1812
1703,1929
1560,2013
1471,2070
1438,2092
1487,2086
1589,2059
1734,1999
1898,1944
2041,1860
2148,1774
2191,1690
2194,1640
2141,1619
2068,1648
1958,1724
1827,1830
1675,1938
1546,2004
1451,2062
1442,2096
1506,2097
1608,2052
1757,1998
1915,1933
2063,1857
2161,1766
2203,1690
2195,1631
2140,1622
2065,1656
1947,1747
1803,1848
1663,1958
1535,2028
1452,2068
1452,2092
1510,2087
1626,2035
1773,1987
1949,1914
2074,1841
2167,1747
2200,1675
2187,1630
2130,1629
2045,1668
1926,1748
1787,1869
1645,1968
1517,2045
1451,2083
1453,2097
1526,2079
1640,2034
1804,1979
1962,1909
2096,1830
2177,1741
2203,1669
2182,1629
2122,1629
2029,1664
1918,1785
1774,1876
1621,1985
1509,2051
1450,2090
1469,2100
1544,2080
1666,2032
1828,1972
1987,1901
2109,1819
2186,1731
2203,1662
2177,1627
2110,1639
2016,1693
1886,1780
1746,1902
1604,1997
1499,2060
1446,2098
1477,2101
1558,2081
1697,2028
1854,1963
2007,1894
2128,1808
2190,1719
2202,1656
2165,1627
2109,1646
1999,1704
1876,1801
1730,1916
1589,2009
1483,2066
1444,2099
1484,2099
1577,2078
1713,2023
1872,1959
2022,1889
2135,1794
2198,1720
2198,1658
2165,1636
2085,1650
1991,1721
1860,1816
1712,1934
1575,2019
1475,2075
1449,2101
1491,2106
1595,2066
1737,2014
1904,1945
2045,1873
2156,1784
2201,1704
2201,1652
2154,1631
2080,1662
1971,1727
1835,1839
1682,1945
1558,2037
1473,2075
1451,2098
1500,2089
1615,2057
1758,1998
1924,1931
2064,1857
2156,1766
2210,1691
2197,1633
2145,1624
2060,1663
1946,1743
1809,1849
1666,1955
1536,2036
1453,2066
1451,2098
1515,2089
1629,2046
1782,1991
1940,1922
2076,1840
2161,1754
2203,1677
2186,1634
2133,1632
2052,1666
1928,1751
1787,1861
1641,1965
1520,2038
1452,2088
1454,2098
1528,2081
1647,2035
1804,1977
1960,1902
2096,1831
2172,1735
2205,1670
2178,1627
2125,1631
2034,1678
1908,1759
1764,1871
1628,1976
1511,2051
1446,2082
1466,2098
1536,2074
1665,2028
1825,1961
1983,1907
2112,1815
2176,1727
2208,1657
2159,1625
2112,1633
2015,1687
1895,1770
1748,1888
1605,1987
1503,2056
1443,2086
1472,2090
1558,2082
1687,2014
1848,1952
2003,1892
2125,1808
2193,1719
2200,1654
2171,1621
2101,1637
2000,1698
1871,1789
1728,1912
1590,2001
1492,2068
1448,2090
1478,2094
1576,2066
1710,2013
1871,1954
2024,1880
2140,1793
2198,1712
2202,1649
2163,1623
2088,1644
1986,1714
1854,1810
1710,1931
1568,2014
1478,2063
1453,2099
1490,2092
1597,2061
1738,2007
1897,1943
2050,1875
2151,1781
2202,1695
2199,1642
2156,1626
2078,1653
1967,1733
1836,1833
1691,1944
1558,2031
1473,2078
1454,2106
1503,2097
1610,2058
1765,1999
1921,1941
2072,1862
2157,1772
2207,1696
2194,1641
2148,1627
2068,1666
1949,1739
1813,1847
1666,1957
1541,2037
1467,2089
1457,2102
1517,2088
1624,2047
1785,1993
1943,1925
2084,1843
2172,1763
2207,1681
2192,1637
2143,1637
2056,1676
1935,1749
1793,1870
1653,1979
1521,2048
1457,2092
1459,2101
1526,2093
1647,2049
1805,1987
1968,1919
2097,1842
2179,1743
2210,1677
2188,1635
2126,1634
2044,1682
1919,1770
1780,1885
1636,1983
1520,2056
1461,2090
1468,2102
1546,2080
1668,2034
1830,1970
1986,1906
2114,1819
2192,1730
2206,1663
2171,1624
2116,1637
2022,1685
1898,1783
1749,1898
1611,1992
1501,2059
1450,2093
1473,2098
1556,2065
1692,2033
1847,1961
2003,1886
2128,1818
2194,1720
2208,1651
2168,1624
2106,1640
2011,1698
1885,1800
1732,1908
1587,2001
1491,2063
1449,2095
1481,2097
1565,2062
1710,2012
1868,1953
2025,1879
2139,1789
2200,1709
2202,1645
2164,1625
2095,1644
1987,1705
1863,1810
1710,1917
1573,2009
1481,2068
1446,2093
1493,2092
1589,2060
1734,2004
1895,1941
2047,1865
2150,1777
2195,1698
2204,1641
2157,1620
2082,1646
1969,1712
1846,1830
1693,1933
1559,2020
1475,2072
1439,2086
1503,2078
1603,2051
1753,1993
1924,1926
2067,1862
2169,1761
2213,1691
2199,1638
2146,1622
2068,1659
1958,1733
1818,1841
1675,1954
1540,2029
1461,2077
1458,2097
1519,2090
1634,2053
1783,1993
1949,1929
2078,1841
2171,1756
2211,1680
2193,1639
2141,1626
2056,1666
1942,1753
1797,1858
1658,1973
1531,2045
1470,2098
1466,2102
1531,2086
1653,2045
1804,1986
1971,1923
2098,1836
2182,1744
2216,1676
2184,1630
2130,1632
2042,1676
1922,1767
1780,1877
1639,1981
1518,2053
1459,2087
1471,2099
1542,2080
1676,2037
1825,1977
1983,1909
2113,1824
2189,1731
2210,1668
2184,1634
2122,1641
2032,1695
1905,1786
1762,1905
1622,2003
1507,2060
1456,2094
1475,2105
1562,2080
1686,2029
1851,1976
2010,1907
2128,1810
2201,1732
2212,1656
2184,1638
2119,1651
2017,1703
1891,1803
1740,1918
1600,2007
1498,2072
1453,2097
1494,2104
1577,2065
1713,2021
1877,1957
2022,1890
2142,1799
2203,1716
2211,1666
2169,1636
2098,1652
1999,1719
1862,1816
1721,1931
1583,2016
1487,2074
1462,2105
1493,2096
1595,2068
1735,2010
1895,1949
2051,1873
2154,1786
2209,1709
2209,1643
2160,1624
2088,1653
1979,1723
1841,1831
1695,1936
1561,2019
1480,2077
1453,2096
1504,2094
1611,2058
1757,2005
1922,1943
2069,1863
2163,1771
2204,1689
2203,1647
2156,1627
2073,1662
1962,1741
1822,1842
1676,1953
1549,2036
1468,2076
1464,2099
1521,2088
1634,2051
1779,1991
1948,1927
2085,1850
2170,1756
2211,1686
2190,1630
2141,1629
2055,1666
1940,1749
1795,1859
1652,1964
1530,2039
1456,2076
1461,2095
1529,2074
1645,2035
1808,1979
1961,1913
2104,1833
2182,1745
2217,1673
2183,1621
2132,1629
2052,1679
1919,1757
1778,1866
1635,1976
1524,2043
1454,2090
1469,2088
1544,2086
1671,2033
1825,1971
1986,1902
2114,1817
2190,1733
2210,1657
2180,1622
2122,1627
2027,1689
1910,1778
1762,1894
1615,1990
1510,2053
1459,2094
1475,2099
1566,2074
1689,2025
1850,1962
2010,1899
2133,1834
2197,1724
2212,1660
2179,1630
2114,1640
2017,1698
1888,1789
1740,1914
1603,2007
1496,2062
1457,2095
1483,2092
1575,2076
1714,2024
1876,1956
2033,1890
2141,1797
2205,1714
2212,1655
2170,1628
2104,1645
2001,1716
1874,1813
1722,1930
1565,2022
1480,2070
1458,2101
1492,2096
1599,2068
1737,2012
1900,1954
2051,1877
2155,1786
2211,1706
2206,1648
2168,1633
2091,1655
1986,1732
1844,1835
1703,1948
1568,2031
1484,2086
1461,2112
1513,2102
1612,2068
1770,2015
1932,1944
2071,1869
2171,1782
2220,1701
2208,1642
2159,1625
2080,1660
1967,1743
1829,1853
1687,1963
1551,2036
1468,2074
1461,2098
1519,2093
1636,2065
1779,2000
1947,1936
2088,1861
2185,1772
2214,1685
2203,1645
2147,1634
2067,1678
1951,1755
1806,1864
1665,1975
1544,2048
1466,2094
1471,2105
1537,2090
1657,2052
1805,1985
1969,1921
2105,1842
2187,1751
2219,1679
2192,1622
2140,1636
2050,1680
1929,1764
1787,1880
1639,1985
1521,2049
1467,2100
1473,2104
1546,2078
1671,2036
1826,1969
1993,1909
2116,1826
2194,1742
2218,1670
2193,1632
2134,1641
2036,1687
1910,1777
1759,1893
1627,1993
1509,2060
1457,2091
1475,2095
1561,2076
1701,2030
1851,1968
2011,1898
2126,1809
2202,1721
2210,1658
2183,1625
2114,1639
2023,1703
1889,1797
1744,1907
1606,2005
1504,2065
1452,2089
1486,2092
1577,2070
1710,2012
1875,1953
2031,1884
2149,1798
2209,1717
2210,1648
2184,1630
2105,1646
1995,1711
1869,1805
1736,1932
1591,2013
1490,2067
1457,2087
1505,2094
1589,2069
1738,2003
1893,1949
2048,1866
2160,1791
2209,1704
2211,1644
2171,1629
2094,1656
1988,1729
1849,1822
1705,1940
1573,2019
1473,2073
1454,2092
1508,2088
1612,2057
1758,1994
1925,1942
2073,1870
2161,1765
2221,1700
2208,1647
2165,1633
2082,1665
1966,1739
1827,1843
1688,1950
1558,2035
1475,2086
1465,2102
1520,2088
1635,2052
1783,1996
1948,1934
2085,1853
2178,1762
2219,1690
2205,1641
2152,1630
2071,1676
1952,1751
1809,1861
1669,1967
1541,2047
1471,2088
1472,2105
1538,2092
1657,2053
1810,1988
1973,1924
2102,1841
2189,1753
2215,1678
2200,1640
2140,1637
2061,1686
1932,1774
1794,1883
1650,1985
1526,2052
1467,2099
1476,2105
1555,2089
1674,2039
1829,1974
1989,1915
2121,1837
2195,1742
2222,1674
2190,1644
2138,1649
2043,1701
1918,1789
1774,1905
1629,1994
1519,2057
1465,2104
1484,2101
1568,2085
1699,2034
1862,1985
2016,1907
2143,1819
2210,1740
2225,1665
2187,1638
2114,1644
2027,1710
1896,1808
1753,1917
1611,2011
1504,2071
1461,2100
1493,2102
1580,2071
1712,2018
1879,1962
2032,1894
2147,1805
2210,1717
2216,1654
2178,1630
2109,1649
2006,1715
1876,1818
1732,1928
1591,2022
1495,2071
1456,2095
1502,2101
1595,2064
1739,2007
1901,1946
2049,1879
2164,1797
2213,1708
2215,1654
2167,1619
2096,1658
1994,1730
1852,1827
1710,1943
1577,2026
1489,2080
1465,2099
1503,2090
1620,2059
1761,2003
1928,1940
2069,1866
2171,1774
2212,1694
2216,1642
2157,1628
2082,1659
1969,1733
1832,1843
1693,1954
1555,2031
1477,2082
1462,2099
1526,2090
1636,2055
1783,1994
1950,1928
2085,1851
2180,1757
2217,1684
2207,1641
2149,1627
2071,1677
1956,1747
1806,1865
1666,1967
1543,2043
1472,2088
1471,2092
1537,2090
1655,2030
1810,1992
1982,1927
2106,1830
2181,1746
2227,1679
2205,1635
2144,1630
2062,1682
1942,1769
1799,1878
1652,1984
1531,2048
1470,2087
1479,2098
1551,2079
1673,2039
1834,1975
1994,1915
2122,1826
2200,1745
2214,1667
2190,1628
2130,1641
2042,1688
1907,1776
1775,1899
1632,1996
1520,2059
1471,2096
1485,2102
1568,2080
1701,2036
1858,1973
2018,1909
2138,1818
2206,1731
2221,1670
2188,1635
2124,1648
2026,1701
1902,1801
1751,1913
1615,2009
1510,2073
1464,2106
1495,2102
1591,2081
1717,2024
1881,1962
2028,1894
2149,1805
2209,1722
2219,1662
2184,1635
2114,1657
2011,1717
1878,1816
1737,1934
1591,2018
1500,2076
1465,2103
1505,2096
1606,2078
1741,2011
1913,1964
2057,1878
2164,1796
2220,1711
2216,1661
2177,1632
2094,1654
1992,1732
1854,1832
1717,1947
1579,2035
1490,2079
1470,2112
1517,2096
1622,2071
1768,2003
1931,1945
2078,1874
2179,1782
2225,1703
2218,1658
2173,1636
2088,1673
1980,1747
1840,1857
1702,1964
1560,2042
1478,2086
1471,2105
1525,2098
1640,2057
1788,2004
1948,1932
2090,1854
2183,1770
2223,1692
2210,1641
2156,1641
2076,1672
1957,1756
1805,1862
1676,1971
1547,2052
1480,2099
1467,2098
1538,2088
1657,2045
1808,1992
1971,1914
2103,1836
2190,1755
2215,1669
2204,1640
2146,1628
2059,1677
1937,1772
1801,1887
1644,1978
1538,2056
1463,2090
1480,2105
1558,2085
1673,2037
1839,1977
1989,1911
2127,1831
2197,1738
2223,1673
2199,1632
2133,1635
2041,1692
1915,1778
1779,1899
1633,1992
1527,2058
1469,2090
1490,2101
1570,2080
1703,2032
1857,1969
2019,1906
2142,1814
2207,1732
2228,1662
2190,1629
2123,1640
2028,1706
1895,1787
1751,1910
1617,2001
1508,2067
1470,2101
1497,2096
1584,2066
1720,2022
1874,1951
2033,1886
2155,1803
2217,1715
2222,1655
2184,1633
2109,1651
2010,1710
1878,1802
1737,1930
1603,2016
1505,2073
1462,2099
1500,2094
1602,2065
1739,2010
1907,1950
2061,1885
2164,1789
2218,1710
2219,1653
2176,1633
2104,1658
2005,1729
1859,1826
1719,1948
1583,2030
1492,2075
1474,2104
1517,2098
1619,2063
1771,2010
1929,1944
2075,1869
2175,1779
2221,1699
2213,1646
2165,1630
2097,1665
1979,1741
1842,1846
1693,1963
1566,2044
1485,2087
1477,2106
1530,2098
1637,2062
1790,2001
1952,1940
2094,1859
2187,1773
2227,1695
2217,1650
2161,1637
2085,1677
1961,1753
1825,1870
1676,1971
1557,2053
1481,2096
1480,2110
1549,2104
1662,2053
1811,1991
1982,1933
2116,1845
2197,1757
2226,1683
2210,1643
2153,1632
2068,1684
1947,1774
1804,1884
1659,1989
1542,2049
1480,2110
1485,2103
1553,2092
1678,2046
1841,1995
1996,1926
2128,1839
2214,1743
2231,1680
2204,1639
2139,1646
2059,1696
1938,1791
1779,1906
1643,1995
1526,2066
1478,2104
1494,2110
1573,2082
1702,2037
1857,1977
2013,1906
2143,1821
2214,1743
2232,1666
2187,1631
2138,1658
2029,1695
1913,1805
1757,1912
1620,2009
1515,2067
1467,2102
1497,2099
1585,2072
1719,2025
1880,1963
2032,1895
2146,1795
2217,1731
2226,1657
2178,1629
2124,1656
2015,1707
1887,1812
1746,1934
1605,2018
1499,2070
1465,2101
1509,2098
1598,2070
1743,2017
1908,1954
2054,1883
2170,1794
2220,1715
2226,1652
2178,1627
2105,1654
1996,1717
1866,1826
1717,1939
1585,2019
1495,2075
1474,2102
1521,2098
1621,2059
1770,2011
1936,1945
2073,1865
2179,1781
2219,1692
2218,1655
2171,1627
2089,1660
1983,1739
1848,1851
1699,1953
1573,2033
1481,2078
1470,2103
1537,2096
1642,2051
1791,2001
1955,1931
2089,1850
2184,1770
2227,1693
2210,1634
2160,1628
2082,1662
1966,1758
1821,1858
1680,1969
1553,2041
1476,2082
1482,2109
1543,2088
1658,2045
1809,1988
1980,1931
2109,1841
2195,1759
2228,1683
2209,1634
2155,1640
2068,1681
1948,1769
1811,1886
1665,1986
1549,2056
1476,2095
1478,2103
1559,2081
1689,2034
1840,1992
1997,1903
2124,1831
2201,1744
2230,1674
2201,1634
2143,1640
2055,1694
1929,1784
1790,1898
1648,1993
1534,2062
1468,2098
1495,2110
1572,2089
1706,2041
1860,1976
2018,1912
2141,1822
2210,1737
2235,1673
2194,1632
2135,1653
2037,1704
1914,1801
1766,1915
1625,2009
1519,2071
1478,2104
1507,2108
1592,2083
1731,2031
1889,1967
2038,1899
2161,1818
2223,1731
2230,1671
2196,1642
2125,1661
2027,1722
1893,1816
1742,1935
1603,2026
1501,2084
1466,2110
1510,2105
1613,2084
1746,2018
1907,1960
2064,1895
2178,1800
2228,1720
2224,1652
2186,1647
2115,1667
2009,1736
1868,1844
1730,1948
1591,2031
1499,2086
1473,2110
1528,2107
1624,2069
1766,2013
1930,1950
2075,1877
2178,1787
2221,1702
2221,1653
2176,1638
2100,1670
1981,1737
1851,1842
1706,1956
1574,2043
1491,2084
1477,2107
1534,2108
1641,2061
1789,2000
1954,1937
2092,1856
2187,1772
2225,1692
2215,1641
2167,1642
2086,1676
1969,1759
1834,1867
1676,1963
1557,2043
1476,2088
1480,2107
1546,2097
1662,2052
1814,1995
1979,1927
2115,1847
2199,1752
2233,1683
2213,1636
2161,1634
2072,1678
1949,1767
1809,1877
1664,1978
1548,2053
1479,2091
1489,2106
1557,2084
1682,2044
1837,1985
1992,1913
2129,1831
2200,1746
2234,1675
2202,1635
2141,1633
2056,1688
1932,1779
1791,1886
1649,1986
1535,2054
1477,2088
1494,2101
1571,2078
1707,2038
1866,1975
2018,1908
2140,1816
2218,1728
2229,1669
2198,1632
2138,1650
2042,1693
1909,1795
1775,1903
1628,2005
1520,2065
1473,2097
1502,2100
1588,2075
1723,2027
1882,1967
2038,1895
2160,1809
2216,1727
2230,1664
2196,1632
2128,1651
2022,1711
1895,1811
1753,1929
1616,2019
1513,2075
1475,2104
1507,2096
1613,2078
1747,2021
1906,1961
2062,1887
2174,1803
2221,1719
2220,1652
2185,1634
2114,1665
2011,1731
1877,1831
1732,1945
1591,2029
1502,2080
1482,2108
1523,2107
1627,2072
1771,2014
1933,1949
2081,1879
2178,1786
2234,1711
2223,1651
2179,1633
2098,1663
1985,1737
1857,1849
1713,1963
1584,2037
1493,2085
1484,2109
1533,2098
1649,2067
1791,2004
1958,1944
2095,1863
2193,1774
2234,1702
2229,1652
2176,1650
2093,1681
1978,1762
1832,1866
1692,1970
1568,2055
1489,2102
1484,2112
1550,2104
1666,2059
1816,1999
1985,1931
2120,1858
2203,1767
2235,1696
2214,1651
2162,1644
2082,1698
1954,1777
1818,1880
1670,1995
1560,2067
1485,2107
1500,2116
1561,2097
1685,2057
1837,1992
2001,1925
2129,1843
2209,1754
2234,1682
2205,1640
2152,1646
2058,1694
1941,1787
1797,1903
1650,1996
1527,2047
1482,2100
1499,2104
1577,2090
1706,2042
1857,1961
2020,1910
2144,1826
2218,1737
2235,1669
2213,1640
2138,1648
2041,1698
1916,1791
1773,1919
1636,2009
1525,2068
1471,2092
1502,2100
1594,2084
1730,2032
1885,1968
2043,1899
2157,1809
2228,1723
2230,1661
2196,1631
2127,1652
2025,1711
1900,1811
1756,1927
1615,2015
1515,2076
1483,2104
1513,2100
1614,2072
1744,2020
1912,1956
2065,1883
2170,1794
2227,1712
2225,1653
2188,1629
2116,1656
2013,1726
1873,1809
1730,1939
1600,2024
1526,2080
1476,2100
1524,2100
1631,2066
1763,2010
1938,1955
2081,1878
2179,1778
2228,1703
2227,1651
2178,1636
2104,1664
1989,1741
1861,1847
1720,1961
1586,2042
1493,2081
1482,2100
1535,2098
1646,2063
1794,2003
1954,1939
2100,1862
2192,1772
2232,1695
2222,1645
2174,1636
2094,1675
1978,1751
1836,1863
1695,1971
1568,2045
1488,2091
1486,2107
1548,2094
1667,2060
1820,1998
1981,1930
2117,1854
2206,1765
2239,1690
2223,1646
2164,1644
2076,1684
1959,1769
1820,1883
1673,1989
1554,2060
1487,2103
1490,2107
1567,2096
1689,2049
1843,1991
2002,1924
2133,1842
2212,1753
2237,1679
2216,1645
2155,1645
2067,1694
1944,1781
1797,1899
1659,1999
1536,2066
1486,2103
1503,2114
1584,2092
1709,2043
1869,1985
2022,1916
2156,1834
2226,1748
2241,1676
2209,1640
2147,1655
2054,1709
1919,1801
1782,1919
1635,2016
1535,2069
1482,2096
1509,2106
1594,2083
1722,2038
1899,1979
2046,1910
2171,1822
2231,1734
2237,1679
2205,1643
2139,1663
2034,1709
1901,1825
1757,1935
1623,2032
1523,2085
1480,2115
1523,2112
1607,2085
1755,2030
1916,1968
2065,1897
2174,1805
2240,1724
2239,1664
2197,1643
2120,1673
2015,1727
1875,1827
1737,1954
1602,2041
1507,2084
1487,2121
1525,2106
1628,2068
1781,2019
1938,1954
2082,1879
2190,1799
2237,1703
2223,1661
2180,1638
2102,1657
1999,1731
1865,1845
1721,1961
1586,2045
1505,2089
1488,2115
1538,2097
1646,2061
1796,2004
1959,1945
2093,1862
2195,1776
2236,1702
2219,1651
2178,1640
2092,1677
1981,1771
1838,1857
1700,1969
1564,2043
1497,2089
1488,2106
1554,2093
1667,2056
1825,1998
1988,1937
2120,1849
2211,1762
2242,1690
2219,1638
2169,1645
2077,1673
1963,1762
1814,1877
1675,1977
1559,2055
1498,2096
1488,2100
1560,2088
1692,2049
1837,1982
2011,1923
2135,1843
2205,1744
2238,1683
2216,1636
2156,1641
2068,1688
1949,1777
1800,1896
1661,1991
1545,2065
1485,2093
1499,2106
1570,2083
1702,2039
1864,1976
2025,1910
2144,1822
2223,1739
2240,1674
2208,1640
2147,1647
2054,1709
1929,1800
1778,1911
1648,2012
1533,2068
1482,2096
1510,2110
1597,2083
1732,2036
1879,1958
2047,1902
2163,1819
2235,1732
2237,1668
2196,1641
2141,1667
2035,1714
1906,1818
1762,1930
1622,2017
1521,2079
1489,2108
1518,2108
1614,2083
1751,2028
1919,1964
2062,1895
2184,1809
2236,1722
2238,1664
2200,1639
2123,1663
2026,1732
1884,1831
1747,1947
1599,2031
1511,2082
1487,2107
1529,2109
1636,2080
1777,2018
1940,1961
2088,1883
2190,1797
2243,1719
2240,1666
2196,1641
2112,1674
2002,1742
1869,1852
1725,1964
1589,2046
1503,2097
1493,2109
1541,2103
1652,2073
1803,2015
1966,1953
2106,1875
2202,1790
2247,1707
2233,1665
2185,1651
2093,1688
1984,1755
1844,1869
1708,1982
1578,2049
1497,2085
1491,2114
1552,2107
1667,2074
1824,2009
1987,1944
2118,1862
2211,1773
2241,1695
2226,1653
2170,1645
2085,1690
1957,1767
1824,1887
1673,1981
1553,2053
1490,2108
1491,2106
1566,2098
1688,2058
1851,1996
2013,1934
2135,1841
2217,1749
2241,1680
2225,1652
2149,1634
2080,1697
1949,1790
1801,1896
1664,2005
1544,2060
1488,2098
1502,2111
1582,2089
1708,2046
1872,1985
2027,1912
2152,1831
2222,1742
2240,1675
2213,1643
2148,1646
2056,1707
1925,1793
1787,1913
1640,2003
1535,2071
1486,2102
1510,2108
1601,2086
1730,2033
1894,1972
2049,1903
2169,1816
2228,1728
2246,1671
2208,1644
2134,1647
2036,1710
1909,1813
1768,1929
1624,2034
1517,2077
1481,2106
1519,2112
1614,2078
1744,2025
1914,1967
2067,1891
2180,1808
2241,1724
2237,1664
2196,1631
2123,1658
2027,1725
1894,1830
1747,1939
1612,2029
1515,2080
1486,2113
1529,2100
1629,2072
1779,2015
1936,1961
2084,1878
2190,1789
2237,1710
2233,1656
2189,1639
2111,1669
2001,1742
1868,1849
1722,1955
1600,2042
1513,2096
1495,2113
1548,2107
1653,2062
1798,2011
1962,1946
2110,1867
2203,1782
2245,1699
2235,1647
2183,1645
2104,1678
1998,1762
1854,1867
1706,1976
1580,2053
1499,2101
1497,2121
1557,2101
1669,2065
1820,2001
1989,1943
2124,1862
2211,1773
2245,1694
2231,1654
2173,1643
2091,1690
1970,1770
1833,1886
1687,1987
1568,2064
1497,2104
1497,2114
1573,2103
1690,2055
1849,1997
2008,1933
2144,1848
2228,1763
2254,1693
2222,1650
2167,1651
2072,1697
1960,1793
1810,1908
1668,2005
1553,2073
1496,2114
1501,2113
1583,2097
1703,2046
1870,1993
2030,1925
2159,1835
2224,1755
2249,1683
2217,1651
2146,1656
2063,1721
1929,1804
1784,1919
1650,2015
1540,2073
1496,2110
1507,2108
1600,2096
1731,2049
1891,1978
2048,1915
2166,1827
2235,1741
2246,1676
2219,1648
2144,1660
2044,1722
1910,1809
1769,1932
1628,2026
1528,2083
1487,2110
1525,2113
1620,2086
1755,2030
1917,1968
2069,1901
2180,1803
2236,1728
2237,1668
2205,1643
2132,1659
2023,1716
1887,1826
1754,1946
1608,2029
1513,2078
1485,2105
1538,2109
1629,2068
1774,2018
1937,1959
2089,1885
2194,1797
2241,1711
2238,1660
2188,1642
2118,1668
2011,1740
1872,1847
1732,1958
1594,2037
1511,2091
1493,2107
1546,2107
1654,2066
1803,2015
1962,1947
2105,1871
2201,1780
2246,1704
2230,1653
2184,1640
2109,1676
1993,1751
1848,1856
1714,1976
1582,2053
1502,2089
1492,2103
1555,2097
1677,2058
1822,2000
1990,1934
2114,1858
2216,1767
2240,1687
2233,1646
2175,1643
2084,1686
1978,1764
1824,1881
1688,1978
1563,2060
1499,2101
1498,2110
1570,2090
1691,2045
1839,1995
2009,1925
2135,1847
2222,1756
2246,1688
2225,1649
2165,1648
2082,1693
1957,1797
1817,1897
1670,1999
1558,2067
1495,2100
1509,2112
1588,2093
1713,2043
1874,1983
2028,1919
2156,1836
2227,1745
2249,1677
2222,1648
2158,1660
2062,1712
1945,1814
1796,1919
1653,2011
1545,2077
1497,2109
1515,2112
1608,2094
1741,2045
1897,1983
2059,1912
2179,1821
2236,1739
2253,1673
2210,1648
2146,1661
2046,1717
1920,1817
1774,1936
1630,2026
1541,2081
1496,2113
1533,2116
1619,2086
1766,2038
1918,1969
2071,1902
2186,1811
2244,1730
2250,1671
2203,1652
2133,1668
2033,1736
1893,1833
1746,1952
1614,2042
1526,2103
1497,2121
1537,2121
1643,2081
1777,2031
1946,1961
2098,1891
2191,1800
2253,1723
2239,1662
2201,1648
2124,1688
2017,1754
1872,1856
1739,1971
1592,2043
1516,2105
1503,2119
1546,2112
1657,2067
1802,2019
1967,1955
2109,1879
2205,1790
2247,1711
2240,1660
2190,1653
2109,1684
1996,1762
1854,1870
1714,1979
1580,2048
1508,2102
1498,2109
1560,2109
1674,2065
1826,2006
1989,1937
2129,1865
2217,1772
2251,1693
2229,1639
2173,1648
2096,1687
1975,1773
1844,1896
1687,1990
1566,2060
1491,2091
1500,2115
1575,2099
1695,2057
1849,1990
2003,1929
2140,1849
2221,1757
2250,1692
2233,1647
2166,1646
2085,1690
1955,1787
1812,1898
1670,2002
1562,2070
1490,2102
1509,2114
1589,2089
1719,2049
1870,1981
2028,1923
2162,1833
2229,1745
2258,1673
2220,1643
2157,1657
2064,1708
1939,1801
1794,1919
1653,2011
1548,2075
1491,2111
1521,2111
1601,2084
1735,2043
1901,1977
2053,1905
2178,1821
2233,1732
2248,1679
2223,1646
2149,1651
2062,1728
1924,1820
1775,1940
1638,2020
1525,2077
1493,2115
1523,2111
1624,2076
1755,2030
1917,1967
2071,1906
2185,1810
2243,1722
2249,1664
2206,1641
2140,1665
2041,1733
1906,1834
1756,1947
1617,2028
1526,2088
1498,2113
1539,2112
1638,2076
1779,2022
1944,1957
2084,1878
2199,1799
2248,1719
2243,1662
2200,1643
2133,1675
2020,1750
1895,1861
1746,1970
1602,2047
1517,2100
1501,2116
1555,2108
1658,2069
1808,2022
1966,1950
2117,1879
2213,1793
2258,1708
2242,1663
2194,1649
2121,1681
1998,1762
1862,1869
1715,1976
1593,2058
1510,2102
1510,2119
1562,2110
1681,2070
1828,2013
1993,1947
2130,1872
2219,1777
2254,1702
2236,1657
2187,1655
2104,1692
1988,1785
1845,1886
1701,2001
1576,2071
1500,2105
1511,2122
1575,2105
1697,2064
1856,2004
2014,1929
2152,1857
2232,1764
2262,1701
2230,1655
2176,1656
2084,1702
1961,1790
1816,1902
1674,1999
1562,2078
1501,2108
1518,2120
1590,2100
1717,2060
1877,1992
2040,1929
2166,1842
2234,1764
2252,1687
2226,1652
2159,1658
2074,1714
1946,1805
1802,1922
1662,2017
1554,2080
1502,2122
1515,2110
1612,2105
1736,2043
1891,1967
2065,1921
2168,1829
2242,1744
2255,1685
2213,1645
2156,1666
2054,1724
1925,1824
1782,1933
1641,2020
1526,2075
1493,2112
1530,2117
1625,2088
1758,2033
1919,1973
2067,1898
2180,1809
2246,1731
2249,1667
2209,1647
2134,1662
2035,1726
1903,1834
1755,1944
1622,2046
1525,2088
1494,2116
1540,2114
1638,2082
1778,2022
1941,1959
2094,1889
2196,1791
2251,1719
2243,1659
2208,1644
2126,1672
2021,1742
1882,1847
1744,1962
1606,2041
1516,2094
1501,2110
1554,2109
1666,2072
1805,2014
1967,1953
2114,1880
2211,1787
2249,1714
2238,1658
2190,1645
2112,1677
2005,1752
1859,1848
1725,1976
1604,2053
1517,2094
1498,2116
1569,2112
1678,2065
1824,2003
1990,1937
2133,1868
2221,1779
2250,1703
2238,1652
2184,1650
2099,1668
1982,1768
1841,1890
1697,1987
1576,2059
1506,2098
1509,2118
1578,2096
1702,2063
1853,2003
2014,1929
2144,1851
2226,1761
2254,1692
2234,1654
2177,1656
2092,1699
1968,1786
1822,1896
1681,2007
1569,2069
1507,2107
1517,2118
1595,2101
1719,2054
1884,1995
2043,1930
2164,1844
2240,1755
2260,1682
2227,1651
2164,1657
2076,1715
1953,1806
1805,1922
1667,2020
1559,2082
1506,2118
1524,2120
1610,2095
1741,2049
1901,1983
2063,1921
2176,1834
2248,1752
2253,1679
2228,1651
2158,1667
2056,1725
1926,1821
1788,1941
1642,2027
1541,2087
1499,2119
1537,2128
1629,2098
1762,2041
1925,1981
2078,1910
2190,1827
2256,1736
2257,1677
2214,1652
2143,1674
2039,1738
1908,1841
1769,1956
1624,2047
1529,2089
1506,2120
1542,2122
1652,2087
1786,2036
1947,1970
2099,1909
2211,1813
2257,1727
2255,1666
2205,1657
2131,1678
2021,1750
1890,1858
1745,1967
1617,2057
1524,2092
1502,2118
1554,2113
1664,2080
1808,2021
1969,1956
2116,1880
2211,1793
2253,1712
2244,1661
2190,1644
2123,1687
2000,1744
1866,1873
1720,1981
1596,2056
1512,2102
1512,2127
1561,2106
1680,2064
1830,2011
1992,1945
2131,1873
2211,1774
2258,1701
2243,1659
2185,1649
2097,1690
1983,1772
1845,1886
1705,1992
1578,2064
1506,2104
1509,2120
1575,2104
1697,2066
1850,1998
2019,1936
2140,1852
2230,1766
2258,1691
2236,1653
2178,1651
2089,1699
1966,1790
1824,1894
1680,1999
1564,2068
1504,2104
1519,2114
1590,2097
1722,2053
1871,1977
2039,1922
2161,1832
2245,1759
2250,1682
2237,1648
2162,1651
2077,1715
1961,1805
1804,1917
1667,2002
1560,2081
1498,2111
1530,2121
1610,2096
1741,2045
1903,1989
2053,1917
2177,1826
2246,1749
2259,1673
2223,1650
2156,1658
2059,1722
1933,1812
1787,1936
1647,2023
1543,2091
1503,2114
1536,2120
1621,2085
1756,2026
1920,1985
2068,1904
2187,1824
2254,1733
2257,1673
2217,1651
2148,1672
2040,1737
1914,1837
1767,1953
1626,2041
1535,2093
1507,2120
1546,2119
1644,2087
1788,2032
1951,1971
2098,1893
2205,1801
2258,1725
2260,1669
2212,1653
2137,1678
2023,1745
1896,1855
1749,1973
1622,2052
1524,2100
1511,2125
1554,2112
1669,2080
1811,2023
1976,1966
2115,1885
2222,1794
2262,1721
2255,1664
2205,1654
2124,1687
2013,1762
1871,1869
1733,1992
1602,2061
1521,2110
1503,2125
1568,2120
1683,2080
1829,2023
1994,1956
2131,1875
2228,1788
2261,1708
2245,1663
2197,1655
2114,1700
1997,1787
1852,1900
1707,1999
1580,2070
1513,2114
1515,2124
1583,2113
1697,2064
1848,2007
2017,1950
2146,1864
2234,1773
2263,1707
2242,1661
2183,1666
2096,1711
1975,1797
1833,1910
1689,2010
1573,2080
1511,2118
1521,2128
1596,2108
1719,2060
1879,1997
2036,1932
2168,1850
2239,1759
2262,1688
2240,1667
2182,1674
2074,1711
1947,1800
1811,1928
1665,2012
1555,2080
1503,2120
1525,2116
1612,2099
1738,2049
1899,1991
2060,1919
2173,1827
2250,1741
2255,1674
2227,1651
2160,1668
2069,1726
1933,1811
1791,1935
1652,2027
1541,2086
1507,2114
1527,2117
1622,2091
1759,2038
1925,1983
2074,1908
2189,1820
2249,1738
2258,1671
2218,1654
2147,1666
2048,1738
1911,1834
1771,1949
1627,2030
1543,2093
1500,2113
1548,2112
1640,2082
1778,2022
1951,1968
2097,1889
2209,1814
2256,1728
2259,1669
2212,1625
2135,1673
2030,1745
1895,1845
1750,1970
1620,2041
1525,2097
1509,2115
1558,2112
1661,2076
1804,2020
1977,1957
2117,1882
2216,1795
2257,1702
2251,1666
2207,1648
2123,1677
2010,1756
1874,1868
1736,1978
1602,2058
1527,2107
1506,2113
1575,2112
1683,2073
1824,2015
1995,1942
2138,1876
2226,1787
2263,1705
2250,1664
2193,1655
2114,1697
1996,1777
1857,1887
1715,1992
1592,2068
1517,2112
1515,2112
1581,2106
1697,2071
1856,2008
2017,1946
2150,1861
2237,1775
2265,1699
2251,1659
2188,1660
2101,1706
1979,1792
1837,1905
1696,2009
1573,2073
1518,2118
1522,2126
1604,2106
1722,2065
1877,2000
2041,1936
2170,1853
2245,1767
2268,1698
2240,1665
2178,1663
2088,1720
1961,1810
1819,1924
1672,2022
1565,2084
1511,2127
1531,2132
1616,2106
1748,2062
1906,2003
2068,1924
2184,1845
2255,1761
2264,1691
2236,1655
2175,1671
2069,1736
1941,1822
1803,1945
1656,2040
1554,2092
1505,2130
1543,2132
1623,2095
1763,2042
1924,1991
2091,1915
2191,1833
2257,1743
2260,1677
2231,1662
2158,1678
2053,1739
1926,1840
1771,1962
1640,2042
1540,2100
1511,2131
1547,2123
1643,2085
1782,2037
1945,1974
2099,1903
2208,1815
2259,1730
2260,1675
2216,1651
2143,1675
2034,1753
1897,1857
1755,1964
1625,2040
1521,2102
1516,2129
1557,2120
1663,2092
1814,2031
1972,1971
2108,1882
2217,1800
2253,1711
2253,1664
2209,1659
2132,1692
2012,1756
1877,1869
1734,1982
1603,2057
1527,2105
1511,2121
1572,2114
1684,2082
1830,2018
1997,1955
2130,1872
2225,1786
2258,1707
2252,1660
2192,1656
2116,1693
1997,1775
1858,1885
1709,1990
1586,2066
1518,2113
1513,2116
1582,2107
1702,2064
1851,2007
2021,1936
2153,1866
2233,1778
2267,1699
2245,1658
2189,1663
2095,1698
1985,1797
1839,1899
1688,1992
1578,2076
1517,2116
1526,2124
1600,2101
1725,2062
1881,2000
2042,1928
2164,1844
2250,1769
2268,1695
2241,1653
2178,1663
2085,1704
1959,1797
1821,1919
1676,2018
1566,2077
1509,2114
1534,2121
1615,2097
1744,2054
1901,1990
2065,1925
2184,1843
2252,1756
2267,1688
2236,1660
2169,1671
2074,1723
1944,1821
1800,1941
1655,2031
1555,2091
1511,2125
1540,2129
1637,2100
1765,2050
1927,2001
2080,1919
2200,1835
2256,1751
2263,1682
2227,1657
2160,1678
2058,1741
1927,1841
1781,1957
1642,2039
1547,2103
1508,2126
1554,2129
1646,2090
1787,2040
1955,1983
2103,1907
2214,1824
2259,1733
2267,1679
2219,1651
2151,1682
2041,1752
1908,1856
1765,1969
1629,2052
1542,2105
1509,2127
1563,2115
1666,2087
1813,2030
1977,1979
2131,1901
2222,1807
2268,1727
2252,1675
2215,1662
2133,1687
2019,1766
1884,1867
1741,1990
1611,2064
1519,2103
1519,2129
1576,2119
1687,2088
1841,2030
2001,1963
2137,1889
2231,1789
2263,1719
2253,1675
2200,1666
2112,1702
1998,1783
1867,1897
1722,1997
1603,2076
1523,2120
1519,2131
1586,2116
1705,2079
1857,2016
2019,1949
2152,1871
2239,1782
2268,1705
2251,1666
2191,1663
2104,1707
1989,1797
1852,1911
1694,2008
1580,2074
1524,2117
1527,2132
1609,2122
1723,2069
1876,1999
2035,1928
2170,1858
2243,1771
2264,1693
2244,1669
2171,1665
2087,1719
1964,1807
1819,1919
1675,2020
1563,2081
1510,2117
1532,2123
1613,2101
1757,2056
1905,1994
2062,1925
2182,1845
2246,1757
2267,1690
2235,1658
2170,1673
2072,1724
1944,1822
1802,1938
1661,2026
1558,2091
1510,2122
1539,2120
1628,2095
1765,2041
1927,1987
2078,1911
2199,1831
2254,1749
2265,1689
2227,1647
2159,1679
2058,1738
1922,1835
1785,1947
1639,2031
1550,2099
1513,2116
1552,2123
1648,2090
1781,2027
1951,1967
2101,1907
2205,1816
2261,1731
2264,1677
2226,1651
2146,1680
2041,1749
1909,1851
1765,1962
1629,2047
1538,2099
1515,2125
1559,2122
1668,2086
1811,2030
1973,1963
2120,1893
2222,1804
2262,1716
2261,1671
2209,1659
2133,1686
2022,1765
1890,1875
1743,1986
1615,2064
1538,2125
1523,2132
1579,2124
1686,2081
1839,2023
1995,1956
2143,1886
2233,1792
2268,1716
2254,1666
2203,1666
2119,1703
2008,1785
1864,1895
1724,1999
1601,2074
1529,2124
1522,2136
1594,2119
1710,2074
1867,2019
2026,1948
2159,1873
2241,1786
2276,1711
2251,1672
2197,1669
2108,1712
1989,1800
1848,1913
1701,2011
1585,2080
1517,2118
1533,2135
1609,2120
1728,2064
1884,2007
2050,1944
2173,1856
2246,1773
2268,1695
2246,1665
2188,1673
2093,1725
1972,1808
1835,1930
1683,2019
1574,2088
1519,2129
1538,2137
1624,2104
1754,2060
1908,2003
2071,1942
2194,1864
2248,1757
2282,1698
2241,1669
2178,1682
2089,1740
1944,1860
1811,1951
1662,2037
1556,2100
1518,2129
1546,2134
1640,2106
1771,2056
1933,1983
2079,1925
2209,1840
2255,1743
2275,1694
2242,1671
2167,1694
2062,1747
1933,1842
1783,1953
1656,2054
1548,2105
1514,2139
1557,2135
1651,2095
1794,2037
1953,1984
2102,1900
2213,1824
2261,1735
2264,1677
2225,1657
2150,1688
2041,1758
1902,1854
1765,1976
1633,2047
1538,2107
1514,2129
1565,2124
1662,2086
1814,2034
1972,1967
2121,1894
2218,1804
2287,1723
2262,1675
2215,1660
2136,1693
2022,1762
1888,1874
1738,1981
1613,2062
1527,2113
1517,2128
1571,2119
1684,2076
1836,2024
2000,1960
2139,1879
2226,1789
2273,1716
2256,1669
2208,1655
2126,1698
2007,1778
1864,1887
1721,1992
1597,2070
1515,2107
1523,2131
1594,2118
1714,2073
1861,2008
2026,1950
2157,1874
2244,1774
2266,1708
2243,1657
2194,1660
2110,1706
1987,1787
1849,1904
1699,2008
1586,2080
1524,2118
1528,2128
1603,2110
1730,2071
1874,2005
2044,1938
2171,1860
2247,1765
2275,1702
2243,1656
2192,1675
2103,1723
1974,1815
1834,1925
1680,2021
1572,2092
1519,2122
1541,2139
1621,2110
1748,2062
1914,1994
2066,1933
2192,1851
2258,1763
2275,1695
2235,1661
2181,1672
2080,1734
1954,1827
1814,1944
1669,2038
1563,2100
1518,2131
1546,2134
1636,2103
1777,2058
1931,1995
2099,1927
2201,1838
2267,1753
2276,1689
2235,1666
2166,1684
2063,1743
1934,1846
1786,1959
1658,2051
1553,2103
1527,2138
1564,2135
1652,2103
1800,2043
1955,1986
2108,1913
2215,1828
2269,1743
2270,1684
2229,1658
2156,1689
2051,1765
1917,1860
1766,1979
1637,2065
1545,2118
1527,2141
1575,2130
1673,2096
1823,2045
1983,1975
2130,1906
2231,1823
2275,1733
2267,1689
2229,1664
2146,1695
2030,1780
1893,1885
1746,1997
1621,2065
1532,2113
1522,2141
1581,2127
1691,2089
1838,2028
2002,1967
2142,1893
2234,1788
2272,1720
2265,1676
2208,1663
2130,1705
2013,1785
1869,1894
1727,2001
1590,2070
1523,2121
1527,2134
1592,2147
1711,2081
1856,2018
2029,1960
2158,1871
2237,1781
2270,1701
2257,1677
2208,1676
2109,1709
1994,1800
1845,1911
1711,2021
1587,2083
1522,2121
1531,2125
1601,2109
1733,2072
1885,2010
2050,1945
2172,1858
2250,1770
2273,1705
2250,1666
2192,1676
2096,1720
1977,1812
1825,1925
1685,2026
1570,2087
1520,2128
1540,2128
1615,2113
1750,2062
1906,2005
2064,1928
2179,1850
2256,1766
2271,1692
2242,1665
2182,1674
2076,1727
1953,1827
1808,1938
1658,2031
1570,2097
1523,2132
1542,2136
1638,2112
1771,2048
1931,1993
2090,1917
2208,1836
2259,1747
2272,1682
2232,1660
2174,1697
2062,1745
1936,1846
1787,1954
1651,2045
1554,2100
1523,2132
1555,2130
1655,2103
1791,2042
1959,1979
2103,1910
2217,1827
2269,1743
2273,1689
2229,1664
2153,1689
2055,1763
1915,1866
1751,1969
1635,2062
1544,2112
1522,2137
1584,2140
1673,2094
1821,2039
1982,1976
2128,1901
2229,1814
2281,1736
2267,1682
2225,1669
2144,1701
2032,1774
1894,1881
1758,1989
1625,2067
1541,2115
1528,2138
1581,2128
1694,2097
1843,2033
2011,1974
2142,1891
2239,1804
2279,1726
2264,1676
2216,1671
2127,1707
2023,1800
1872,1897
1733,2007
1609,2082
1530,2124
1535,2137
1598,2130
1716,2088
1870,2030
2038,1969
2163,1884
2252,1793
2279,1721
2254,1674
2203,1677
2112,1720
1999,1806
1850,1923
1713,2025
1594,2088
1527,2128
1538,2141
1615,2130
1728,2084
1887,2022
2058,1950
2182,1881
2257,1776
2279,1713
2258,1667
2197,1689
2107,1723
1979,1824
1838,1942
1688,2029
1578,2093
1518,2133
1540,2143
1622,2115
1765,2069
1913,2011
2071,1944
2191,1859
2260,1769
2278,1702
2250,1680
2187,1696
2084,1733
1955,1832
1815,1950
1673,2035
1573,2102
1525,2139
1553,2143
1637,2112
1789,2066
1934,1996
2086,1930
2206,1840
2271,1763
2275,1694
2246,1678
2167,1675
2066,1748
1933,1849
1786,1956
1654,2045
1553,2109
1522,2135
1558,2131
1660,2103
1795,2052
1962,1988
2112,1916
2217,1826
2269,1747
2274,1682
2231,1667
2156,1690
2061,1759
1911,1860
1764,1977
1632,2060
1544,2114
1523,2134
1570,2129
1676,2097
1817,2036
1980,1975
2129,1904
2230,1811
2278,1737
2267,1675
2228,1672
2141,1694
2036,1783
1891,1873
1747,1994
1624,2070
1538,2114
1520,2132
1574,2122
1698,2086
1838,2034
2001,1968
2145,1896
2243,1806
2274,1732
2275,1685
2210,1670
2134,1706
2017,1791
1871,1893
1735,2006
1600,2060
1527,2118
1519,2132
1591,2116
1711,2084
1862,2021
2027,1958
2159,1879
2248,1788
2279,1718
2261,1672
2206,1670
2114,1711
2005,1810
1854,1914
1714,2021
1594,2088
1529,2132
1531,2137
1607,2114
1737,2081
1888,2017
2053,1953
2182,1872
2258,1779
2281,1709
2258,1677
2197,1685
2111,1735
1982,1816
1839,1932
1697,2032
1585,2102
1535,2136
1547,2143
1630,2122
1759,2076
1915,2011
2081,1946
2189,1861
2273,1773
2279,1706
2257,1671
2184,1684
2091,1739
1962,1841
1821,1949
1678,2047
1571,2105
1526,2137
1552,2140
1643,2121
1779,2067
1944,2011
2098,1941
2210,1846
2268,1766
2279,1700
2247,1679
2184,1696
2076,1750
1954,1859
1803,1965
1657,2057
1566,2122
1526,2139
1558,2144
1658,2113
1798,2062
1958,1993
2112,1927
2224,1847
2283,1763
2275,1708
2242,1671
2169,1701
2061,1768
1925,1878
1779,1989
1647,2071
1550,2121
1526,2147
1577,2143
1681,2104
1822,2046
1985,1990
2131,1914
2233,1825
2277,1743
2269,1691
2228,1673
2151,1706
2039,1779
1902,1884
1761,2005
1616,2059
1557,2142
1537,2152
1587,2137
1704,2089
1842,2029
2007,1977
2147,1897
2240,1803
2276,1731
2272,1682
2219,1666
2131,1707
2015,1787
1877,1894
1738,2007
1606,2083
1533,2127
1531,2141
1598,2126
1712,2088
1862,2027
2026,1963
2158,1884
2251,1797
2277,1718
2264,1679
2205,1674
2118,1718
2001,1805
1857,1912
1716,2020
1591,2087
1535,2129
1539,2140
1610,2123
1734,2075
1888,2017
2049,1950
2178,1873
2256,1775
2282,1712
2257,1671
2207,1686
2108,1733
1980,1815
1841,1932
1696,2027
1578,2094
1529,2125
1546,2143
1626,2110
1753,2059
1911,2001
2068,1933
2188,1863
2272,1771
2275,1703
2258,1673
2180,1679
2090,1748
1962,1832
1817,1951
1673,2039
1572,2113
1521,2135
1549,2140
1642,2113
1781,2064
1937,2000
2092,1935
2210,1849
2275,1767
2279,1699
2246,1681
2176,1692
2075,1754
1941,1853
1800,1970
1659,2052
1563,2112
1527,2142
1561,2141
1662,2108
1797,2051
1965,1999
2117,1924
2223,1839
2276,1757
2278,1700
2235,1673
2163,1694
2061,1772
1923,1871
1780,1983
1644,2070
1557,2123
1529,2146
1575,2141
1683,2108
1823,2038
1989,1990
2130,1911
2234,1829
2279,1741
2272,1699
2229,1678
2157,1714
2040,1786
1907,1890
1763,2001
1628,2079
1553,2132
1533,2147
1591,2142
1700,2099
1857,2049
2009,1979
2155,1909
2252,1818
2281,1735
2284,1696
2219,1682
2148,1723
2025,1800
1884,1911
1742,2019
1621,2099
1536,2137
1534,2154
1594,2137
1715,2094
1869,2039
2034,1968
2177,1895
2260,1807
2291,1738
2266,1686
2211,1691
2128,1736
2013,1820
1864,1933
1713,2030
1601,2101
1532,2148
1547,2157
1616,2135
1736,2089
1894,2033
2054,1967
2183,1885
2267,1795
2283,1721
2262,1684
2199,1684
2109,1738
1987,1828
1845,1940
1693,2033
1587,2102
1535,2139
1544,2150
1629,2124
1746,2073
1917,2015
2076,1953
2198,1863
2267,1777
2280,1711
2255,1678
2196,1692
2095,1737
1968,1838
1823,1950
1687,2053
1570,2107
1531,2144
1556,2149
1644,2119
1775,2067
1942,2009
2096,1933
2212,1851
2271,1767
2279,1699
2247,1677
2174,1695
2074,1756
1944,1852
1803,1972
1658,2059
1550,2113
1523,2143
1570,2143
1661,2112
1804,2061
1960,1996
2108,1925
2221,1841
2274,1752
2278,1694
2238,1670
2161,1697
2060,1762
1928,1863
1780,1982
1647,2066
1555,2122
1533,2147
1573,2141
1683,2107
1823,2046
1985,1983
2134,1917
2228,1826
2274,1742
2280,1700
2236,1674
2154,1705
2045,1788
1906,1889
1757,1994
1629,2078
1547,2128
1537,2145
1583,2138
1697,2097
1842,2045
2009,1975
2149,1904
2242,1806
2277,1736
2273,1687
2222,1681
2137,1717
2023,1793
1881,1905
1739,2009
1616,2092
1549,2143
1529,2145
1597,2138
1717,2095
1869,2043
2033,1977
2166,1896
2249,1805
2285,1727
2272,1698
2214,1684
2128,1727
2012,1816
1870,1926
1722,2025
1601,2099
1538,2136
1548,2149
1618,2133
1740,2092
1896,2029
2056,1965
2189,1879
2262,1798
2290,1721
2264,1687
2204,1685
2116,1742
1988,1829
1856,1946
1703,2036
1591,2111
1537,2147
1556,2155
1634,2133
1763,2084
1919,2027
2084,1956
2204,1879
2266,1785
2286,1720
2259,1684
2187,1694
2097,1749
1971,1828
1833,1969
1691,2053
1574,2120
1536,2146
1559,2143
1642,2132
1779,2070
1938,2019
2098,1947
2212,1863
2277,1785
2286,1711
2247,1685
2182,1712
2082,1769
1950,1871
1809,1985
1675,2076
1569,2136
1533,2147
1571,2153
1668,2131
1805,2072
1962,2003
2116,1937
2227,1854
2284,1769
2283,1707
2246,1687
2174,1717
2066,1776
1936,1887
1793,1993
1654,2084
1556,2122
1533,2147
1572,2147
1682,2112
1827,2057
1987,1991
2132,1921
2227,1830
2281,1757
2279,1696
2229,1671
2164,1712
2048,1779
1913,1895
1768,2010
1623,2078
1547,2128
1533,2148
1585,2135
1699,2108
1849,2056
2012,1984
2149,1909
2245,1818
2284,1740
2274,1695
2226,1686
2142,1721
2022,1790
1887,1908
1742,2016
1618,2091
1541,2132
1540,2151
1602,2144
1717,2098
1872,2041
2033,1974
2171,1895
2261,1807
2285,1734
2273,1692
2208,1684
2124,1730
2003,1802
1861,1917
1724,2029
1603,2094
1536,2137
1547,2148
1612,2131
1737,2091
1891,2028
2059,1965
2180,1875
2265,1797
2287,1726
2266,1678
2196,1693
2112,1732
1987,1826
1848,1948
1706,2033
1589,2109
1529,2137
1544,2144
1625,2130
1771,2092
1916,2021
2074,1956
2203,1875
2271,1782
2285,1718
2257,1679
2195,1694
2103,1750
1967,1840
1829,1960
1689,2052
1585,2115
1535,2143
1558,2152
1648,2131
1781,2077
1943,2013
2096,1948
2217,1860
2275,1772
2288,1717
2253,1694
2179,1697
2079,1770
1954,1865
1805,1979
1673,2069
1570,2122
1534,2156
1577,2157
1666,2126
1808,2072
1967,2008
2122,1938
2234,1853
2284,1771
2290,1710
2245,1688
2176,1714
2065,1781
1937,1879
1787,1992
1654,2082
1561,2130
1539,2161
1580,2155
1687,2121
1834,2069
1992,2004
2141,1936
2240,1845
2293,1759
2286,1707
2238,1690
2163,1720
2049,1794
1917,1906
1770,2006
1637,2089
1556,2140
1543,2156
1590,2150
1702,2114
1855,2062
2013,1991
2156,1913
2250,1830
2293,1747
2280,1699
2226,1687
2160,1731
2033,1808
1894,1921
1747,2024
1623,2100
1550,2150
1543,2154
1605,2149
1720,2107
1873,2042
2038,1982
2175,1907
2263,1820
2295,1741
2276,1697
2223,1700
2138,1741
2017,1821
1874,1933
1727,2037
1607,2108
1541,2146
1552,2161
1616,2134
1742,2096
1895,2029
2058,1972
2185,1891
2266,1798
2280,1721
2275,1701
2208,1694
2116,1747
2002,1841
1850,1949
1700,2052
1587,2106
1529,2141
1557,2157
1633,2136
1767,2094
1918,2021
2075,1951
2204,1882
2272,1794
2291,1717
2263,1688
2196,1704
2097,1751
1978,1847
1830,1963
1690,2058
1579,2122
1525,2152
1561,2153
1642,2128
1786,2083
1938,2019
2101,1950
2216,1864
2275,1773
2287,1711
2256,1692
2184,1702
2091,1772
1951,1853
1805,1982
1670,2065
1569,2119
1533,2151
1567,2157
1662,2119
1805,2070
1961,2005
2116,1932
2223,1846
2279,1767
2285,1709
2254,1690
2168,1706
2070,1777
1938,1887
1790,1991
1657,2084
1567,2133
1548,2159
1582,2151
1689,2117
1829,2057
1993,2007
2137,1923
2237,1835
2288,1758
2309,1700
2237,1687
2161,1719
2054,1791
1912,1897
1771,2010
1639,2087
1556,2136
1540,2157
1597,2149
1704,2113
1850,2057
2013,1991
2149,1917
2246,1831
2295,1754
2280,1701
2231,1690
2150,1731
2035,1806
1889,1922
1753,2022
1624,2104
1546,2145
1548,2160
1610,2151
1726,2112
1874,2051
2038,1988
2173,1908
2262,1820
2292,1741
2277,1703
2227,1698
2132,1738
2020,1825
1875,1934
1731,2042
1611,2109
1541,2148
1553,2169
1619,2138
1749,2106
1900,2042
2067,1983
2190,1898
2277,1807
2295,1738
2272,1700
2217,1709
2128,1755
1991,1841
1854,1962
1711,2048
1598,2125
1542,2158
1553,2146
1636,2141
1765,2093
1924,2038
2080,1971
2204,1883
2284,1798
2296,1727
2264,1696
2208,1718
2108,1778
1978,1862
1832,1971
1698,2064
1584,2132
1535,2156
1564,2156
1652,2137
1782,2085
1945,2026
2098,1957
2221,1870
2285,1786
2294,1727
2262,1698
2194,1714
2089,1777
1958,1873
1813,1988
1677,2077
1568,2128
1543,2167
1575,2163
1661,2119
1800,2066
1967,2013
2118,1943
2241,1862
2289,1774
2293,1717
2254,1703
2178,1715
2068,1782
1941,1886
1798,2003
1667,2084
1566,2146
1531,2153
1579,2155
1688,2133
1836,2075
1994,2002
2138,1937
2237,1843
2286,1762
2282,1705
2240,1687
2161,1722
2056,1794
1915,1901
1768,2006
1637,2094
1556,2142
1546,2162
1591,2153
1705,2116
1851,2059
2015,1996
2161,1919
2250,1831
2290,1755
2280,1704
2234,1699
2148,1723
2035,1807
1894,1921
1750,2023
1621,2089
1539,2144
1538,2155
1601,2146
1723,2107
1875,2054
2036,1986
2170,1912
2258,1818
2302,1745
2278,1697
2217,1694
2133,1729
2021,1819
1873,1937
1735,2037
1606,2100
1544,2155
1551,2163
1620,2142
1740,2096
1892,2038
2060,1967
2183,1892
2270,1801
2298,1735
2267,1696
2211,1705
2121,1748
2003,1839
1860,1951
1715,2056
1597,2114
1549,2153
1564,2159
1637,2142
1766,2099
1921,2035
2086,1965
2204,1886
2276,1798
2294,1727
2262,1695
2203,1710
2109,1767
1974,1853
1835,1965
1696,2069
1590,2128
1543,2159
1566,2163
1654,2141
1788,2092
1952,2035
2105,1964
2220,1875
2287,1787
2294,1724
2261,1672
2192,1719
2092,1775
1960,1871
1815,1990
1682,2075
1574,2136
1543,2167
1576,2168
1678,2142
1811,2088
1973,2027
2133,1952
2234,1868
2292,1781
2294,1720
2258,1703
2180,1718
2079,1807
1940,1890
1797,2005
1663,2089
1570,2150
1539,2166
1585,2163
1689,2134
1830,2073
1997,2026
2150,1945
2249,1848
2291,1767
2292,1719
2243,1709
2172,1733
2059,1807
1927,1913
1772,2026
1651,2093
1562,2150
1550,2177
1595,2160
1716,2118
1859,2069
2029,2006
2160,1930
2257,1840
2300,1756
2286,1713
2234,1706
2157,1743
2046,1817
1900,1929
1758,2033
1629,2105
1554,2157
1548,2173
1610,2156
1725,2116
1877,2056
2042,1993
2177,1918
2256,1810
2297,1749
2279,1707
2234,1705
2136,1740
2019,1825
1876,1941
1734,2045
1614,2113
1545,2152
1553,2166
1617,2141
1752,2106
1897,2042
2066,1985
2193,1904
2276,1820
2294,1742
2274,1703
2213,1706
2124,1754
2011,1841
1857,1956
1715,2055
1597,2121
1545,2162
1556,2166
1641,2148
1767,2099
1926,2038
2085,1973
2207,1884
2282,1802
2295,1734
2272,1701
2202,1691
2117,1761
1985,1862
1836,1972
1697,2069
1586,2122
1540,2155
1563,2153
1656,2137
1788,2086
1949,2018
2094,1952
2219,1870
2286,1789
2296,1722
2257,1704
2189,1718
2097,1782
1962,1866
1808,1989
1682,2069
1582,2134
1539,2157
1577,2162
1662,2129
1806,2077
1966,2014
2122,1946
2232,1855
2288,1773
2294,1724
2253,1707
2184,1719
2076,1787
1942,1885
1793,2003
1666,2084
1573,2144
1544,2168
1588,2164
1691,2128
1830,2076
1996,2010
2142,1938
2246,1849
2297,1773
2293,1725
2247,1700
2168,1738
2066,1810
1918,1909
1779,2022
1645,2102
1562,2153
1546,2175
1601,2166
1715,2128
1860,2069
2024,2004
2164,1926
2258,1844
2297,1768
2286,1711
2236,1707
2157,1743
2038,1819
1900,1929
1759,2032
1628,2113
1559,2158
1552,2177
1616,2165
1730,2123
1877,2065
2044,2001
2176,1918
2270,1835
2295,1757
2286,1711
2229,1707
2148,1751
2027,1836
1883,1942
1736,2046
1618,2118
1546,2178
1559,2178
1633,2161
1753,2117
1907,2050
2070,1988
2196,1901
2275,1822
2304,1757
2279,1711
2227,1714
2132,1761
2016,1859
1864,1963
1732,2068
1612,2133
1544,2173
1564,2176
1645,2163
1766,2105
1930,2050
2092,1983
2217,1907
2294,1818
2309,1743
2271,1713
2211,1720
2117,1773
1989,1868
1843,1983
1700,2073
1593,2137
1545,2171
1570,2179
1657,2143
1809,2105
1941,2025
2108,1968
2222,1882
2288,1796
2297,1734
2267,1704
2197,1722
2093,1781
1957,1870
1819,1995
1687,2083
1579,2148
1532,2164
1585,2182
1668,2139
1817,2094
1978,2034
2124,1957
2234,1867
2292,1791
2293,1723
2255,1706
2180,1722
2080,1786
1942,1889
1801,2009
1665,2091
1573,2134
1544,2173
1587,2166
1689,2133
1832,2080
1998,2016
2155,1944
2245,1853
2297,1775
2296,1719
2246,1703
2173,1729
2063,1803
1926,1909
1780,2019
1649,2094
1560,2148
1545,2159
1596,2151
1710,2132
1853,2062
2024,2003
2164,1930
2262,1834
2304,1767
2293,1717
2239,1696
2156,1742
2050,1822
1901,1917
1766,2030
1619,2100
1553,2152
1546,2163
1605,2152
1727,2117
1874,2064
2043,1990
2172,1923
2277,1823
2303,1754
2287,1711
2228,1699
2143,1750
2025,1828
1883,1939
1741,2045
1618,2118
1553,2163
1559,2176
1626,2156
1746,2114
1902,2054
2065,1989
2192,1911
2281,1822
2299,1750
2279,1709
2219,1714
2130,1760
2013,1853
1864,1962
1724,2062
1614,2135
1547,2164
1568,2178
1640,2153
1774,2112
1929,2053
2084,1982
2211,1905
2292,1816
2301,1741
2269,1708
2210,1713
2118,1775
1991,1865
1853,1976
1703,2075
1598,2146
1549,2176
1579,2178
1659,2154
1790,2105
1954,2044
2103,1973
2229,1891
2289,1798
2308,1743
2270,1710
2204,1730
2103,1789
1975,1884
1831,2003
1691,2093
1580,2144
1549,2179
1583,2177
1670,2143
1816,2101
1978,2043
2128,1967
2243,1876
2299,1797
2299,1732
2260,1712
2192,1730
2082,1796
1948,1900
1806,2024
1670,2098
1576,2156
1552,2185
1596,2176
1699,2156
1838,2092
1998,2025
2153,1955
2252,1873
2302,1793
2301,1738
2256,1715
2177,1737
2072,1816
1931,1919
1788,2028
1656,2111
1569,2162
1559,2183
1600,2172
1712,2136
1860,2080
2019,2017
2165,1940
2260,1853
2301,1771
2292,1717
2244,1716
2158,1745
2048,1827
1913,1933
1764,2033
1635,2115
1554,2150
1558,2176
1620,2178
1726,2112
1881,2071
2042,2003
2185,1930
2271,1836
2301,1769
2295,1719
2227,1714
2147,1751
2029,1834
1889,1950
1741,2045
1620,2122
1557,2162
1553,2177
1628,2165
1743,2116
1904,2065
2061,1994
2192,1918
2278,1822
2299,1754
2279,1716
2221,1712
2134,1766
2009,1847
1868,1960
1725,2061
1606,2128
1551,2166
1566,2176
1643,2151
1767,2109
1929,2055
2083,1979
2208,1891
2279,1811
2304,1754
2276,1701
2212,1718
2120,1772
1989,1859
1856,1974
1705,2064
1599,2145
1544,2175
1572,2174
1650,2145
1790,2094
1947,2043
2103,1970
2225,1891
2284,1794
2305,1746
2264,1704
2200,1733
2102,1780
1971,1880
1828,1994
1684,2087
1585,2146
1547,2179
1583,2176
1673,2144
1818,2101
1981,2036
2127,1966
2237,1880
2294,1798
2298,1731
2262,1713
2190,1738
2093,1801
1956,1903
1809,2014
1673,2100
1576,2149
1550,2182
1594,2180
1691,2148
1837,2089
1997,2025
2147,1955
2248,1867
2299,1786
2297,1727
2254,1715
2179,1744
2068,1809
1934,1924
1786,2031
1656,2108
1571,2160
1551,2181
1608,2176
1709,2135
1865,2085
2024,2019
2174,1946
2264,1856
2310,1779
2299,1727
2248,1716
2167,1753
2051,1826
1917,1938
1765,2039
1644,2126
1568,2173
1557,2174
1617,2169
1729,2137
1882,2075
2042,2010
2185,1929
2268,1843
2304,1773
2292,1726
2233,1719
2155,1769
2033,1846
1892,1959
1758,2065
1607,2136
1558,2176
1561,2182
1633,2170
1755,2123
1903,2061
2078,2001
2201,1925
2283,1833
2309,1763
2281,1720
2231,1732
2133,1777
2019,1865
1870,1975
1731,2074
1614,2140
1555,2176
1566,2184
1639,2161
1770,2119
1928,2060
2089,1992
2215,1907
2282,1822
2309,1751
2281,1716
2217,1726
2130,1785
1994,1872
1855,1985
1702,2068
1603,2151
1549,2178
1572,2180
1640,2151
1793,2103
1953,2050
2104,1976
2227,1889
2290,1809
2300,1734
2276,1717
2202,1731
2109,1795
1977,1884
1831,2002
1696,2091
1590,2150
1550,2177
1586,2183
1675,2149
1815,2101
1966,2034
2122,1966
2239,1879
2294,1797
2302,1735
2263,1709
2193,1734
2090,1799
1955,1899
1807,2013
1673,2098
1576,2152
1549,2176
1592,2166
1691,2142
1831,2083
2001,2030
2142,1951
2250,1862
2301,1786
2296,1722
2259,1713
2184,1738
2083,1808
1934,1908
1791,2026
1659,2107
1575,2164
1553,2192
1609,2173
1709,2136
1859,2078
2017,2014
2166,1947
2256,1850
2300,1772
2293,1723
2245,1714
2164,1747
2059,1824
1915,1927
1772,2049
1644,2115
1566,2164
1557,2183
1617,2171
1731,2135
1882,2076
2052,2018
2186,1939
2268,1840
2314,1777
2287,1720
2246,1722
2157,1759
2038,1839
1893,1938
1755,2061
1630,2132
1560,2172
1565,2188
1636,2168
1749,2128
1904,2068
2067,2004
2201,1927
2279,1834
2306,1763
2285,1722
2228,1729
2139,1772
2018,1859
1879,1970
1733,2069
1621,2136
1558,2176
1577,2187
1646,2163
1775,2123
1931,2065
2092,1997
2217,1918
2287,1824
2313,1758
2277,1722
2224,1738
2120,1781
1999,1874
1853,1992
1722,2088
1607,2150
1555,2182
1580,2191
1660,2161
1791,2118
1961,2063
2109,1986
2229,1903
2291,1816
2308,1749
2275,1719
2209,1729
2105,1781
1988,1891
1835,2012
1697,2100
1594,2161
1554,2187
1581,2193
1680,2167
1825,2112
1988,2047
2133,1972
2240,1892
2303,1817
2308,1745
2268,1730
2195,1751
2089,1812
1960,1916
1814,2022
1680,2110
1587,2165
1554,2189
1598,2185
1696,2156
1840,2099
1999,2040
2149,1966
2249,1875
2306,1791
2303,1739
2260,1723
2182,1743
2075,1818
1939,1922
1794,2034
1661,2113
1578,2176
1554,2178
1617,2187
1706,2144
1858,2087
2024,2023
2164,1946
2261,1854
2305,1775
2294,1727
2246,1708
2171,1755
2060,1835
1922,1938
1773,2051
1644,2116
1569,2169
1561,2188
1619,2176
1725,2135
1884,2081
2042,2013
2185,1943
2270,1848
2310,1775
2288,1726
2240,1724
2157,1756
2036,1839
1898,1951
1754,2058
1631,2129
1561,2168
1565,2192
1634,2169
1748,2125
1903,2064
2064,2003
2199,1921
2289,1840
2307,1758
2280,1713
2228,1723
2141,1774
2019,1852
1878,1970
1731,2071
1612,2135
1554,2173
1559,2178
1641,2161
1766,2126
1928,2057
2091,2003
2216,1917
2291,1822
2308,1761
2283,1716
2217,1725
2129,1775
2000,1871
1858,1981
1716,2080
1604,2144
1556,2182
1580,2188
1661,2161
1793,2113
1954,2050
2113,1986
2228,1892
2300,1820
2313,1750
2272,1722
2211,1732
2106,1789
1978,1889
1836,2002
1705,2103
1592,2150
1561,2194
1593,2189
1676,2164
1813,2114
1980,2046
2134,1980
2242,1895
2300,1806
2311,1751
2270,1722
2201,1744
2098,1812
1962,1909
1817,2019
1688,2113
1585,2164
1561,2188
1598,2188
1695,2152
1832,2105
2003,2038
2155,1965
2250,1880
2311,1795
2304,1742
2268,1723
2190,1754
2082,1825
1943,1929
1798,2039
1666,2125
1574,2173
1569,2196
1613,2190
1722,2158
1862,2089
2028,2033
2165,1958
2268,1869
2310,1790
2298,1743
2253,1723
2171,1766
2064,1836
1925,1945
1781,2056
1639,2135
1569,2187
1563,2190
1616,2181
1733,2146
1879,2084
2041,2021
2181,1943
2275,1861
2315,1789
2290,1730
2250,1736
2161,1772
2046,1856
1901,1964
1758,2069
1634,2134
1566,2184
1564,2195
1636,2180
1755,2138
1906,2080
2071,2015
2203,1934
2282,1847
2311,1764
2290,1731
2237,1733
2156,1787
2025,1864
1877,1970
1744,2087
1615,2126
1569,2189
1577,2194
1642,2168
1771,2124
1931,2068
2096,2007
2223,1923
2283,1823
2308,1759
2280,1723
2224,1741
2127,1785
2007,1884
1859,1991
1713,2080
1604,2150
1560,2184
1576,2192
1664,2165
1793,2118
1952,2058
2112,1989
2227,1903
2297,1819
2318,1752
2273,1724
2209,1737
2113,1798
1986,1889
1841,2011
1710,2100
1596,2154
1559,2186
1584,2188
1675,2164
1814,2108
1979,2046
2129,1976
2238,1887
2306,1810
2312,1736
2269,1716
2198,1740
2092,1800
1958,1919
1819,2022
1678,2111
1587,2158
1555,2196
1599,2179
1697,2148
1837,2112
2003,2031
2145,1975
2255,1874
2308,1803
2310,1743
2266,1723
2188,1750
2081,1824
1942,1922
1801,2035
1666,2115
1572,2169
1562,2188
1610,2181
1715,2144
1859,2092
2027,2021
2171,1954
2264,1869
2309,1790
2302,1735
2252,1727
2176,1759
2061,1834
1922,1945
1782,2049
1648,2124
1572,2174
1564,2192
1624,2184
1735,2147
1881,2085
2046,2021
2185,1947
2282,1860
2311,1778
2298,1737
2250,1732
2161,1770
2046,1853
1904,1957
1758,2065
1639,2144
1572,2188
1571,2199
1639,2182
1755,2144
1908,2084
2076,2021
2205,1936
2289,1847
2313,1773
2293,1734
2234,1731
2148,1778
2023,1863
1881,1976
1743,2078
1623,2149
1570,2193
1575,2194
1655,2179
1775,2136
1932,2076
2098,2015
2222,1930
2290,1833
2318,1773
2293,1744
2236,1747
2140,1795
2005,1887
1867,2002
1725,2094
1615,2164
1564,2195
1584,2190
1668,2178
1797,2128
1954,2063
2115,1997
2234,1912
2303,1824
2311,1760
2284,1744
2216,1750
2113,1805
1996,1900
1846,2011
1705,2108
1597,2168
1561,2201
1591,2197
1681,2173
1821,2122
1976,2060
2132,1983
2248,1903
2305,1818
2312,1754
2270,1727
2205,1751
2102,1815
1969,1915
1820,2026
1692,2118
1590,2169
1558,2195
1604,2194
1710,2180
1850,2116
2002,2054
2151,1969
2255,1871
2306,1798
2306,1748
2263,1717
2190,1755
2084,1827
1943,1933
1800,2038
1669,2120
1577,2168
1565,2205
1612,2188
1716,2153
1859,2100
2020,2034
2167,1963
2264,1873
2309,1796
2300,1738
2257,1728
2177,1761
2068,1841
1923,1944
1790,2053
1649,2127
1574,2176
1563,2193
1626,2178
1733,2141
1879,2087
2040,2023
2186,1951
2276,1856
2309,1785
2294,1725
2249,1733
2165,1763
2043,1846
1903,1959
1758,2062
1634,2131
1567,2176
1576,2199
1638,2177
1752,2133
1906,2081
2077,2014
2203,1938
2298,1851
2313,1769
2293,1726
2243,1732
2154,1779
2027,1861
1885,1973
1746,2075
1627,2143
1565,2186
1577,2193
1648,2173
1779,2116
1932,2070
2091,2006
2215,1927
2291,1836
2318,1772
2289,1736
2226,1738
2135,1789
2009,1881
1865,1998
1721,2087
1615,2154
1567,2189
1576,2198
1669,2176
1796,2127
1960,2064
2125,2016
2231,1913
2299,1829
2315,1767
2291,1740
2216,1750
2125,1807
1986,1902
1842,2015
1711,2112
1603,2165
1563,2198
1597,2202
1678,2173
1817,2123
1983,2058
2133,1987
2253,1905
2306,1819
2311,1759
2280,1727
2199,1753
2106,1819
1967,1913
1829,2031
1688,2116
1594,2176
1562,2198
1605,2201
1704,2168
1846,2120
2001,2050
2159,1979
2259,1895
2311,1813
2312,1748
2267,1734
2192,1759
2089,1836
1952,1937
1807,2046
1675,2133
1587,2183
1567,2206
1611,2202
1721,2161
1867,2109
2025,2039
2178,1973
2274,1888
2315,1803
2310,1755
2255,1733
2182,1778
2075,1846
1936,1956
1792,2064
1662,2142
1581,2190
1574,2204
1621,2187
1736,2158
1887,2098
2052,2035
2187,1955
2279,1863
2319,1795
2298,1741
2252,1742
2170,1781
2049,1851
1906,1969
1765,2064
1641,2146
1570,2188
1569,2207
1629,2171
1754,2148
1907,2085
2074,2009
2207,1940
2285,1848
2319,1778
2302,1742
2240,1745
2152,1780
2036,1868
1886,1977
1745,2087
1629,2156
1571,2194
1570,2198
1655,2175
1771,2134
1930,2077
2089,2005
2217,1932
2301,1841
2312,1773
2293,1738
2230,1738
2137,1792
2011,1883
1868,1992
1725,2091
1614,2159
1566,2192
1583,2196
1667,2177
1795,2130
1951,2069
2117,1998
2236,1919
2304,1836
2312,1761
2289,1732
2214,1740
2127,1803
1995,1904
1844,2018
1711,2109
1603,2165
1568,2196
1594,2191
1681,2169
1809,2114
1980,2054
2143,1989
2246,1900
2309,1816
2309,1756
2281,1732
2206,1750
2109,1814
1976,1912
1829,2032
1694,2111
1596,2176
1565,2200
1600,2194
1697,2162
1844,2108
1999,2044
2153,1978
2258,1891
2313,1812
2310,1750
2269,1731
2197,1757
2088,1828
1954,1930
1808,2042
1686,2135
1576,2174
1569,2206
1610,2197
1714,2160
1870,2106
2028,2046
2171,1964
2273,1877
2313,1800
2308,1751
2264,1738
2183,1771
2072,1850
1934,1951
1787,2056
1661,2142
1580,2185
1572,2207
1627,2195
1737,2160
1890,2099
2051,2036
2191,1959
2284,1869
2314,1791
2310,1751
2255,1735
2169,1776
2053,1854
1916,1970
1771,2075
1649,2152
1577,2197
1576,2208
1641,2199
1756,2151
1912,2098
2072,2028
2206,1955
2293,1867
2318,1779
2303,1745
2243,1743
2154,1786
2034,1871
1891,1994
1751,2085
1632,2158
1571,2198
1570,2210
1658,2193
1769,2146
1938,2083
2107,2021
2225,1942
2302,1848
2318,1786
2306,1753
2238,1752
2140,1810
2017,1893
1874,2005
1737,2108
1624,2160
1561,2205
1586,2208
1661,2181
1798,2142
1957,2074
2118,2007
2238,1925
2305,1842
2317,1777
2284,1739
2221,1751
2123,1810
1998,1900
1857,2020
1713,2105
1609,2159
1562,2201
1596,2204
1684,2174
1817,2126
1983,2071
2133,1994
2252,1921
2301,1824
2306,1758
2275,1731
2208,1750
2118,1821
1970,1919
1818,2032
1691,2119
1590,2172
1569,2207
1602,2206
1700,2173
1842,2120
2005,2054
2154,1981
2262,1893
2310,1806
2315,1744
2266,1730
2197,1761
2087,1828
1957,1928
1804,2040
1674,2130
1590,2180
1566,2205
1617,2197
1715,2163
1865,2106
2025,2043
2174,1968
2271,1885
2316,1799
2308,1744
2261,1732
2185,1770
2074,1843
1935,1950
1785,2051
1661,2128
1584,2179
1575,2208
1624,2193
1737,2148
1888,2097
2055,2032
2188,1957
2286,1866
2323,1796
2306,1744
2252,1739
2169,1775
2061,1856
1910,1964
1777,2069
1643,2149
1575,2187
1572,2213
1639,2189
1754,2156
1909,2090
2071,2021
2208,1945
2289,1854
2317,1783
2300,1736
2245,1741
2160,1789
2039,1880
1895,1985
1753,2088
1634,2155
1571,2202
1582,2209
1653,2186
1777,2151
1933,2080
2093,2019
2225,1939
2297,1843
2322,1778
2294,1744
2232,1747
2143,1805
2018,1884
1877,2005
1730,2104
1623,2167
1569,2206
1591,2209
1673,2185
1802,2138
1959,2082
2117,2007
2241,1925
2307,1836
2324,1777
2286,1743
2227,1759
2130,1811
1999,1905
1855,2023
1718,2112
1615,2176
1565,2209
1602,2207
1685,2184
1824,2135
1982,2074
2139,2004
2249,1915
2308,1827
2324,1770
2287,1738
2213,1761
2110,1831
1985,1926
1842,2045
1704,2130
1606,2186
1566,2208
1607,2206
1709,2173
1845,2126
2016,2064
2156,1992
2261,1899
2314,1810
2315,1760
2271,1739
2200,1774
2098,1830
1957,1944
1816,2062
1677,2142
1588,2192
1569,2210
1633,2214
1719,2170
1871,2117
2031,2052
2176,1980
2272,1891
2320,1810
2315,1755
2272,1746
2189,1774
2071,1845
1941,1958
1794,2072
1667,2148
1580,2188
1573,2206
1636,2209
1743,2164
1884,2088
2053,2039
2192,1965
2279,1886
2315,1800
2305,1749
2256,1741
2170,1776
2057,1861
1907,1972
1767,2074
1649,2158
1575,2200
1572,2210
1640,2194
1752,2144
1915,2094
2073,2029
2204,1950
2291,1858
2322,1790
2301,1744
2248,1744
2160,1794
2037,1874
1894,1993
1749,2092
1636,2158
1569,2196
1585,2205
1651,2189
1784,2145
1934,2082
2098,2019
2231,1933
2301,1844
2322,1783
2292,1740
2241,1753
2139,1795
2019,1890
1883,2015
1735,2097
1617,2165
1573,2199
1590,2210
1673,2181
1803,2135
1957,2070
2113,2005
2237,1931
2304,1839
2321,1779
2285,1739
2215,1744
2117,1807
2000,1900
1856,2005
1715,2106
1618,2173
1568,2207
1597,2196
1685,2186
1823,2126
1985,2065
2135,1995
2251,1911
2311,1833
2320,1764
2281,1743
2213,1775
2112,1824
1974,1923
1833,2036
1694,2123
1601,2177
1565,2207
1610,2204
1704,2174
1852,2125
2007,2059
2156,1983
2262,1900
2320,1823
2314,1765
2271,1742
2204,1773
2095,1839
1959,1942
1819,2056
1683,2136
1600,2188
1575,2210
1625,2208
1724,2174
1869,2113
2029,2054
2183,1983
2276,1894
2320,1810
2317,1760
2266,1748
2187,1774
2078,1854
1943,1957
1796,2070
1663,2144
1584,2197
1577,2216
1635,2206
1741,2166
1884,2106
2059,2045
2199,1971
2289,1881
2325,1807
2309,1759
2258,1738
2170,1786
2065,1869
1919,1980
1778,2085
1649,2157
1580,2198
1580,2217
1640,2202
1760,2169
1911,2106
2076,2036
2209,1955
2293,1869
2332,1808
2304,1757
2254,1756
2163,1790
2044,1882
1899,1993
1759,2105
1643,2166
1579,2205
1588,2220
1658,2183
1778,2155
1938,2093
2100,2027
2227,1950
2307,1859
2327,1788
2299,1753
2245,1763
2144,1807
2020,1899
1884,2020
1733,2099
1631,2184
1566,2205
1594,2219
1673,2200
1801,2145
1968,2082
2118,2013
2239,1931
2308,1847
2328,1775
2290,1752
2229,1752
2128,1821
2006,1919
1857,2027
1716,2112
1613,2180
1568,2206
1598,2209
1685,2182
1827,2132
1983,2076
2140,2001
2251,1917
2313,1828
2318,1764
2282,1741
2215,1763
2106,1824
1980,1922
1831,2036
1700,2128
1602,2179
1569,2206
1611,2202
1707,2177
1845,2125
2006,2059
2158,1989
2264,1905
2323,1827
2319,1766
2274,1736
2202,1771
2092,1836
1959,1942
1823,2055
1685,2130
1590,2179
1575,2208
1614,2194
1720,2166
1867,2106
2035,2050
2181,1975
2272,1882
2319,1804
2309,1754
2271,1738
2188,1772
2086,1845
1940,1954
1797,2067
1661,2143
1580,2192
1571,2205
1631,2190
1738,2158
1888,2099
2047,2042
2196,1970
2280,1876
2318,1799
2306,1747
2256,1746
2176,1784
2059,1863
1921,1977
1778,2080
1650,2154
1584,2200
1583,2212
1645,2199
1760,2160
1916,2097
2075,2034
2218,1958
2300,1870
2328,1794
2305,1753
2248,1753
2165,1795
2041,1880
1897,1997
1757,2099
1640,2168
1576,2204
1588,2217
1665,2194
1790,2150
1942,2093
2103,2029
2230,1941
2307,1861
2329,1787
2301,1751
2248,1760
2142,1803
2027,1898
1881,2012
1741,2106
1624,2174
1574,2210
1591,2219
1675,2197
1809,2151
1964,2087
2124,2021
2239,1931
2315,1853
2324,1783
2297,1746
2236,1770
2134,1815
2007,1909
1864,2040
1719,2131
1612,2182
1574,2220
1603,2221
1695,2197
1829,2137
1992,2077
2139,2008
2253,1922
2313,1841
2322,1781
2289,1756
2219,1770
2112,1832
1988,1929
1840,2052
1709,2130
1600,2192
1571,2219
1619,2219
1705,2184
1847,2126
2012,2069
2155,1999
2269,1907
2322,1831
2323,1770
2281,1749
2209,1780
2104,1844
1959,1947
1819,2062
1683,2134
1586,2194
1575,2230
1615,2210
1725,2169
1877,2131
2020,2051
2178,1982
2278,1896
2323,1812
2313,1762
2272,1748
2196,1785
2077,1850
1947,1968
1794,2076
1666,2155
1586,2202
1571,2217
1633,2213
1739,2165
1899,2111
2052,2036
2197,1974
2286,1880
2325,1801
2314,1758
2262,1739
2177,1787
2063,1868
1919,1970
1777,2082
1648,2158
1579,2199
1580,2215
1647,2199
1766,2160
1917,2097
2080,2040
2211,1954
2300,1868
2325,1793
2305,1755
2249,1750
2161,1794
2046,1885
1903,1989
1759,2092
1640,2167
1575,2203
1581,2205
1654,2186
1782,2154
1937,2087
2106,2036
2226,1939
2300,1851
2323,1786
2308,1750
2248,1764
2146,1802
2027,1901
1882,2008
1741,2101
1625,2165
1578,2206
1592,2218
1669,2194
1800,2141
1960,2076
2114,2017
2243,1929
2313,1845
2324,1777
2293,1745
2227,1761
2133,1820
2008,1912
1864,2027
1722,2123
1619,2184
1576,2216
1605,2215
1705,2196
1825,2140
1988,2078
2152,2021
2259,1922
2318,1831
2327,1775
2287,1743
2219,1768
2116,1826
1989,1929
1845,2049
1709,2135
1613,2192
1574,2217
1618,2220
1713,2188
1850,2134
2011,2069
2165,2002
2273,1911
2323,1830
2325,1771
2289,1740
2207,1775
2105,1847
1967,1953
1817,2060
1684,2151
1602,2196
1580,2225
1627,2213
1731,2183
1869,2124
2038,2067
2177,1986
2287,1902
2327,1818
2321,1778
2279,1752
2198,1787
2087,1856
1952,1965
1803,2077
1669,2155
1591,2199
1578,2226
1630,2206
1751,2167
1898,2118
2052,2059
2206,1979
2289,1892
2329,1813
2317,1768
2258,1757
2189,1801
2073,1878
1932,1986
1784,2094
1660,2163
1579,2208
1582,2224
1641,2205
1762,2163
1917,2108
2080,2051
2213,1966
2299,1884
2331,1801
2312,1763
2256,1764
2168,1796
2050,1889
1907,2000
1764,2099
1646,2173
1585,2214
1590,2225
1657,2205
1779,2164
1939,2101
2103,2045
2245,1966
2317,1877
2316,1780
2310,1764
2247,1768
2153,1809
2030,1896
1883,2021
1739,2103
1626,2165
1572,2212
1595,2213
1676,2195
1802,2151
1960,2084
2129,2026
2237,1935
2316,1854
2311,1780
2298,1752
2234,1761
2141,1822
2007,1910
1862,2029
1721,2122
1616,2178
1575,2214
1602,2217
1692,2191
1826,2139
1983,2078
2138,2009
2257,1922
2314,1839
2327,1779
2288,1738
2217,1770
2119,1828
1988,1928
1845,2039
1700,2124
1608,2183
1575,2212
1615,2215
1710,2181
1849,2118
2012,2073
2158,1996
2264,1904
2323,1826
2323,1766
2284,1750
2209,1778
2099,1837
1968,1943
1823,2061
1694,2142
1611,2191
1581,2222
1624,2213
1732,2181
1868,2128
2034,2056
2179,1986
2280,1895
2330,1821
2319,1763
2272,1754
2195,1784
2086,1854
1949,1967
1809,2073
1675,2147
1601,2199
1580,2217
1643,2210
1744,2169
1890,2115
2054,2050
2194,1974
2295,1893
2330,1812
2319,1767
2271,1754
2188,1791
2069,1871
1930,1978
1787,2088
1661,2163
1590,2212
1589,2227
1645,2210
1763,2166
1918,2107
2077,2042
2214,1962
2303,1877
2329,1800
2311,1764
2254,1760
2174,1805
2055,1890
1905,1999
1769,2108
1646,2169
1588,2212
1592,2222
1668,2209
1782,2158
1945,2102
2102,2038
2237,1959
2309,1871
2335,1802
2308,1763
2248,1768
2164,1816
2035,1910
1890,2017
1746,2122
1636,2177
1587,2224
1599,2226
1674,2205
1816,2165
1959,2097
2124,2031
2246,1952
2321,1861
2339,1801
2298,1764
2234,1767
2143,1824
2008,1921
1869,2045
1727,2128
1623,2188
1577,2220
1604,2225
1700,2203
1830,2142
1995,2079
2141,2015
2259,1935
2328,1853
2330,1785
2298,1759
2224,1780
2126,1842
1995,1934
1844,2057
1708,2141
1610,2194
1574,2221
1624,2225
1704,2188
1855,2148
2010,2072
2162,2003
2276,1914
2332,1836
2324,1772
2283,1750
2216,1781
2107,1841
1971,1948
1820,2056
1692,2143
1602,2192
1577,2221
1625,2210
1727,2177
1866,2125
2042,2067
2175,1991
2282,1897
2327,1824
2319,1775
2272,1753
2197,1784
2081,1853
1946,1960
1808,2080
1667,2154
1594,2203
1582,2218
1637,2216
1747,2178
1899,2117
2064,2062
2200,1980
2296,1896
2331,1811
2320,1763
2268,1751
2189,1795
2070,1872
1933,1979
1779,2081
1657,2164
1584,2207
1585,2224
1645,2205
1762,2162
1917,2106
2076,2045
2211,1966
2306,1877
2326,1798
2317,1764
2257,1763
2169,1798
2054,1889
1922,1992
1756,2090
1650,2168
1579,2210
1590,2214
1657,2198
1776,2157
1939,2093
2090,2035
2231,1949
2306,1863
2329,1791
2309,1752
2251,1766
2161,1814
2035,1894
1896,2015
1749,2115
1634,2179
1583,2220
1602,2226
1680,2198
1808,2155
1963,2088
2118,2021
2244,1939
2314,1853
2327,1794
2301,1758
2235,1768
2143,1828
2007,1901
1875,2033
1732,2127
1632,2185
1583,2224
1607,2226
1693,2195
1825,2148
1994,2085
2144,2013
2263,1934
2321,1851
2327,1786
2298,1757
2229,1775
2131,1837
1998,1936
1857,2054
1710,2138
1619,2197
1579,2225
1619,2222
1708,2193
1854,2139
2014,2083
2170,2008
2277,1925
2326,1836
2334,1784
2286,1759
2224,1787
2107,1852
1979,1951
1830,2072
1693,2143
1601,2200
1580,2225
1624,2214
1729,2186
1879,2140
2036,2073
2179,1995
2285,1917
2330,1825
2332,1781
2285,1759
2201,1788
2095,1871
1957,1974
1817,2080
1682,2165
1601,2208
1585,2228
1640,2216
1738,2180
1897,2130
2064,2065
2198,1996
2296,1903
2334,1829
2324,1771
2272,1767
2193,1801
2074,1878
1939,1989
1792,2093
1665,2169
1593,2214
1590,2233
1673,2217
1763,2173
1917,2117
2078,2052
2218,1973
2303,1880
2332,1805
2320,1767
2261,1758
2172,1791
2054,1888
1915,1997
1763,2095
1651,2176
1579,2212
1591,2219
1666,2210
1791,2169
1935,2098
2101,2039
2235,1963
2304,1865
2332,1796
2303,1753
2249,1759
2162,1817
2032,1903
1889,2015
1750,2112
1639,2179
1578,2218
1601,2223
1677,2203
1806,2152
1965,2093
2118,2027
2249,1944
2312,1853
2336,1791
2300,1758
2244,1772
2144,1824
2017,1916
1875,2033
1723,2121
1622,2180
1578,2212
1601,2221
1689,2188
1829,2149
1988,2087
2145,2017
2262,1931
2321,1850
2329,1785
2301,1758
2229,1780
2137,1835
1999,1928
1855,2045
1717,2135
1613,2191
1581,2216
1611,2218
1707,2189
1847,2140
2006,2072
2161,2001
2274,1917
2323,1835
2333,1773
2294,1758
2219,1781
2112,1844
1980,1946
1834,2064
1699,2144
1603,2197
1583,2223
1630,2221
1730,2186
1873,2134
2031,2067
2184,1999
2284,1905
2332,1828
2330,1773
2283,1761
2205,1791
2094,1865
1959,1975
1821,2087
1686,2158
1627,2206
1588,2227
1641,2217
1746,2183
1901,2131
2061,2068
2206,1990
2293,1899
2335,1818
2323,1772
2270,1764
2196,1803
2077,1880
1936,1989
1798,2096
1669,2172
1594,2213
1588,2231
1650,2214
1768,2179
1918,2117
2082,2059
2221,1981
2299,1893
2341,1817
2316,1767
2270,1769
2182,1811
2064,1894
1922,2009
1774,2103
1652,2178
1589,2222
1591,2232
1665,2219
1786,2165
1941,2114
2105,2042
2232,1963
2317,1883
2343,1811
2321,1771
2256,1773
2173,1822
2041,1903
1898,2026
1757,2122
1642,2191
1582,2224
1600,2232
1679,2204
1808,2161
1965,2098
2125,2029
2248,1952
2316,1870
2334,1799
2312,1771
2244,1774
2144,1831
2024,1925
1879,2043
1732,2131
1629,2192
1583,2229
1610,2231
1698,2211
1823,2158
1986,2092
2142,2025
2260,1937
2322,1856
2336,1789
2306,1768
2223,1775
2135,1839
2002,1940
1859,2047
1712,2132
1619,2192
1580,2226
1618,2228
1716,2192
1858,2154
2018,2088
2162,2009
2281,1932
2336,1843
2328,1781
2295,1760
2216,1782
2106,1845
1980,1945
1834,2062
1699,2144
1609,2201
1583,2225
1623,2224
1728,2189
1872,2137
2032,2068
2184,1999
2277,1907
2334,1827
2323,1777
2287,1759
2205,1789
2097,1858
1964,1967
1811,2074
1683,2157
1597,2206
1586,2221
1642,2222
1747,2185
1893,2117
2056,2060
2194,1987
2297,1897
2325,1820
2327,1773
2277,1762
2199,1800
2078,1872
1945,1987
1795,2092
1673,2171
1600,2205
1585,2226
1651,2213
1761,2178
1913,2115
2071,2040
2216,1967
2297,1884
2328,1802
2313,1762
2264,1756
2185,1797
2059,1889
1919,1996
1775,2102
1657,2174
1588,2215
1596,2227
1671,2211
1788,2167
1943,2110
2102,2048
2230,1962
2311,1875
2340,1804
2315,1769
2256,1770
2173,1817
2041,1905
1905,2015
1761,2119
1649,2182
1591,2222
1607,2229
1679,2212
1813,2165
1967,2104
2131,2041
2252,1954
2322,1868
2345,1798
2305,1768
2243,1773
2148,1826
2021,1921
1876,2037
1737,2134
1629,2188
1584,2228
1610,2230
1696,2206
1832,2159
1986,2092
2148,2028
2261,1942
2330,1861
2336,1793
2309,1772
2238,1786
2138,1861
2010,1944
1862,2053
1721,2146
1625,2200
1584,2231
1620,2228
1708,2202
1848,2144
2018,2093
2164,2014
2279,1935
2355,1853
2342,1787
2296,1763
2228,1793
2118,1855
1988,1956
1841,2071
1701,2157
1608,2209
1585,2239
1623,2232
1736,2197
1879,2145
2034,2071
2179,1999
2286,1919
2340,1840
2340,1793
2298,1779
2212,1804
2102,1874
1963,1978
1823,2091
1688,2167
1603,2214
1591,2237
1640,2228
1751,2199
1898,2143
2062,2071
2195,1989
2290,1904
2328,1816
2337,1778
2279,1764
2198,1800
2082,1880
1943,1987
1791,2085
1664,2162
1593,2211
1588,2237
1648,2217
1768,2182
1917,2123
2083,2051
2213,1976
2308,1894
2340,1815
2314,1762
2262,1764
2186,1819
2059,1893
1922,2000
1781,2106
1655,2178
1589,2214
1598,2232
1664,2214
1790,2171
1939,2108
2107,2049
2231,1964
2315,1878
2342,1809
2316,1765
2262,1768
2167,1814
2050,1905
1897,2015
1762,2115
1643,2177
1587,2220
1604,2229
1680,2212
1809,2162
1957,2095
2125,2036
2247,1954
2321,1865
2334,1798
2309,1759
2239,1775
2159,1830
2023,1914
1887,2043
1737,2126
1629,2181
1583,2229
1618,2228
1697,2212
1825,2158
1992,2100
2149,2031
2267,1940
2324,1856
2338,1788
2300,1772
2241,1773
2138,1841
2004,1933
1866,2052
1722,2135
1624,2198
1584,2225
1621,2228
1714,2198
1853,2150
2013,2084
2158,2012
2274,1930
2332,1853
2341,1781
2292,1763
2231,1792
2120,1854
1989,1951
1843,2071
1710,2153
1611,2211
1588,2229
1635,2228
1735,2197
1876,2145
2039,2077
2186,2003
2290,1918
2346,1844
2330,1782
2291,1767
2215,1797
2106,1868
1971,1975
1826,2089
1693,2166
1608,2217
1593,2232
1641,2222
1755,2189
1895,2127
2066,2079
2202,1998
2301,1911
2344,1829
2332,1779
2278,1775
2200,1804
2088,1885
1947,1992
1808,2101
1678,2178
1604,2226
1594,2237
1653,2222
1768,2182
1924,2131
2085,2061
2219,1993
2303,1892
2338,1825
2329,1778
2273,1777
2185,1814
2064,1901
1929,2015
1783,2123
1668,2189
1596,2222
1603,2241
1666,2228
1797,2181
1941,2121
2105,2049
2239,1973
2323,1886
2345,1814
2321,1773
2262,1774
2178,1826
2050,1915
1902,2019
1768,2131
1651,2194
1589,2231
1607,2237
1684,2219
1812,2169
1969,2108
2124,2040
2251,1960
2323,1873
2341,1805
2310,1770
2250,1778
2153,1832
2030,1923
1889,2051
1744,2131
1635,2198
1581,2231
1614,2225
1698,2210
1832,2157
1986,2099
2148,2025
2272,1950
2331,1861
2333,1787
2301,1767
2245,1801
2139,1847
1999,1936
1860,2054
1722,2140
1622,2200
1585,2228
1616,2226
1714,2203
1851,2148
2010,2086
2163,2018
2273,1929
2332,1851
2338,1791
2297,1762
2224,1785
2124,1851
1989,1952
1843,2067
1705,2152
1611,2203
1584,2227
1629,2229
1729,2192
1871,2133
2035,2080
2184,2007
2282,1910
2335,1833
2334,1774
2297,1761
2211,1798
2101,1860
1965,1969
1827,2082
1688,2162
1608,2211
1601,2234
1645,2222
1750,2194
1899,2130
2058,2068
2207,1999
2302,1911
2347,1827
2334,1782
2283,1770
2199,1796
2086,1881
1950,1983
1800,2097
1676,2170
1603,2218
1596,2234
1661,2222
1770,2179
1916,2120
2084,2057
2219,1978
2311,1894
2344,1817
2331,1778
2271,1771
2193,1819
2076,1903
1919,1988
1785,2103
1665,2183
1596,2225
1602,2238
1668,2218
1792,2182
1940,2121
2103,2055
2235,1976
2316,1887
2344,1808
2321,1773
2263,1775
2177,1825
2054,1909
1909,2026
1770,2129
1652,2193
1590,2226
1606,2235
1687,2219
1813,2171
1971,2112
2131,2046
2252,1961
2329,1875
2345,1802
2317,1773
2249,1776
2162,1834
2035,1928
1888,2042
1751,2137
1640,2197
1593,2235
1617,2235
1693,2206
1830,2166
1988,2100
2150,2030
2270,1956
2334,1868
2352,1807
2312,1775
2243,1789
2144,1853
2020,1949
1875,2055
1729,2149
1628,2201
1584,2231
1622,2237
1710,2205
1851,2152
2014,2095
2164,2029
2277,1941
2333,1857
2340,1794
2302,1775
2236,1794
2134,1865
1989,1957
1851,2078
1708,2167
1618,2212
1586,2239
1629,2236
1734,2205
1872,2150
2037,2086
2181,2013
2287,1922
2338,1840
2330,1778
2297,1772
2222,1809
2113,1874
1971,1971
1837,2098
1699,2185
1610,2223
1586,2227
1644,2221
1750,2190
1897,2132
2053,2070
2204,2001
2301,1901
2346,1837
2330,1779
2293,1775
2195,1797
2093,1882
1946,1979
1806,2092
1677,2170
1601,2219
1594,2233
1657,2224
1770,2180
1914,2126
2088,2064
2216,1986
2306,1901
2342,1818
2330,1781
2273,1766
2193,1811
2075,1889
1932,2003
1787,2109
1663,2179
1596,2223
1594,2230
1662,2221
1794,2179
1935,2112
2100,2049
2232,1967
2314,1882
2344,1817
2324,1769
2267,1771
2174,1827
2049,1902
1904,2014
1766,2123
1650,2184
1587,2229
1608,2234
1680,2206
1803,2167
1962,2102
2130,2045
2251,1956
2320,1869
2332,1806
2317,1768
2248,1777
2160,1833
2028,1922
1887,2030
1750,2132
1644,2189
1596,2226
1613,2231
1700,2208
1828,2159
1990,2103
2148,2034
2271,1946
2325,1853
2346,1799
2308,1771
2245,1782
2153,1842
2016,1940
1875,2058
1734,2142
1631,2201
1594,2232
1624,2234
1715,2203
1857,2155
2015,2087
2171,2024
2284,1939
2339,1858
2344,1794
2304,1770
2232,1793
2130,1855
1996,1960
1854,2073
1713,2157
1623,2211
1589,2237
1636,2236
1736,2204
1874,2147
2041,2086
2186,2017
2295,1925
2338,1842
2345,1791
2297,1774
2226,1805
2112,1874
1980,1980
1834,2090
1694,2170
1614,2219
1594,2241
1648,2235
1751,2193
1895,2141
2063,2075
2203,2000
2295,1916
2346,1835
2333,1785
2288,1769
2213,1808
2094,1885
1955,1990
1818,2109
1682,2173
1613,2233
1596,2243
1663,2236
1768,2185
1921,2133
2075,2064
2222,1997
2309,1901
2348,1824
2337,1785
2279,1797
2195,1815
2074,1910
1935,2009
1784,2113
1672,2192
1610,2232
1605,2241
1675,2234
1793,2186
1947,2125
2105,2059
2236,1979
2325,1897
2348,1810
2324,1778
2269,1780
2181,1826