2048,943
2932,1914
3007,1961
3030,1997
3035,2027
2985,2056
2914,2083
2824,2112
2709,2145
2578,2183
2423,2228
2269,2272
2108,2307
1944,2333
1783,2350
1623,2363
1471,2367
1342,2364
1222,2359
1123,2348
1039,2341
974,2323
941,2297
939,2264
960,2228
1002,2192
1062,2147
1140,2103
1241,2061
1364,2013
1505,1972
1650,1931
1803,1899
1953,1861
2115,1830
2278,1812
2430,1803
2569,1812
2695,1830
2804,1858
2900,1896
2969,1930
3010,1966
3031,1998
3016,2028
2959,2043
2880,2066
2795,2094
2671,2131
2527,2173
2376,2213
2233,2248
2058,2280
1898,2304
1737,2320
1580,2326
1435,2328
1304,2322
1193,2314
1102,2299
1035,2292
983,2276
954,2251
950,2219
980,2184
1028,2145
1093,2100
1180,2057
1285,2009
1417,1970
1553,1929
1711,1894
1871,1865
2017,1831
2179,1807
2329,1793
2479,1789
2615,1804
2735,1830
2835,1855
2924,1896
2981,1933
3021,1972
3035,2009
2996,2049
2927,2069
2837,2094
2744,2126
2617,2163
2475,2201
2321,2247
2163,2280
1997,2312
1837,2336
1673,2349
1519,2359
1377,2360
1254,2354
1148,2343
1060,2324
993,2308
956,2287
937,2263
938,2232
974,2198
1030,2155
1101,2114
1195,2069
1318,2018
1457,1971
1589,1927
1738,1889
1892,1862
2054,1834
2216,1814
2368,1805
2509,1806
2645,1821
2765,1842
2868,1871
2949,1903
3007,1936
3026,1966
3027,2003
2978,2030
2913,2060
2823,2078
2710,2112
2578,2147
2432,2184
2277,2221
2116,2250
1955,2282
1793,2307
1624,2314
1473,2326
1345,2327
1223,2317
1125,2305
1041,2288
986,2272
956,2246
927,2220
961,2188
1002,2153
1057,2122
1124,2067
1221,2028
1358,1979
1496,1931
1644,1894
1799,1850
1953,1824
2112,1803
2268,1791
2418,1791
2555,1796
2684,1822
2794,1845
2880,1871
2953,1906
3006,1942
3026,1973
3013,2007
2954,2039
2880,2075
2785,2106
2664,2142
2527,2183
2375,2224
2218,2254
2067,2280
1909,2308
1745,2333
1583,2346
1433,2352
1300,2354
1185,2343
1090,2332
1015,2312
968,2288
940,2262
930,2231
960,2196
1015,2162
1081,2130
1154,2087
1257,2042
1379,2001
1523,1952
1677,1909
1828,1873
1985,1840
2145,1810
2304,1798
2453,1798
2593,1811
2716,1836
2813,1856
2902,1887
2970,1917
3011,1948
3030,1981
3000,2007
2939,2035
2862,2065
2758,2101
2618,2132
2471,2176
2325,2216
2177,2243
2017,2266
1855,2284
1697,2301
1545,2312
1401,2312
1274,2313
1155,2306
1066,2291
1000,2277
953,2260
946,2236
946,2204
978,2164
1032,2128
1100,2088
1194,2043
1306,1999
1432,1957
1573,1913
1723,1871
1881,1837
2061,1803
2213,1786
2368,1773
2504,1771
2634,1793
2749,1823
2849,1859
2928,1895
2980,1929
3012,1955
3026,1994
2982,2022
2914,2054
2834,2087
2733,2120
2591,2157
2438,2198
2283,2240
2122,2271
1957,2300
1796,2321
1638,2336
1492,2344
1352,2350
1230,2344
1129,2332
1036,2321
975,2307
940,2277
929,2250
940,2216
983,2178
1038,2135
1113,2096
1213,2050
1334,2004
1468,1963
1613,1922
1762,1884
1907,1850
2062,1821
2234,1806
2390,1787
2535,1799
2665,1814
2778,1840
2874,1874
2947,1907
2994,1941
3016,1975
3010,2003
2955,2021
2880,2046
2792,2078
2679,2110
2546,2152
2394,2191
2236,2228
2079,2258
1913,2281
1750,2300
1593,2312
1446,2312
1306,2311
1202,2299
1114,2293
1035,2281
974,2263
945,2237
934,2206
959,2173
1003,2136
1070,2097
1148,2055
1253,2007
1379,1961
1525,1916
1679,1880
1839,1848
1983,1817
2136,1784
2294,1777
2443,1769
2578,1785
2704,1804
2812,1837
2899,1871
2969,1908
3013,1942
3027,1981
3003,2011
2934,2043
2856,2074
2757,2102
2632,2144
2491,2187
2344,2224
2189,2259
2021,2289
1858,2310
1693,2332
1529,2345
1393,2346
1270,2343
1156,2333
1065,2319
1006,2306
953,2280
938,2256
931,2223
960,2190
1006,2151
1078,2110
1163,2069
1284,2025
1416,1981
1553,1931
1707,1895
1861,1856
2021,1826
2183,1805
2333,1794
2477,1793
2612,1807
2731,1829
2837,1862
2926,1893
2989,1923
3012,1954
3025,1985
2984,2018
2917,2043
2832,2070
2722,2105
2592,2139
2446,2171
2291,2211
2141,2245
1977,2270
1820,2288
1659,2299
1500,2309
1360,2313
1238,2309
1132,2301
1046,2287
988,2270
949,2245
940,2215
951,2187
993,2150
1046,2119
1115,2076
1206,2025
1333,1978
1466,1934
1613,1890
1760,1857
1917,1818
2102,1795
2241,1774
2395,1769
2535,1779
2661,1801
2765,1832
2854,1862
2942,1897
2991,1931
3015,1965
3014,1995
2960,2025
2889,2054
2796,2086
2675,2124
2531,2163
2383,2206
2231,2239
2075,2271
1912,2301
1752,2325
1596,2337
1448,2344
1317,2344
1194,2340
1097,2331
1017,2314
962,2291
936,2270
924,2231
950,2194
1005,2158
1064,2124
1139,2075
1241,2031
1363,1991
1507,1943
1650,1903
1803,1863
1960,1839
2119,1809
2284,1793
2426,1787
2576,1793
2700,1821
2803,1845
2891,1875
2957,1911
2998,1946
3018,1975
3002,2002
2942,2028
2859,2057
2758,2082
2645,2124
2504,2166
2345,2205
2194,2235
2030,2260
1867,2288
1707,2302
1551,2305
1409,2315
1280,2310
1165,2304
1073,2287
998,2269
947,2254
936,2232
937,2199
970,2163
1017,2123
1086,2084
1174,2043
1284,1999
1414,1953
1555,1906
1710,1868
1861,1834
2022,1805
2182,1785
2341,1767
2478,1769
2612,1789
2732,1815
2837,1844
2918,1881
2974,1915
3007,1946
3018,1983
2984,2017
2923,2047
2847,2075
2736,2103
2599,2139
2448,2185
2295,2231
2137,2260
1978,2289
1812,2313
1655,2320
1499,2335
1361,2341
1243,2334
1137,2326
1049,2309
983,2293
944,2274
930,2248
934,2217
975,2177
1030,2142
1102,2100
1196,2050
1315,2006
1449,1960
1590,1918
1742,1887
1886,1849
2051,1816
2218,1797
2373,1791
2517,1798
2646,1812
2759,1837
2861,1870
2933,1901
2983,1938
3004,1971
3011,2000
2955,2030
2880,2049
2801,2073
2689,2107
2553,2144
2407,2179
2246,2227
2088,2245
1926,2279
1768,2297
1610,2309
1460,2311
1319,2305
1207,2296
1120,2289
1030,2278
973,2258
945,2235
929,2208
950,2176
998,2136
1057,2101
1136,2054
1237,2005
1359,1961
1507,1911
1663,1870
1816,1845
1965,1810
2115,1790
2265,1773
2425,1772
2564,1780
2691,1799
2805,1824
2891,1859
2959,1894
2994,1930
3030,1965
3011,1983
2943,2026
2866,2060
2767,2094
2648,2131
2509,2170
2357,2210
2206,2267
2039,2276
1873,2304
1700,2322
1533,2338
1407,2345
1284,2337
1169,2330
1075,2316
1002,2299
957,2280
935,2256
926,2225
954,2196
1001,2152
1061,2118
1149,2071
1267,2030
1397,1982
1540,1935
1692,1894
1840,1857
2000,1829
2160,1803
2312,1791
2452,1791
2592,1803
2714,1829
2825,1857
2920,1895
2978,1922
3002,1951
3021,1986
2985,2012
2922,2043
2840,2072
2722,2101
2600,2135
2463,2169
2312,2210
2160,2242
2001,2269
1842,2284
1671,2293
1515,2307
1372,2310
1247,2307
1138,2299
1053,2287
993,2267
951,2245
942,2221
947,2185
986,2150
1037,2117
1102,2078
1194,2030
1314,1981
1443,1935
1589,1896
1745,1856
1902,1821
2063,1797
2221,1779
2358,1774
2517,1777
2640,1797
2752,1820
2846,1847
2932,1885
2987,1924
3016,1952
3021,1986
2969,2011
2901,2043
2813,2077
2695,2093
2557,2152
2414,2200
2244,2238
2083,2268
1940,2295
1777,2318
1618,2330
1471,2341
1328,2336
1210,2331
1107,2320
1025,2307
969,2287
934,2267
921,2236
940,2199
989,2167
1048,2132
1124,2085
1224,2039
1344,1996
1483,1949
1628,1906
1777,1867
1937,1838
2094,1811
2256,1791
2409,1780
2560,1791
2684,1816
2783,1837
2872,1871
2946,1909
2988,1942
3013,1973
3004,2004
2947,2033
2877,2057
2783,2084
2663,2117
2532,2152
2376,2191
2209,2226
2052,2253
1885,2279
1725,2301
1570,2310
1432,2313
1301,2311
1181,2304
1082,2291
1000,2274
948,2258
938,2234
931,2201
955,2161
1006,2128
1073,2089
1161,2045
1271,2000
1395,1951
1533,1908
1673,1867
1834,1833
1991,1807
2153,1789
2310,1764
2455,1769
2594,1782
2717,1804
2824,1833
2913,1860
2970,1906
3004,1942
3020,1972
2983,2006
2931,2035
2855,2064
2746,2095
2614,2133
2471,2178
2322,2219
2162,2252
2001,2285
1833,2309
1672,2325
1518,2336
1379,2337
1251,2337
1152,2324
1070,2304
997,2286
950,2269
930,2245
929,2220
969,2180
1017,2145
1090,2101
1176,2060
1298,2014
1430,1967
1579,1928
1729,1890
1871,1846
2036,1822
2195,1799
2349,1791
2489,1793
2622,1809
2741,1829
2845,1857
2930,1897
2983,1932
3012,1966
3015,2001
2959,2025
2897,2047
2814,2077
2707,2109
2571,2150
2427,2173
2273,2217
2119,2247
1954,2268
1790,2296
1627,2311
1477,2317
1328,2317
1201,2305
1113,2293
1033,2280
978,2262
948,2236
935,2209
946,2180
999,2142
1046,2108
1119,2063
1218,2015
1340,1967
1478,1922
1629,1883
1781,1848
1941,1814
2095,1787
2254,1772
2402,1768
2535,1778
2670,1797
2781,1824
2873,1853
2935,1888
2993,1917
3035,1959
3023,1992
2959,2034
2877,2054
2783,2085
2666,2121
2536,2150
2376,2201
2214,2235
2058,2266
1897,2297
1727,2315
1574,2333
1427,2340
1298,2335
1184,2329
1082,2318
1009,2300
960,2283
936,2257
929,2229
955,2197
998,2157
1052,2121
1134,2080
1248,2037
1378,1984
1517,1939
1666,1896
1817,1860
1975,1830
2137,1806
2293,1798
2437,1789
2574,1802
2697,1822
2806,1852
2895,1887
2959,1919
2996,1951
3013,1978
2988,2008
2931,2036
2849,2071
2752,2099
2623,2129
2480,2165
2330,2209
2174,2238
2020,2269
1855,2284
1686,2298
1533,2313
1394,2321
1265,2304
1154,2299
1062,2282
996,2267
953,2245
935,2220
935,2193
981,2156
1032,2120
1091,2078
1182,2036
1294,1987
1420,1941
1568,1897
1717,1862
1875,1825
2054,1796
2194,1774
2352,1767
2496,1769
2623,1785
2741,1809
2844,1838
2928,1873
2965,1911
3011,1945
3024,1979
2977,2013
2909,2038
2822,2070
2710,2103
2584,2145
2420,2191
2271,2226
2111,2253
1961,2287
1802,2308
1643,2325
1488,2333
1346,2332
1225,2328
1119,2319
1037,2309
973,2292
940,2275
916,2245
927,2206
973,2177
1036,2136
1110,2092
1205,2046
1324,2002
1461,1950
1610,1914
1761,1876
1918,1842
2069,1817
2228,1790
2382,1783
2530,1793
2658,1810
2765,1840
2859,1873
2936,1909
2987,1942
3013,1970
3007,2002
2956,2030
2884,2058
2784,2081
2678,2107
2554,2148
2397,2164
2232,2225
2070,2254
1911,2278
1751,2295
1595,2312
1448,2312
1315,2312
1194,2306
1092,2292
1009,2274
957,2264
937,2241
935,2204
955,2172
1000,2134
1072,2093
1141,2052
1251,2004
1373,1958
1516,1916
1654,1875
1802,1840
1959,1811
2130,1791
2292,1774
2440,1765
2575,1775
2698,1796
2805,1823
2897,1860
2957,1897
2992,1932
3015,1966
2990,1997
2933,2030
2858,2061
2757,2091
2630,2124
2494,2167
2338,2206
2181,2244
2015,2278
1848,2304
1689,2320
1541,2335
1395,2336
1271,2336
1171,2325
1076,2308
998,2290
955,2274
932,2252
923,2223
960,2188
1010,2150
1080,2107
1169,2062
1278,2018
1411,1972
1558,1924
1711,1891
1860,1856
2011,1828
2170,1805
2326,1791
2471,1791
2608,1802
2729,1829
2830,1858
2916,1894
2974,1927
3004,1964
3013,1998
2966,2019
2909,2042
2827,2079
2721,2102
2592,2139
2449,2176
2290,2213
2131,2244
1972,2271
1810,2297
1650,2309
1492,2322
1344,2317
1227,2307
1130,2297
1045,2283
987,2265
948,2245
930,2215
938,2185
983,2148
1033,2110
1107,2070
1206,2025
1317,1977
1459,1928
1606,1893
1757,1854
1914,1820
2070,1791
2227,1772
2381,1764
2522,1773
2648,1790
2768,1814
2864,1843
2938,1878
2994,1909
3023,1952
3020,1982
2966,2014
2890,2047
2795,2078
2681,2113
2548,2154
2403,2194
2241,2230
2081,2262
1919,2288
1766,2306
1601,2325
1451,2329
1318,2332
1197,2325
1093,2317
1017,2300
968,2284
940,2261
934,2237
950,2198
993,2162
1037,2118
1123,2085
1232,2041
1354,1993
1491,1946
1643,1904
1796,1865
1957,1837
2116,1811
2268,1794
2420,1789
2555,1798
2669,1818
2773,1850
2877,1890
2949,1919
2992,1953
3016,1982
2998,2008
2943,2034
2866,2060
2762,2092
2641,2124
2500,2161
2344,2201
2186,2238
2033,2268
1870,2286
1713,2299
1557,2311
1411,2316
1281,2310
1167,2302
1069,2289
1000,2270
955,2254
931,2224
935,2197
972,2162
1021,2116
1080,2076
1166,2038
1275,1989
1402,1949
1543,1907
1691,1869
1845,1830
2007,1803
2169,1777
2326,1766
2481,1761
2621,1780
2731,1802
2830,1833
2912,1865
2971,1903
3006,1942
3021,1974
2985,2001
2926,2031
2839,2056
2732,2085
2607,2137
2456,2182
2296,2215
2141,2245
1977,2280
1820,2306
1660,2323
1509,2329
1370,2336
1244,2329
1133,2318
1048,2307
985,2280
944,2279
914,2248
920,2215
968,2178
1026,2141
1098,2096
1191,2056
1306,2011
1441,1966
1586,1922
1736,1883
1887,1849
2043,1825
2195,1801
2347,1789
2502,1796
2637,1809
2758,1837
2848,1871
2928,1907
2978,1937
3007,1973
3013,2000
2959,2027
2887,2052
2800,2080
2699,2106
2570,2148
2416,2187
2258,2221
2093,2254
1934,2279
1773,2298
1615,2309
1461,2312
1321,2315
1213,2307
1119,2293
1033,2274
970,2261
942,2235
932,2208
945,2180
989,2139
1049,2102
1130,2059
1231,2013
1355,1964
1493,1921
1639,1879
1784,1845
1941,1812
2109,1791
2266,1773
2412,1765
2552,1771
2678,1791
2793,1821
2888,1854
2955,1890
3002,1924
3021,1955
2992,1989
2934,2025
2869,2060
2778,2083
2650,2117
2513,2165
2362,2200
2210,2239
2046,2270
1880,2297
1723,2315
1565,2327
1414,2336
1281,2337
1175,2330
1076,2315
1004,2299
959,2278
934,2254
928,2226
956,2190
1003,2156
1067,2114
1146,2072
1259,2024
1388,1969
1537,1932
1687,1896
1834,1860
1991,1828
2152,1806
2304,1795
2452,1794
2587,1803
2706,1826
2813,1859
2902,1893
2964,1919
3008,1958
3028,1990
2989,2015
2922,2045
2840,2075
2737,2104
2613,2139
2471,2174
2312,2209
2155,2241
1995,2270
1839,2290
1680,2308
1524,2320
1371,2317
1251,2309
1140,2300
1053,2288
989,2271
953,2249
932,2219
933,2190
975,2149
1028,2114
1100,2075
1186,2035
1288,1985
1427,1937
1577,1893
1730,1857
1887,1820
2043,1794
2203,1774
2361,1764
2502,1767
2636,1784
2752,1808
2843,1843
2918,1879
2975,1907
3012,1945
3022,1974
2974,2006
2905,2037
2815,2068
2706,2105
2570,2144
2426,2181
2268,2222
2103,2254
1942,2277
1786,2296
1635,2320
1478,2327
1340,2333
1215,2327
1113,2319
1030,2305
974,2285
943,2261
933,2236
945,2202
989,2167
1043,2125
1115,2089
1217,2040
1341,2002
1476,1954
1621,1915
1771,1873
1933,1841
2092,1813
2249,1794
2394,1788
2539,1796
2657,1814
2780,1847
2872,1884
2942,1909
2993,1942
3013,1975
3000,2007
2946,2035
2877,2058
2780,2088
2662,2127
2522,2161
2364,2196
2202,2232
2056,2268
1895,2287
1735,2301
1576,2310
1429,2317
1296,2315
1178,2309
1085,2298
1014,2278
959,2259
934,2231
928,2205
955,2174
1003,2127
1067,2087
1148,2045
1255,2003
1382,1958
1523,1912
1670,1873
1830,1834
1986,1806
2148,1774
2306,1762
2458,1762
2636,1778
2711,1800
2813,1828
2900,1864
2968,1894
3005,1933
3020,1965
2991,1995
2931,2029
2851,2051
2750,2085
2632,2126
2488,2169
2325,2209
2168,2245
2008,2273
1846,2299
1686,2317
1534,2323
1386,2330
1259,2331
1146,2320
1058,2308
992,2294
949,2277
922,2247
927,2215
962,2180
1014,2146
1086,2104
1175,2060
1288,2017
1420,1970
1564,1928
1713,1890
1872,1859
2026,1833
2172,1810
2331,1797
2481,1797
2619,1813
2736,1833
2844,1864
2912,1900
2969,1933
3001,1966
3018,1999
2975,2030
2898,2056
2810,2084
2700,2112
2583,2148
2436,2186
2279,2218
2118,2252
1952,2278
1793,2295
1638,2312
1494,2318
1352,2318
1238,2307
1133,2303
1043,2277
977,2263
943,2246
930,2216
939,2185
980,2145
1040,2106
1115,2061
1214,2019
1337,1976
1476,1930
1627,1882
1774,1841
1924,1813
2083,1788
2240,1769
2389,1765
2536,1773
2664,1788
2779,1812
2877,1847
2948,1881
2995,1918
3017,1948
3002,1973
2950,2014
2883,2046
2791,2075
2675,2109
2543,2151
2402,2186
2233,2228
2069,2263
1908,2286
1744,2308
1582,2320
1423,2331
1289,2334
1186,2322
1091,2316
1015,2297
965,2281
936,2256
929,2225
949,2194
992,2157
1054,2118
1136,2076
1239,2038
1361,1987
1511,1940
1657,1902
1815,1864
1969,1837
2129,1811
2280,1795
2432,1797
2568,1802
2691,1823
2799,1854
2889,1883
2959,1913
3011,1951
3025,1983
2990,2015
2932,2043
2851,2072
2753,2101
2628,2137
2489,2169
2338,2209
2180,2241
2022,2264
1863,2285
1705,2304
1555,2317
1398,2314
1264,2315
1156,2304
1061,2294
998,2276
956,2254
933,2228
929,2196
969,2160
1019,2121
1087,2081
1176,2039
1273,1993
1410,1942
1559,1899
1712,1860
1887,1823
2024,1793
2178,1774
2338,1761
2482,1765
2617,1779
2736,1805
2833,1844
2904,1871
2968,1905
3012,1939
3026,1970
2983,1997
2916,2027
2832,2060
2720,2095
2592,2133
2446,2173
2286,2217
2122,2255
1958,2278
1791,2304
1650,2319
1498,2325
1357,2331
1232,2329
1124,2316
1037,2304
978,2288
941,2266
929,2240
946,2212
989,2161
1037,2124
1106,2090
1204,2050
1319,2002
1453,1961
1596,1919
1749,1882
1906,1849
2068,1820
2220,1805
2381,1795
2529,1791
2653,1808
2761,1839
2857,1874
2931,1908
2978,1942
3005,1974
3010,2011
2959,2038
2894,2067
2801,2092
2688,2124
2545,2157
2391,2195
2236,2232
2084,2265
1922,2284
1761,2304
1604,2313
1455,2318
1323,2314
1206,2307
1106,2288
1022,2279
966,2259
928,2236
912,2214
942,2182
990,2144
1053,2101
1135,2057
1237,2009
1355,1963
1499,1915
1643,1880
1799,1846
1951,1815
2109,1789
2269,1768
2424,1767
2563,1779
2692,1794
2801,1824
2888,1856
2959,1891
3000,1926
3017,1960
3001,1987
2939,2018
2861,2047
2772,2071
2664,2113
2522,2149
2361,2191
2202,2231
2037,2264
1876,2289
1714,2311
1557,2323
1411,2326
1281,2325
1166,2316
1076,2309
1015,2288
973,2271
933,2253
927,2224
956,2194
1007,2154
1069,2114
1156,2069
1268,2025
1393,1977
1542,1935
1695,1894
1864,1865
1998,1838
2146,1810
2311,1798
2456,1798
2593,1810
2715,1826
2817,1859
2903,1893
2969,1931
3006,1958
3019,1996
2983,2025
2915,2058
2823,2082
2721,2108
2601,2144
2466,2179
2312,2214
2151,2248
1986,2275
1827,2295
1671,2311
1516,2319
1375,2322
1240,2317
1126,2304
1046,2288
983,2273
946,2249
933,2222
938,2190
974,2154
1027,2114
1100,2073
1190,2027
1310,1981
1450,1937
1601,1887
1748,1847
1894,1817
2056,1796
2213,1774
2366,1765
2507,1765
2639,1784
2758,1807
2855,1839
2932,1872
2993,1909
3024,1939
3021,1968
2967,2000
2902,2031
2812,2070
2697,2100
2563,2138
2414,2179
2260,2214
2100,2253
1936,2283
1779,2297
1621,2317
1465,2322
1322,2329
1208,2327
1110,2310
1030,2297
971,2279
936,2256
928,2231
943,2204
988,2165
1049,2124
1123,2083
1212,2039
1326,2001
1479,1959
1629,1914
1783,1874
1940,1842
2096,1818
2257,1800
2407,1796
2545,1803
2672,1824
2780,1851
2869,1878
2943,1910
2987,1949
3011,1981
2999,2014
2943,2045
2871,2071
2774,2100
2654,2136
2516,2169
2366,2203
2207,2237
2050,2265
1885,2284
1739,2304
1581,2322
1424,2322
1285,2322
1178,2306
1084,2300
1010,2283
964,2262
935,2238
926,2209
956,2171
1005,2125
1077,2091
1160,2056
1264,1999
1388,1954
1526,1906
1678,1868
1834,1832
1993,1801
2150,1780
2305,1768
2451,1766
2597,1779
2718,1801
2827,1831
2897,1864
2967,1897
3006,1930
3025,1961
2996,1996
2928,2024
2848,2056
2745,2090
2619,2127
2480,2164
2332,2208
2160,2244
1987,2275
1829,2296
1679,2314
1526,2323
1381,2325
1251,2324
1142,2318
1057,2302
986,2289
944,2266
928,2246
937,2217
979,2177
1018,2136
1090,2102
1178,2057
1297,2016
1426,1969
1569,1928
1722,1886
1880,1854
2037,1825
2198,1808
2365,1798
2504,1796
2625,1806
2742,1837
2841,1866
2919,1903
2974,1936
3008,1971
3017,1992
2969,2031
2907,2060
2820,2087
2705,2116
2578,2151
2427,2188
2270,2224
2109,2259
1948,2286
1782,2303
1628,2317
1480,2325
1342,2323
1218,2319
1120,2306
1034,2287
972,2266
932,2240
923,2226
941,2194
982,2151
1044,2109
1119,2061
1218,2019
1338,1971
1475,1925
1622,1881
1779,1845
1931,1819
2081,1791
2237,1769
2396,1764
2543,1771
2673,1786
2780,1817
2874,1847
2946,1883
2993,1915
3018,1953
3011,1983
2953,2010
2880,2041
2783,2065
2669,2108
2534,2146
2383,2186
2222,2224
2058,2258
1899,2282
1737,2304
1575,2318
1430,2326
1297,2324
1178,2317
1086,2300
1027,2290
978,2267
935,2251
924,2227
950,2190
998,2153
1066,2116
1149,2072
1248,2029
1377,1985
1515,1935
1668,1895
1828,1865
1986,1831
2135,1810
2291,1796
2439,1793
2577,1805
2702,1825
2809,1852
2890,1887
2959,1922
2996,1955
3015,1985
2991,2020
2921,2052
2837,2080
2745,2108
2624,2139
2481,2181
2335,2214
2172,2246
2009,2276
1852,2301
1688,2313
1533,2325
1394,2330
1257,2328
1136,2315
1052,2290
997,2279
955,2253
936,2232
931,2201
964,2162
1017,2123
1089,2082
1166,2035
1291,1989
1432,1947
1571,1896
1721,1851
1874,1820
2030,1787
2190,1772
2342,1763
2485,1765
2618,1781
2740,1805
2841,1839
2930,1870
2990,1902
3028,1931
3031,1961
2979,1994
2913,2027
2825,2061
2713,2096
2582,2135
2435,2173
2283,2211
2128,2247
1967,2277
1813,2300
1655,2311
1490,2317
1350,2323
1225,2317
1118,2312
1035,2298
976,2282
942,2260
931,2234
937,2203
980,2166
1038,2128
1110,2086
1198,2038
1312,2005
1460,1960
1603,1913
1763,1878
1922,1845
2076,1819
2233,1802
2385,1795
2527,1800
2658,1821
2755,1846
2850,1885
2917,1914
2978,1949
3009,1979
3012,2007
2955,2035
2883,2065
2790,2096
2667,2129
2539,2167
2386,2206
2226,2240
2061,2270
1906,2290
1754,2311
1598,2320
1448,2326
1309,2323
1190,2318
1092,2304
1020,2288
963,2259
934,2244
924,2218
951,2176
1001,2135
1073,2094
1155,2057
1246,2008
1367,1961
1505,1917
1653,1876
1808,1839
1967,1807
2128,1782
2285,1765
2436,1760
2572,1769
2707,1789
2819,1825
2896,1856
2957,1892
3000,1926
3021,1957
3001,1985
2942,2019
2865,2045
2762,2076
2640,2119
2501,2159
2354,2194
2186,2236
2013,2263
1859,2286
1697,2307
1548,2319
1403,2323
1272,2321
1159,2310
1068,2301
998,2284
955,2265
920,2244
922,2218
960,2184
1009,2143
1078,2104
1169,2063
1278,2013
1410,1970
1552,1928
1703,1890
1855,1855
2008,1827
2171,1809
2325,1800
2478,1796
2608,1806
2728,1830
2829,1861
2912,1892
2972,1934
3002,1967
3010,1996
2970,2027
2905,2056
2826,2079
2728,2117
2604,2145
2451,2181
2290,2221
2133,2257
1970,2282
1808,2306
1651,2316
1495,2323
1355,2323
1233,2320
1131,2312
1048,2295
993,2273
950,2244
930,2226
937,2196
976,2157
1029,2114
1104,2073
1200,2026
1318,1978
1457,1932
1604,1888
1756,1848
1912,1812
2057,1785
2218,1773
2376,1762
2517,1768
2650,1785
2765,1810
2864,1846
2940,1877
2992,1914
3017,1947
3020,1978
2964,2011
2882,2044
2789,2064
2683,2101
2551,2138
2404,2181
2248,2217
2083,2250
1924,2279
1762,2298
1602,2310
1456,2321
1316,2324
1191,2313
1083,2302
1023,2286
969,2269
940,2251
929,2229
943,2194
991,2156
1052,2118
1129,2075
1226,2033
1351,1989
1489,1940
1640,1894
1817,1862
1971,1836
2115,1814
2268,1798
2416,1794
2558,1801
2684,1823
2791,1847
2880,1885
2943,1919
2992,1949
3017,1980
3007,2013
2953,2044
2863,2071
2764,2103
2640,2138
2502,2172
2350,2210
2191,2246
2029,2276
1866,2298
1715,2315
1562,2325
1419,2325
1282,2326
1158,2316
1069,2300
998,2286
955,2264
934,2237
929,2203
955,2171
1012,2133
1079,2091
1157,2045
1261,2005
1399,1961
1542,1915
1692,1864
1848,1829
2001,1797
2166,1773
2323,1767
2471,1764
2604,1775
2719,1800
2827,1832
2912,1867
2982,1906
3007,1936
3025,1962
2986,1996
2923,2023
2839,2058
2733,2089
2604,2125
2461,2165
2306,2202
2145,2237
1983,2266
1827,2294
1680,2304
1512,2314
1368,2320
1243,2317
1136,2311
1049,2296
987,2278
947,2256
928,2233
930,2205
970,2171
1033,2131
1115,2088
1200,2043
1308,2001
1442,1960
1586,1916
1739,1878
1895,1847
2052,1821
2209,1803
2365,1791
2506,1797
2642,1817
2758,1847
2841,1879
2919,1904
2978,1942
3009,1977
3026,2003
2962,2033
2891,2061
2800,2090
2686,2121
2559,2155
2415,2197
2249,2235
2084,2267
1918,2290
1766,2309
1615,2320
1465,2324
1323,2325
1198,2320
1104,2308
1029,2290
971,2273
941,2249
925,2220
939,2185
978,2139
1050,2108
1126,2064
1227,2014
1347,1971
1488,1923
1635,1882
1792,1845
1950,1807
2103,1785
2257,1771
2407,1761
2554,1762
2690,1786
2801,1815
2883,1852
2953,1887
2995,1921
3020,1955
3012,1986
2952,2011
2874,2041
2775,2072
2658,2103
2522,2142
2379,2182
2223,2223
2048,2255
1886,2281
1726,2309
1569,2310
1427,2319
1287,2317
1172,2308
1074,2298
1007,2280
961,2263
938,2245
928,2216
958,2184
1004,2145
1069,2104
1154,2064
1262,2017
1388,1975
1529,1934
1679,1891
1830,1856
1987,1831
2139,1810
2299,1804
2447,1800
2592,1805
2714,1827
2819,1858
2902,1887
2961,1928
2997,1963
3011,1992
2982,2020
2918,2050
2837,2081
2737,2119
2611,2146
2469,2182
2314,2218
2153,2254
1991,2280
1829,2304
1672,2318
1519,2325
1375,2326
1247,2323
1141,2312
1060,2304
1002,2279
950,2252
929,2227
923,2200
966,2168
1024,2126
1097,2084
1186,2037
1302,1988
1433,1943
1581,1899
1737,1856
1899,1815
2052,1785
2198,1772
2354,1765
2498,1767
2636,1782
2752,1807
2848,1840
2930,1875
2986,1907
3015,1943
3030,1975
2972,2013
2899,2039
2814,2062
2709,2095
2578,2133
2432,2170
2273,2208
2112,2249
1947,2273
1785,2294
1628,2308
1475,2318
1333,2324
1205,2319
1098,2308
1027,2289
979,2271
945,2252
928,2225
940,2194
981,2158
1050,2121
1117,2080
1216,2037
1334,1999
1466,1954
1613,1905
1781,1872
1935,1844
2090,1814
2248,1803
2394,1793
2537,1799
2666,1825
2781,1845
2870,1881
2937,1918
2983,1946
3012,1977
3018,2009
2960,2039
2870,2067
2775,2096
2655,2133
2523,2165
2378,2205
2219,2241
2056,2275
1894,2299
1733,2315
1582,2322
1444,2326
1305,2328
1180,2319
1079,2307
1009,2291
963,2269
939,2243
927,2214
953,2178
1004,2131
1069,2099
1138,2056
1242,2008
1372,1969
1517,1919
1671,1874
1831,1836
1983,1801
2145,1777
2300,1762
2450,1760
2587,1771
2710,1791
2806,1829
2885,1866
2953,1906
3002,1938
3024,1966
3001,1992
2937,2018
2859,2048
2751,2078
2630,2115
2483,2156
2331,2197
2164,2234
2001,2264
1860,2289
1699,2305
1537,2309
1392,2318
1262,2313
1149,2308
1057,2297
992,2278
948,2257
928,2233
924,2202
962,2171
1025,2133
1101,2089
1180,2043
1292,2005
1418,1963
1558,1922
1715,1884
1867,1850
2027,1823
2187,1806
2343,1796
2492,1797
2628,1809
2753,1833
2845,1867
2911,1903
2975,1941
3004,1969
3016,2003
2973,2028
2904,2055
2821,2082
2710,2115
2581,2151
2440,2187
2279,2233
2116,2261
1945,2286
1776,2312
1635,2321
1486,2329
1347,2328
1223,2323
1120,2312
1040,2295
982,2275
944,2255
928,2229
921,2200
960,2156
1030,2117
1110,2073
1214,2023
1329,1981
1464,1934
1611,1893
1766,1854
1923,1816
2083,1793
2232,1772
2382,1761
2524,1766
2659,1784
2778,1812
2871,1846
2943,1883
2991,1916
3017,1951
3017,1981
2959,2011
2883,2040
2790,2071
2677,2100
2545,2138
2426,2176
2248,2218
2075,2254
1910,2280
1749,2298
1591,2311
1448,2317
1306,2316
1187,2314
1091,2303
1019,2282
969,2262
950,2238
945,2214
954,2185
986,2149
1056,2110
1137,2063
1237,2018
1371,1980
1506,1938
1660,1897
1815,1858
1962,1829
2118,1805
2280,1797
2431,1798
2570,1800
2696,1823
2803,1853
2893,1888
2957,1926
2998,1957
3019,1988
2992,2019
2926,2043
2838,2072
2741,2114
2627,2139
2490,2178
2338,2215
2180,2249
2021,2279
1864,2302
1702,2317
1545,2328
1397,2329
1263,2324
1147,2319
1059,2309
993,2289
951,2267
934,2237
928,2209
963,2181
1013,2135
1080,2117
1170,2050
1277,2003
1404,1954
1547,1910
1709,1869
1877,1829
2025,1802
2181,1774
2331,1763
2478,1766
2613,1777
2733,1803
2833,1832
2916,1869
2968,1904
3006,1935
3035,1965
2997,2003
2930,2029
2834,2057
2727,2092
2598,2128
2451,2164
2297,2204
2132,2240
1972,2268
1813,2292
1658,2307
1507,2313
1364,2321
1229,2318
1128,2307
1043,2292
982,2274
949,2253
928,2227
932,2198
976,2161
1035,2125
1112,2081
1206,2041
1319,2002
1430,1959
1577,1911
1741,1873
1907,1839
2065,1813
2222,1800
2374,1790
2517,1798
2648,1814
2765,1843
2859,1876
2930,1912
2976,1942
3002,1974
3015,2004
2959,2021
2889,2060
2793,2094
2689,2129
2546,2162
2403,2198
2245,2238
2078,2268
1914,2295
1751,2310
1595,2320
1473,2325
1323,2331
1198,2321
1105,2310
1018,2294
965,2274
939,2247
925,2219
940,2187
986,2147
1046,2106
1139,2054
1238,2011
1360,1971
1499,1929
1648,1881
1803,1844
1962,1809
2117,1785
2278,1762
2425,1776
2561,1772
2696,1790
2796,1829
2881,1856
2955,1894
2995,1926
3021,1959
3003,1988
2943,2015
2866,2044
2766,2077
2650,2112
2514,2148
2363,2193
2194,2223
2020,2257
1866,2290
1713,2302
1562,2312
1415,2317
1280,2313
1161,2309
1075,2304
1005,2281
957,2261
933,2236
922,2208
951,2179
997,2144
1072,2106
1162,2057
1268,2014
1396,1973
1544,1931
1691,1888
1847,1851
2004,1824
2159,1804
2298,1791
2462,1796
2603,1811
2731,1818
2825,1860
2905,1896
2965,1932
3005,1965
3021,1996
2980,2022
2916,2056
2834,2083
2723,2112
2599,2144
2468,2181
2314,2221
2151,2253
1982,2287
1819,2306
1665,2312
1510,2326
1366,2329
1238,2325
1129,2313
1044,2299
986,2279
949,2258
932,2238
933,2208
966,2164
1021,2125
1100,2081
1192,2038
1309,1988
1441,1940
1590,1896
1744,1855
1903,1823
2062,1793
2218,1779
2360,1772
2495,1767
2637,1779
2751,1807
2865,1837
2930,1872
2984,1909
3010,1944
3025,1976
2974,2005
2903,2033
2804,2067
2690,2102
2554,2138
2415,2176
2265,2221
2102,2249
1926,2279
1773,2296
1606,2312
1468,2316
1329,2315
1207,2313
1104,2304
1016,2288
972,2264
950,2242
938,2221
943,2191
987,2153
1050,2114
1131,2064
1225,2030
1347,1982
1485,1940
1652,1902
1801,1867
1957,1830
2105,1802
2257,1795
2408,1791
2552,1801
2678,1819
2788,1851
2879,1881
2950,1918
2995,1955
3021,1987
2999,2011
2936,2037
2856,2068
2765,2103
2653,2138
2514,2172
2363,2212
2205,2247
2051,2274
1876,2301
1721,2316
1567,2320
1416,2332
1276,2328
1156,2321
1068,2320
1005,2297
959,2270
936,2245
926,2213
953,2178
1002,2139
1069,2100
1156,2054
1258,2007
1387,1963
1525,1917
1675,1882
1838,1842
1998,1805
2157,1782
2314,1769
2454,1765
2592,1775
2717,1796
2819,1830
2903,1863
2966,1895
3001,1926
3031,1954
2999,1989
2929,2024
2845,2055
2738,2086
2612,2131
2474,2159
2325,2199
2165,2234
1997,2261
1833,2288
1680,2300
1522,2309
1400,2314
1264,2315
1142,2305
1049,2293
991,2271
954,2253
935,2229
931,2205
966,2167
1023,2128
1094,2080
1185,2037
1304,2005
1431,1960
1571,1915
1701,1873
1883,1845
2045,1819
2199,1802
2353,1794
2489,1791
2632,1813
2750,1838
2848,1870
2916,1910
2972,1947
2993,1974
3015,2003
2971,2031
2901,2061
2811,2090
2700,2122
2566,2163
2420,2192
2265,2233
2103,2267
1940,2297
1776,2309
1606,2321
1473,2329
1338,2329
1213,2324
1111,2315
1032,2298
970,2280
942,2255
924,2228
938,2195
978,2150
1034,2119
1114,2067
1225,2017
1328,1978
1473,1934
1622,1890
1770,1849
1932,1818
2091,1789
2255,1772
2405,1769
2549,1769
2684,1786
2796,1805
2880,1831
2946,1881
2991,1917
3016,1954
3007,1982
2948,2012
2884,2039
2789,2070
2670,2103
2540,2144
2384,2181
2224,2215
2060,2247
1898,2274
1739,2296
1581,2310
1436,2318
1301,2314
1186,2307
1088,2296
1016,2276
968,2254
930,2239
921,2209
934,2176
989,2154
1065,2115
1149,2062
1257,2019
1382,1973
1518,1931
1669,1893
1826,1855
1979,1826
2135,1805
2291,1794
2431,1792
2572,1807
2705,1829
2814,1857
2897,1893
2960,1928
2996,1962
3017,1995
2987,2019
2926,2056
2839,2081
2738,2113
2618,2136
2482,2171
2336,2217
2169,2254
2004,2284
1847,2308
1682,2319
1529,2329
1385,2332
1254,2334
1141,2318
1056,2306
990,2282
951,2258
948,2236
931,2206
961,2174
1016,2135
1082,2094
1173,2045
1286,1998
1416,1951
1563,1906
1714,1863
1875,1825
2038,1795
2196,1779
2343,1773
2482,1766
2617,1781
2736,1803
2840,1836
2919,1869
2978,1904
3011,1940
3026,1971
2984,2002
2915,2029
2831,2064
2714,2101
2575,2131
2442,2166
2293,2203
2134,2238
1972,2263
1808,2285
1648,2302
1499,2306
1358,2313
1232,2313
1123,2305
1033,2292
969,2267
941,2248
934,2218
941,2188
981,2147
1035,2115
1112,2078
1209,2035
1325,1993
1452,1950
1603,1911
1763,1872
1927,1831
2077,1811
2233,1800
2382,1796
2525,1802
2657,1818
2766,1846
2860,1876
2936,1915
2979,1950
3013,1979
3022,2009
2953,2035
2887,2062
2790,2093
2673,2131
2540,2166
2393,2203
2230,2239
2069,2272
1902,2299
1750,2319
1597,2328
1451,2332
1320,2326
1190,2317
1088,2314
1014,2293
973,2278
934,2249
929,2221
944,2186
983,2149
1059,2109
1140,2058
1239,2013
1363,1968
1492,1925
1639,1892
1804,1851
1966,1807
2122,1788
2280,1769
2432,1765
2575,1769
2697,1787
2805,1816
2893,1850
2953,1894
2990,1923
3007,1956
3001,1989
2943,2017
2867,2044
2766,2074
2642,2116
2506,2151
2353,2184
2182,2224
2029,2257
1863,2279
1703,2293
1551,2311
1416,2311
1278,2313
1167,2305
1070,2292
999,2274
959,2254
939,2231
928,2207
958,2174
1004,2133
1074,2090
1174,2045
1296,2002
1419,1961
1550,1921
1698,1884
1854,1849
2013,1820
2167,1802
2321,1794
2466,1795
2599,1809
2727,1827
2834,1858
2918,1898
2972,1941
2999,1968
3016,2000
2977,2032
2915,2056
2824,2089
2720,2117
2592,2155
2452,2187
2296,2224
2141,2258
1971,2293
1805,2315
1640,2327
1495,2332
1357,2333
1230,2330
1123,2321
1042,2305
981,2287
945,2267
933,2235
934,2203
971,2169
1020,2130
1083,2086
1182,2038
1310,1991
1446,1946
1595,1901
1752,1863
1908,1825
2064,1795
2220,1774
2368,1769
2519,1772
2657,1785
2771,1805
2859,1835
2935,1874
2983,1910
3013,1942
3021,1972
2967,2002
2893,2029
2804,2062
2689,2098
2558,2139
2419,2173
2268,2208
2097,2238
1932,2269
1771,2294
1616,2308
1465,2312
1326,2314
1203,2305
1102,2298
1025,2285
973,2266
952,2239
939,2209
950,2176
991,2148
1050,2106
1133,2064
1235,2023
1352,1981
1492,1940
1638,1900
1793,1864
1957,1832
2113,1806
2265,1791
2405,1789
2549,1807
2682,1825
2790,1850
2885,1881
2948,1917
2991,1953
3014,1985
3002,2014
2942,2047
2863,2076
2763,2113
2632,2141
2493,2180
2353,2214
2196,2246
2026,2281
1873,2304
1709,2320
1561,2329
1415,2332
1281,2332
1162,2327
1068,2312
994,2295
946,2269
937,2244
924,2219
953,2187
1000,2145
1070,2101
1158,2059
1268,2009
1392,1965
1531,1917
1683,1874
1839,1835
2004,1799
2173,1779
2327,1766
2460,1767
2598,1775
2721,1800
2826,1828
2910,1864
2969,1899
3000,1930
3019,1965
2990,1990
2930,2014
2851,2053
2745,2089
2613,2117
2468,2157
2318,2194
2156,2230
1995,2261
1830,2284
1670,2301
1518,2310
1376,2310
1255,2309
1146,2306
1057,2293
983,2272
951,2248
935,2224
937,2193
973,2160
1024,2121
1094,2083
1191,2037
1308,1992
1441,1951
1583,1913
1728,1887
1894,1840
2051,1809
2208,1788
2358,1790
2498,1795
2635,1812
2751,1837
2847,1869
2925,1907
2975,1941
3001,1979
3020,2009
2977,2030
2896,2057
2803,2092
2689,2128
2559,2160
2415,2200
2262,2233
2096,2268
1931,2293
1770,2317
1617,2332
1478,2335
1343,2330
1209,2320
1100,2315
1021,2304
973,2284
941,2263
929,2228
940,2196
982,2159
1038,2119
1124,2075
1226,2027
1347,1979
1482,1931
1621,1897
1781,1855
1942,1819
2100,1794
2256,1775
2406,1767
2550,1772
2681,1791
2795,1815
2883,1849
2945,1881
2984,1914
3009,1956
3005,1981
2956,2010
2877,2037
2777,2070
2660,2107
2523,2140
2379,2184
2218,2220
2060,2256
1892,2282
1724,2302
1566,2309
1433,2313
1300,2312
1183,2306
1085,2293
1011,2277
961,2252
940,2230
928,2204
957,2176
1002,2136
1066,2094
1153,2050
1268,2008
1386,1968
1526,1927
1673,1889
1825,1855
1987,1825
2147,1799
2301,1795
2448,1790
2583,1802
2705,1824
2819,1847
2917,1888
2975,1929
3000,1961
3013,1998
2988,2026
2928,2056
2846,2083
2741,2116
2616,2152
2471,2187
2322,2219
2164,2251
2007,2283
1846,2310
1675,2327
1525,2334
1382,2332
1258,2327
1143,2320
1053,2308
988,2292
947,2265
933,2241
928,2215
963,2183
1013,2144
1077,2098
1176,2050
1294,2002
1422,1955
1569,1910
1719,1869
1882,1833
2036,1801
2193,1783
2341,1775
2480,1779
2624,1791
2749,1813
2850,1840
2929,1876
2981,1909
3011,1940
3023,1970
2975,1999
2907,2027
2817,2058
2704,2093
2576,2132
2441,2167
2290,2202
2120,2229
1962,2266
1800,2289
1637,2297
1486,2307
1347,2309
1222,2302
1115,2295
1037,2285
982,2268
960,2246
948,2216
946,2174
982,2149
1037,2112
1117,2070
1215,2025
1333,1978
1470,1929
1618,1896
1770,1859
1934,1831
2094,1808
2252,1788
2396,1781
2530,1795
2661,1817
2776,1843
2871,1877
2940,1910
2989,1946
3014,1980
3010,2011
2957,2041
2877,2070
2782,2110
2653,2140
2517,2170
2378,2208
2224,2246
2063,2278
1900,2306
1741,2321
1584,2333
1437,2337
1302,2336
1184,2328
1076,2321
992,2300
942,2284
932,2253
927,2222
970,2187
996,2150
1058,2108
1141,2063
1249,2021
1367,1973
1507,1930
1655,1888
1807,1848
1973,1810
2138,1790
2293,1776
2438,1771
2577,1781
2701,1800
2813,1825
2899,1860
2959,1894
2995,1928
3015,1958
2993,1983
2937,2007
2873,2042
2765,2080
2631,2116
2490,2155
2339,2193
2182,2228
2018,2260
1857,2285
1697,2304
1545,2309
1403,2308
1277,2300
1161,2289
1082,2280
1001,2267
953,2251
932,2225
933,2199
967,2167
1008,2126
1086,2086
1179,2045
1292,1999
1419,1955
1564,1917
1706,1881
1857,1842
2025,1814
2182,1791
2335,1788
2483,1790
2619,1804
2711,1829
2839,1858
2914,1895
2967,1934
2990,1974
3010,2010
2975,2038
2910,2063
2823,2086
2712,2118
2582,2155
2441,2192
2284,2229
2124,2262
1954,2290
1787,2313
1631,2329
1491,2340
1355,2338
1226,2331
1117,2321
1033,2311
977,2291
945,2267
927,2242
929,2207
968,2168
1022,2131
1104,2088
1209,2041
1337,1984
1460,1935
1603,1897
1756,1858
1914,1825
2076,1798
2225,1781
2379,1770
2521,1776
2653,1791
2772,1817
2876,1850
2952,1877
2993,1910
3015,1948
3013,1979
2962,2008
2887,2035
2796,2064
2678,2101
2546,2138
2403,2177
2249,2214
2084,2248
1925,2282
1752,2301
1594,2307
1454,2311
1315,2310
1199,2304
1098,2292
1024,2281
971,2257
948,2233
936,2209
956,2174
996,2143
1048,2107
1124,2059
1241,2011
1364,1971
1503,1929
1652,1887
1815,1852
1965,1821
2125,1801
2276,1791
2425,1793
2558,1796
2682,1816
2793,1846
2886,1880
2953,1922
2999,1956
3017,1991
2995,2017
2938,2045
2859,2080
2755,2111
2630,2145
2488,2181
2337,2220
2183,2249
2034,2280
1872,2306
1703,2322
1543,2334
1402,2333
1269,2328
1163,2323
1064,2312
989,2294
946,2272
929,2246
928,2215
970,2179
1016,2147
1078,2100
1161,2062
1271,2011
1399,1962
1541,1919
1714,1880
1848,1843
2010,1808
2175,1782
2316,1773
2457,1773
2605,1790
2731,1809
2832,1833
2911,1869
2973,1900
3006,1934
3024,1967
2988,1996
2924,2022
2837,2051
2719,2085
2583,2126
2450,2173
2304,2206
2145,2237
1980,2262
1817,2287
1662,2304
1514,2307
1373,2311
1243,2305
1133,2292
1049,2284
984,2266
947,2252
935,2218
934,2185
973,2150
1028,2114
1105,2069
1203,2029
1316,1988
1446,1944
1589,1899
1742,1866
1900,1833
2068,1806
2230,1780
2373,1778
2512,1785
2640,1804
2761,1832
2855,1870
2932,1904
2979,1943
3009,1979
3011,2006
2967,2038
2895,2065
2811,2097
2697,2129
2549,2166
2402,2204
2247,2237
2085,2270
1924,2299
1762,2321
1601,2329
1455,2333
1322,2335
1204,2326
1103,2323
1010,2310
959,2282
938,2261
927,2232
942,2201
980,2165
1042,2124
1119,2077
1240,2031
1354,1983
1490,1943
1636,1900
1778,1862
1928,1828
2105,1796
2262,1777
2420,1774
2552,1778
2681,1798
2795,1824
2887,1857
2954,1893
2999,1930
3018,1961
2988,1987
2903,2013
2868,2039
2771,2072
2659,2108
2509,2149
2365,2186
2212,2223
2051,2253
1882,2279
1722,2300
1568,2308
1422,2310
1290,2304
1185,2295
1090,2293
1013,2272
964,2249
939,2228
934,2198
953,2167
1009,2130
1072,2088
1176,2051
1269,1996
1396,1956
1548,1917
1699,1880
1849,1847
2000,1814
2156,1794
2313,1781
2456,1785
2594,1800
2721,1821
2826,1851
2902,1899
2960,1922
2989,1960
3017,1994
2988,2020
2924,2050
2839,2078
2728,2112
2605,2154
2463,2188
2313,2228
2149,2259
1983,2291
1817,2313
1651,2332
1504,2343
1376,2342
1245,2330
1137,2322
1047,2309
980,2291
943,2271
927,2244
923,2211
957,2168
1013,2145
1081,2102
1179,2059
1311,2016
1431,1960
1578,1917
1725,1873
1884,1840
2048,1810
2204,1786
2386,1774
2498,1778
2631,1791
2751,1814
2860,1847
2936,1880
2982,1907
3009,1946
3019,1963
2970,2005
2903,2030
2813,2058
2696,2095
2568,2130
2422,2169
2266,2205
2112,2237
1959,2266
1788,2291
1623,2303
1476,2310
1340,2311
1218,2306
1120,2295
1036,2278
981,2259
949,2235
935,2208
947,2182
976,2151
1050,2112
1119,2061
1226,2019
1346,1977
1489,1929
1627,1892
1780,1856
1937,1827
2096,1797
2251,1783
2402,1784
2537,1771
2662,1817
2765,1843
2872,1873
2955,1911
2991,1947
3015,1977
3001,2008
2947,2031
2873,2067
2773,2099
2663,2133
2517,2176
2365,2216
2201,2248
2016,2280
1891,2304
1726,2321
1571,2330
1428,2339
1291,2333
1175,2327
1082,2317
1003,2300
954,2281
926,2253
919,2224
953,2185
1002,2152
1059,2112
1141,2070
1246,2020
1377,1977
1522,1929
1669,1890
1822,1853
1979,1820
2143,1794
2296,1773
2449,1771
2579,1781
2708,1807
2815,1838
2901,1894
2964,1901
3003,1933
3023,1961
2997,1994
2937,2019
2854,2045
2738,2082
2612,2117
2476,2159
2326,2198
2171,2233
2008,2261
1846,2285
1688,2298
1539,2306
1394,2307
1264,2305
1152,2296
1057,2288
989,2271
945,2254
939,2226
937,2190
973,2153
1022,2119
1093,2076
1185,2036
1293,1989
1427,1942
1567,1910
1726,1873
1876,1840
2035,1812
2193,1792
2348,1780
2470,1784
2621,1799
2739,1825
2840,1857
2909,1892
2971,1928
3001,1964
3013,1997
2964,2029
2913,2059
2827,2084
2709,2118
2575,2160
2425,2197
2274,2234
2113,2268
1947,2294
1785,2314
1629,2329
1481,2333
1342,2333
1227,2323
1132,2318
1045,2306
975,2287
942,2273
922,2237
932,2209
977,2171
1033,2129
1109,2084
1208,2039
1323,1994
1465,1946
1605,1907
1761,1872
1919,1831
2077,1804
2234,1783
2387,1778
2526,1780
2659,1799
2775,1822
2872,1853
2943,1884
2994,1922
3012,1955
2997,1993
2940,2010
2882,2036
2790,2068
2673,2101
2540,2139
2399,2183
2236,2217
2074,2247
1912,2279
1759,2297
1590,2311
1441,2320
1312,2309
1191,2301
1099,2289
1021,2274
969,2256
944,2232
936,2204
954,2171
1000,2137
1060,2097
1141,2054
1246,2008
1372,1959
1517,1916
1671,1883
1816,1849
1973,1816
2132,1793
2283,1781
2431,1780
2564,1790
2702,1811
2810,1846
2905,1876
2969,1909
3003,1944
3014,1981
2991,2017
2933,2047
2847,2073
2748,2108
2624,2146
2485,2180
2341,2217
2179,2255
2021,2282
1855,2302
1687,2322
1535,2332
1394,2336
1267,2334
1150,2327
1059,2312
993,2295
953,2272
933,2249
927,2222
959,2184
1003,2144
1060,2107
1156,2067
1274,2018
1406,1960
1552,1922
1703,1883
1862,1843
2020,1814
2170,1801
2332,1777
2477,1781
2606,1790
2716,1815
2822,1852
2915,1887
2975,1915
3009,1945
3023,1973
2981,1999
2920,2031
2830,2056
2718,2086
2588,2122
2436,2163
2289,2194
2137,2228
1977,2261
1813,2288
1651,2304
1501,2314
1362,2314
1238,2308
1133,2299
1044,2284
981,2268
948,2240
935,2211
948,2176
1002,2145
1050,2108
1106,2065
1207,2021
1322,1980
1458,1942
1588,1895
1755,1862
1906,1830
2082,1801
2234,1783
2385,1775
2529,1787
2658,1805
2765,1826
2859,1862
2930,1900
2983,1938
3012,1981
3010,2001
2960,2031
2885,2057
2803,2087
2683,2128
2547,2170
2394,2209
2223,2245
2074,2273
1912,2305
1756,2322
1625,2336
1449,2337
1314,2335
1196,2329
1094,2313
1017,2299
963,2283
928,2262
910,2232
931,2197
988,2160
1047,2124
1131,2080
1235,2030
1354,1986
1494,1941
1643,1895
1800,1860
1946,1827
2105,1800
2265,1780
2417,1772
2565,1783
2688,1801
2801,1831
2889,1859
2954,1893
2993,1934
3017,1964
2998,1995
2943,2021
2875,2047
2780,2077
2645,2104
2504,2146
2356,2187
2197,2222
2035,2256
1870,2281
1709,2296
1568,2308
1416,2313
1286,2310
1180,2302
1085,2287
1002,2270
963,2250
939,2220
934,2197
965,2164
1011,2128
1077,2086
1167,2040
1283,1999
1410,1953
1556,1914
1695,1849
1838,1839
1999,1817
2166,1795
2323,1782
2467,1780
2602,1795
2723,1816
2829,1850
2913,1885
2971,1921
3004,1960
3028,1989
2969,2023
2905,2058
2828,2091
2725,2119
2597,2154
2453,2188
2311,2229
2142,2257
1979,2288
1814,2315
1654,2325
1499,2338
1361,2333
1238,2326
1136,2320
1045,2304
980,2291
943,2268
929,2243
930,2212
968,2177
1018,2137
1091,2097
1186,2057
1304,2001
1440,1949
1603,1911
1747,1875
1893,1839
2056,1808
2212,1787
2365,1784
2506,1785
2639,1798
2755,1821
2854,1852
2932,1883
2986,1917
3022,1950
3021,1990
2970,2013
2899,2037
2804,2065
2692,2097
2561,2132
2410,2170
2255,2205
2097,2238
1939,2269
1783,2290
1624,2308
1461,2319
1322,2313
1207,2306
1111,2282
1031,2280
976,2247
943,2238
931,2212
952,2174
998,2135
1057,2099
1135,2062
1228,2020
1340,1970
1479,1921
1637,1883
1790,1847
1949,1814
2108,1796
2264,1781
2415,1777
2554,1784
2681,1808
2794,1841
2884,1875
2953,1905
2989,1933
3010,1976
2994,2005
2942,2035
2870,2068
2771,2100
2650,2133
2508,2170
2359,2210
2203,2249
2052,2277
1891,2300
1717,2317
1558,2333
1418,2339
1285,2337
1169,2326
1076,2312
999,2297
954,2276
930,2250
930,2221
957,2186
1008,2145
1074,2106
1150,2067
1258,2022
1388,1975
1531,1931
1682,1890
1832,1855
1992,1822
2149,1796
2305,1779
2452,1773
2588,1788
2705,1804
2810,1846
2905,1878
2968,1906
3004,1941
3021,1970
2983,2001
2923,2027
2844,2056
2742,2085
2613,2121
2466,2161
2307,2198
2142,2231
1993,2259
1833,2285
1677,2301
1522,2310
1382,2311
1254,2310
1149,2297
1061,2287
996,2267
947,2248
933,2215
933,2183
981,2150
1028,2113
1097,2077
1186,2034
1301,1988
1434,1942
1581,1899
1737,1861
1888,1832
2044,1804
2202,1780
2357,1769
2516,1779
2642,1794
2744,1821
2847,1856
2923,1893
2978,1931
3009,1967
3015,2006
2967,2030
2898,2056
2810,2086
2698,2119
2573,2161
2427,2201
2264,2235
2105,2265
1944,2292
1781,2314
1624,2328
1469,2338
1334,2334
1213,2329
1110,2323
1032,2306
973,2290
935,2271
917,2242
936,2204
981,2168
1037,2134
1116,2084
1213,2038
1331,1993
1467,1949
1616,1909
1774,1869
1929,1841
2083,1814
2232,1791
2386,1780
2540,1816
2667,1804
2777,1832
2878,1862
2940,1893
2989,1929
3005,1961
3003,1988
2949,2019
2891,2044
2789,2068
2667,2102
2527,2141
2376,2178
2220,2216
2059,2247
1897,2273
1738,2294
1582,2309
1437,2310
1305,2309
1200,2304
1107,2281
1022,2265
966,2253
941,2232
932,2202
959,2163
1007,2128
1068,2089
1153,2047
1259,2006
1383,1960
1527,1946
1676,1878
1828,1839
1977,1817
2137,1793
2295,1778
2442,1779
2580,1788
2701,1807
2808,1843
2899,1873
2963,1914
3002,1947
3016,1979
2981,2010
2924,2042
2851,2078
2749,2103
2626,2140
2482,2177
2328,2219
2172,2253
2011,2287
1847,2312
1693,2325
1530,2339
1377,2343
1248,2330
1148,2322
1062,2311
992,2292
949,2270
926,2249
922,2216
958,2183
1010,2146
1077,2110
1163,2065
1276,2014
1408,1963
1559,1928
1711,1886
1863,1849
2020,1816
2177,1793
2331,1781
2479,1784
2612,1795
2733,1820
2835,1845
2916,1876
2977,1907
3022,1944
3032,1976
2977,2008
2911,2033
2824,2060
2713,2097
2588,2125
2444,2164
2286,2201
2130,2233
1964,2259
1809,2281
1659,2294
1507,2309
1357,2312
1229,2307
1125,2298
1049,2284
989,2266
951,2243
939,2216
946,2181
987,2144
1049,2104
1119,2067
1211,2027
1321,1979
1460,1937
1609,1893
1767,1851
1922,1822
2082,1798
2229,1783
2385,1771
2529,1777
2659,1796
2794,1830
2858,1870
2938,1899
2990,1935
3012,1969
3012,1997
2956,2034
2885,2064
2791,2093
2670,2125
2537,2167
2383,2208
2226,2244
2073,2280
1912,2305
1750,2320
1591,2332
1443,2335
1308,2338
1189,2330
1087,2321
1012,2301
954,2282
930,2261
923,2232
954,2196
1005,2154
1056,2112
1132,2075
1234,2029
1357,1983
1498,1942
1644,1903
1797,1862
1955,1830
2122,1807
2279,1772
2431,1782
2581,1786
2696,1803
2799,1837
2887,1871
2955,1904
2992,1938
3015,1965
2994,1998
2942,2023
2864,2052
2764,2084
2637,2116
2497,2148
2344,2187
2181,2229
2025,2257
1865,2278
1706,2295
1555,2305
1411,2307
1279,2305
1166,2297
1079,2289
1009,2272
958,2257
926,2232
915,2197
959,2162
1014,2145
1084,2084
1169,2039
1281,1993
1411,1947
1554,1908
1716,1871
1860,1838
2013,1807
2153,1783
2320,1769
2471,1778
2611,1787
2726,1817
2828,1846
2912,1883
2968,1921
3005,1954
3014,1986
2967,2014
2907,2049
2824,2077
2718,2107
2607,2149
2459,2193
2299,2230
2135,2262
1967,2288
1809,2313
1653,2330
1498,2338
1353,2343
1232,2336
1123,2319
1045,2302
989,2284
958,2266
931,2248
934,2212
967,2173
1024,2137
1090,2091
1188,2054
1310,2007
1443,1960
1585,1939
1750,1898
1906,1843
2061,1821
2211,1795
2365,1788
2498,1788
2645,1803
2761,1826
2858,1857
2928,1889
2986,1924
3013,1961
3010,1977
2943,2018
2885,2053
2796,2069
2684,2106
2556,2141
2407,2176
2251,2210
2090,2245
1928,2267
1771,2287
1605,2297
1457,2304
1317,2306
1198,2306
1110,2292
1031,2282
974,2257
949,2233
939,2216
954,2173
999,2137
1055,2100
1118,2054
1229,2012
1355,1968
1497,1922
1664,1871
1802,1842
1957,1809
2115,1789
2269,1775
2415,1773
2558,1784
2687,1802
2790,1831
2887,1870
2952,1907
3002,1938
3031,1962
3013,1998
2943,2030
2863,2062
2765,2099
2645,2134
2504,2173
2352,2219
2197,2249
2034,2284
1877,2305
1721,2322
1563,2339
1413,2344
1273,2335
1163,2329
1075,2316
997,2304
953,2282
928,2255
928,2224
957,2185
1005,2149
1071,2112
1149,2071
1251,2025
1369,1981
1525,1933
1678,1883
1836,1857
1999,1823
2155,1803
2312,1787
2459,1785
2591,1796
2715,1821
2811,1847
2899,1881
2955,1908
2994,1945
3023,1982
2992,2005
2923,2031
2842,2061
2746,2094
2608,2128
2470,2169
2308,2204
2140,2234
1989,2263
1821,2280
1677,2293
1529,2306
1394,2309
1250,2305
1141,2293
1056,2281
994,2267
955,2244
937,2218
935,2194
973,2148
1030,2104
1114,2062
1207,2026
1316,1983
1444,1935
1583,1896
1751,1858
1898,1823
2053,1805
2208,1781
2362,1773
2504,1770
2651,1789
2764,1814
2865,1853
2936,1889
2977,1926
3011,1959
3015,1994
2966,2031
2885,2057
2806,2087
2699,2122
2565,2156
2411,2195
2245,2236
2087,2275
1938,2305
1775,2317
1618,2332
1463,2338
1323,2339
1206,2328
1109,2324
1024,2309
972,2287
934,2264
915,2240
928,2209
982,2172
1040,2129
1117,2086
1218,2035
1341,1998
1478,1950
1626,1911
1773,1867
1932,1838
2089,1815
2248,1796
2406,1791
2547,1792
2673,1803
2781,1832
2870,1869
2942,1906
2994,1935
3018,1966
3001,1993
2946,2024
2868,2053
2777,2080
2661,2117
2534,2148
2381,2178
2218,2214
2051,2251
1895,2282
1734,2292
1580,2306
1428,2309
1294,2305
1180,2301
1083,2287
1019,2266
982,2255
943,2236
933,2200
967,2168
1007,2129
1075,2089
1159,2046
1263,1998
1388,1951
1530,1916
1683,1870
1843,1835
1996,1817
2144,1789
2297,1768
2449,1774
2586,1781
2712,1804
2818,1837
2900,1869
2961,1901
3002,1943
3025,1978
2988,2010
2927,2043
2837,2075
2724,2102
2605,2138
2473,2180
2314,2225
2160,2255
1995,2285
1836,2309
1681,2327
1529,2335
1379,2338
1254,2338
1137,2330
1047,2313
991,2295
953,2278
927,2248
925,2221
950,2183
1012,2146
1091,2098
1179,2056
1291,2014
1430,1962
1562,1919
1714,1880
1877,1840
2050,1816
2195,1799
2343,1787
2488,1778
2634,1802
2746,1823
2841,1855
2919,1890
2972,1924
2984,1957
3026,1985
2966,2013
2910,2043
2816,2066
2707,2101
2575,2138
2431,2176
2274,2209
2112,2243
1956,2270
1791,2287
1629,2302
1482,2306
1334,2308
1211,2312
1120,2299
1041,2279
983,2264
949,2236
935,2211
943,2177
986,2141
1046,2105
1122,2057
1217,2011
1325,1971
1464,1927
1621,1888
1778,1851
1931,1818
2092,1793
2247,1782
2398,1774
2541,1778
2671,1796
2782,1820
2871,1856
2948,1899
2993,1923
3023,1966
3008,1989
2948,2019
2880,2060
2776,2091
2663,2129
2527,2159
2378,2201
2222,2241
2057,2278
1895,2301
1738,2322
1599,2335
1442,2329
1296,2338
1176,2330
1080,2317
1012,2302
960,2280
936,2261
925,2232
946,2195
997,2156
1062,2112
1161,2077
1254,2034
1374,1986
1513,1945
1660,1900
1815,1861
1973,1830
2128,1808
2283,1794
2429,1788
2577,1798
2702,1814
2809,1851
2888,1886
2951,1914
2991,1946
3018,1977
2994,2003
2935,2031
2864,2060
2751,2089
2625,2126
2489,2155
2336,2197
2178,2239
2012,2265
1835,2282
1684,2299
1542,2305
1398,2305
1268,2304
1152,2296
1065,2283
998,2269
961,2249
938,2219
931,2197
965,2181
1014,2119
1084,2084
1183,2035
1293,1983
1423,1950
1561,1900
1715,1863
1875,1826
2033,1802
2187,1777
2339,1772
2483,1773
2621,1782
2746,1802
2852,1840
2921,1878
2972,1917
3005,1944
3021,1982
2975,2010
2912,2042
2826,2075
2715,2106
2588,2144
2447,2183
2285,2221
2120,2261
1955,2292
1791,2315
1626,2330
1491,2334
1352,2340
1226,2336
1125,2326
1041,2312
982,2290
940,2266
905,2242
925,2214
975,2176
1034,2137
1106,2092
1206,2045
1323,1998
1453,1957
1601,1912
1757,1878
1916,1842
2064,1814
2215,1797
2363,1794
2520,1802
2653,1810
2779,1835
2861,1865
2933,1901
2985,1935
3013,1965
3007,1994
2956,2022
2883,2050
2789,2082
2669,2114
2543,2151
2397,2180
2237,2221
2077,2252
1913,2276
1754,2293
1598,2306
1444,2310
1310,2309
1193,2299
1094,2287
1027,2264
985,2248
954,2230
933,2203
951,2171
997,2136
1060,2094
1139,2053
1247,2007
1370,1963
1507,1917
1659,1872
1819,1836
1983,1802
2138,1786
2282,1771
2426,1768
2568,1779
2698,1798
2803,1828
2894,1866
2958,1898
2999,1935
3019,1967
2999,1998
2941,2028
2859,2065
2743,2096
2631,2132
2495,2169
2348,2208
2186,2247
2023,2279
1862,2307
1699,2322
1554,2332
1406,2336
1273,2338
1155,2333
1050,2316
987,2300
957,2277
933,2253
927,2225
957,2191
1005,2152
1076,2112
1164,2067
1272,2022
1397,1979
1535,1933
1684,1892
1850,1851
2011,1823
2171,1803
2322,1793
2465,1788
2601,1805
2720,1823
2824,1855
2907,1892
2961,1929
2999,1957
3015,1981
2983,2007
2917,2037
2830,2067
2723,2098
2594,2129
2448,2170
2295,2206
2132,2243
1973,2272
1820,2291
1666,2304
1523,2305
1375,2304
1240,2303
1129,2296
1047,2279
985,2262
950,2243
934,2214
941,2183
980,2150
1035,2113
1114,2067
1206,2021
1313,1975
1445,1932
1596,1896
1752,1854
1910,1822
2068,1792
2224,1776
2375,1766
2520,1773
2652,1791
2767,1814
2862,1849
2923,1883
2970,1929
3005,1963
3014,1990
2964,2016
2895,2047
2800,2081
2685,2116
2555,2155
2405,2196
2246,2239
2082,2265
1913,2299
1752,2323
1602,2339
1458,2339
1323,2340
1203,2333
1097,2320
1021,2308
969,2287
937,2265
925,2237
942,2207
982,2168
1051,2124
1139,2076
1242,2041
1353,1996
1487,1950
1635,1907
1790,1873
1945,1839
2103,1815
2257,1797
2409,1793
2549,1802
2685,1817
2802,1843
2895,1884
2951,1915
2991,1947
3012,1981
2998,2009
2943,2035
2864,2061
2763,2089
2646,2124
2509,2156
2364,2195
2210,2231
2046,2263
1872,2286
1715,2304
1557,2312
1418,2312
1286,2311
1173,2304
1078,2289
1009,2271
966,2250
942,2225
937,2203
963,2174
998,2138
1066,2090
1162,2045
1274,1999
1404,1956
1543,1909
1694,1873
1851,1839
2007,1806
2167,1783
2318,1772
2460,1777
2584,1790
2705,1808
2825,1842
2911,1872
2970,1908
3004,1945
3019,1978
2986,2005
2923,2038
2831,2070
2725,2106
2602,2143
2471,2181
2307,2212
2149,2259
1985,2287
1827,2314
1660,2327
1513,2339
1368,2338
1244,2337
1128,2328
1044,2315
991,2298
962,2273
941,2238
930,2215
969,2187
1020,2145
1095,2103
1187,2056
1303,2013
1431,1968
1576,1924
1732,1887
1895,1853
2054,1819
2210,1799
2354,1793
2508,1802
2633,1816
2747,1838
2845,1867
2919,1901
2974,1938
3012,1966
3027,1998
2970,2024
2900,2052
2792,2080
2677,2116
2560,2155
2419,2189
2259,2223
2098,2252
1936,2281
1777,2300
1621,2312
1473,2317
1339,2313
1209,2309
1100,2299
1016,2283
968,2267
945,2240
933,2214
949,2179
989,2146
1052,2102
1129,2059
1229,2018
1350,1972
1478,1930
1625,1883
1782,1841
1946,1812
2108,1790
2263,1777
2409,1770
2549,1773
2681,1795
2792,1825
2881,1860
2948,1897
2987,1932
3013,1965
3004,1992
2956,2020
2888,2054
2778,2091
2655,2125
2517,2168
2369,2208
2209,2242
2049,2276
1882,2301
1721,2321
1569,2334
1424,2336
1300,2336
1194,2331
1082,2320
1005,2302
959,2280
933,2256
925,2232
952,2194
994,2163
1064,2121
1156,2073
1265,2028
1391,1986
1525,1947
1663,1907
1819,1871
1986,1834
2141,1814
2295,1797
2443,1797
2578,1806
2708,1830
2798,1861
2903,1891
2961,1929
2998,1962
3001,1993
2971,2017
2920,2043
2843,2074
2736,2103
2617,2138
2461,2172
2321,2209
2164,2241
1993,2268
1834,2292
1677,2313
1534,2316
1383,2314
1255,2314
1145,2303
1057,2290
999,2270
956,2250
936,2223
931,2193
969,2158
1017,2120
1100,2081
1203,2035
1313,1983
1432,1945
1574,1904
1729,1863
1888,1825
2044,1797
2200,1776
2348,1767
2495,1770
2629,1786
2751,1817
2858,1846
2934,1877
2978,1914
3012,1947
3025,1983
2974,2015
2909,2039
2812,2075
2698,2110
2572,2148
2431,2190
2274,2229
2115,2261
1944,2291
1773,2314
1629,2327
1478,2336
1340,2337
1217,2332
1110,2322
1028,2313
974,2289
947,2271
935,2241
941,2213
974,2184
1024,2137
1103,2091
1210,2046
1331,2002
1466,1958
1608,1916
1764,1876
1925,1839
2086,1812
2242,1799
2385,1794
2527,1800
2650,1817
2766,1841
2867,1877
2936,1912
2983,1948
3009,1979
3007,2004
2952,2032
2880,2061
2783,2089
2663,2121
2527,2160
2382,2189
2228,2223
2073,2258
1903,2284
1742,2304
1586,2322
1440,2315
1305,2314
1188,2311
1089,2294
1010,2279
964,2254
934,2226
946,2202
968,2166
1014,2134
1066,2092
1150,2053
1255,2007
1379,1963
1517,1917
1664,1875
1820,1840
1980,1813
2139,1783
2302,1768
2451,1769
2585,1789
2702,1804
2811,1829
2898,1867
2963,1903
3001,1936
3013,1967
2993,2002
2936,2027
2855,2060
2755,2093
2610,2134
2482,2178
2332,2210
2175,2245
2007,2277
1843,2305
1689,2323
1534,2338
1390,2339
1261,2333
1153,2327
1056,2314
984,2300
953,2285
931,2254
925,2221
959,2189
1010,2151
1081,2112
1175,2066
1285,2023
1414,1976
1552,1934
1703,1892
1869,1857
2033,1829
2191,1798
2328,1787
2473,1798
2609,1811
2729,1835
2832,1863
2913,1897
2969,1934
3000,1961
3018,1998
2977,2024
2919,2047
2833,2073
2713,2099
2583,2144
2441,2181
2288,2218
2127,2247
1962,2276
1797,2295
1642,2312
1496,2318
1359,2316
1235,2308
1124,2297
1036,2280
981,2260
949,2238
938,2216
940,2180
981,2145
1035,2106
1115,2066
1210,2022
1330,1978
1467,1935
1604,1897
1753,1857
1911,1816
2081,1793
2236,1773
2388,1769
2525,1772
2656,1791
2773,1815
2868,1849
2937,1886
2975,1928
3009,1959
3001,1990
2941,2017
2884,2047
2792,2079
2675,2113
2541,2151
2391,2191
2238,2232
2076,2265
1914,2295
1749,2315
1591,2328
1444,2332
1312,2327
1194,2327
1094,2316
1013,2300
963,2284
936,2258
929,2232
949,2201
996,2164
1050,2129
1132,2080
1240,2036
1364,1983
1515,1941
1657,1899
1799,1868
1961,1833
2120,1811
2274,1801
2419,1797
2561,1807
2683,1826
2795,1849
2885,1883
2948,1918
3001,1955
3020,1990
2994,2015
2939,2039
2860,2068
2759,2099
2639,2131
2502,2169
2350,2201
2190,2233
2025,2267
1849,2290
1685,2311
1548,2326
1406,2317
1277,2312
1163,2304
1067,2290
1003,2275
959,2253
936,2225
930,2195
963,2163
1006,2123
1074,2087
1168,2046
1281,1998
1412,1947
1551,1904
1701,1861
1857,1827
2017,1802
2174,1781
2328,1762
2474,1769
2605,1782
2733,1809
2839,1836
2925,1871
2975,1899
3006,1940
3019,1971
2981,2005
2920,2032
2832,2064
2720,2097
2594,2136
2448,2174
2300,2215
2150,2248
1989,2279
1813,2296
1652,2317
1500,2327
1360,2328
1235,2327
1142,2320
1041,2305
982,2289
948,2264
931,2236
939,2212
985,2178
1027,2140
1098,2097
1194,2054
1314,2013
1448,1961
1591,1919
1742,1879
1903,1846
2063,1815
2218,1799
2368,1796
2502,1803
2636,1821
2745,1839
2850,1866
2928,1905
2981,1934
3005,1970
3007,1999
2962,2026
2889,2054
2800,2081
2685,2117
2543,2157
2394,2199
2235,2227
2086,2255
1926,2280
1764,2301
1611,2312
1455,2316
1322,2321
1199,2311
1100,2301
1026,2284
971,2265
939,2236
926,2206
950,2173
995,2138
1053,2099
1134,2058
1235,2009
1356,1965
1495,1928
1644,1883
1799,1843
1955,1814
2113,1782
2273,1765
2434,1762
2571,1775
2684,1798
2797,1821
2885,1857
2954,1894
2998,1929
3018,1960
3000,1996
2947,2020
2868,2051
2769,2078
2656,2114
2520,2155
2355,2201
2198,2228
2037,2271
1873,2301
1713,2312
1561,2326
1417,2330
1287,2328
1166,2322
1067,2308
986,2295
954,2278
930,2253
930,2224
957,2187
1004,2151
1074,2113
1158,2069
1268,2027
1395,1979
1534,1936
1676,1897
1824,1862
1988,1837
2155,1813
2312,1791
2456,1796
2592,1806
2714,1829
2820,1858
2902,1891
2960,1926
2992,1962
3006,1991
2974,2024
2918,2053
2838,2080
2737,2105
2605,2137
2461,2173
2308,2211
2148,2242
1988,2272
1819,2293
1660,2309
1512,2315
1372,2319
1254,2316
1151,2304
1056,2283
988,2269
949,2247
931,2220
934,2189
973,2153
1025,2114
1100,2075
1194,2026
1312,1981
1449,1935
1604,1896
1751,1857
1894,1825
2049,1791
2208,1774
2359,1766
2509,1769
2641,1785
2758,1811
2856,1841
2934,1879
2989,1915
3016,1953
3019,1985
2961,2005
2897,2038
2808,2068
2698,2103
2566,2142
2421,2183
2265,2219
2103,2253
1940,2283
1781,2308
1618,2327
1457,2336
1316,2331
1207,2324
1111,2311
1031,2298
973,2281
943,2260
927,2235
940,2197
982,2165
1039,2133
1113,2091
1210,2042
1322,2000
1468,1960
1624,1911
1772,1872
1929,1841
2093,1815
2245,1795
2395,1793
2535,1799
2658,1820
2771,1848
2862,1880
2935,1911
2986,1942
3013,1975
3008,2006
2947,2037
2872,2062
2775,2090
2660,2120
2524,2159
2373,2199
2224,2227
2067,2258
1910,2279
1737,2293
1580,2312
1430,2315
1298,2312
1178,2307
1082,2294
1006,2277
965,2258
941,2232
938,2204
964,2167
1007,2129
1063,2085
1147,2050
1257,2002
1385,1956
1522,1913
1669,1875
1828,1836
1990,1806
2149,1784
2305,1767
2449,1764
2584,1773
2699,1794
2805,1834
2900,1870
2965,1895
3002,1934
3022,1966
2997,1996
2933,2023
2852,2054
2749,2091
2627,2126
2476,2161
2315,2209
2154,2249
2005,2276
1846,2302
1687,2316
1533,2324
1400,2325
1263,2328
1147,2317
1055,2305
988,2287
945,2273
926,2250
928,2213
973,2176
1021,2147
1086,2103
1178,2057
1290,2007
1421,1970
1563,1925
1711,1888
1865,1854
2021,1822
2180,1802
2344,1786
2497,1790
2629,1809
2720,1832
2836,1862
2914,1899
2971,1932
3003,1964
3015,1998
2969,2024
2907,2049
2819,2076
2714,2106
2589,2144
2444,2186
2281,2218
2117,2247
1955,2279
1795,2298
1635,2310
1485,2316
1349,2314
1229,2307
1126,2304
1044,2284
986,2269
942,2252
923,2217
936,2184
982,2147
1038,2107
1118,2065
1215,2020
1333,1976
1466,1931
1617,1887
1769,1848
1924,1823
2077,1799
2225,1778
2381,1766
2533,1769
2665,1790
2778,1819
2871,1849
2943,1883
2991,1919
3017,1951
3009,1982
2943,2017
2876,2042
2779,2073
2670,2109
2542,2148
2392,2190
2234,2229
2071,2260
1906,2292
1741,2313
1588,2322
1437,2330
1302,2329
1198,2322
1104,2307
1018,2290
966,2274
937,2256
928,2226
952,2195
992,2157
1054,2121
1138,2075
1239,2034
1369,1987
1514,1942
1668,1896
1809,1861
1969,1833
2125,1809
2280,1797
2432,1796
2566,1801
2689,1818
2798,1849
2891,1886
2957,1925
2999,1953
3011,1983
2981,2013
2925,2045
2853,2073
2753,2101
2626,2135
2488,2168
2337,2204
2182,2238
2024,2265
1858,2288
1695,2305
1545,2318
1386,2315
1253,2318
1152,2308
1064,2293
996,2274
953,2252
933,2226
931,2193
970,2160
1018,2120
1085,2081
1173,2036
1278,1986
1404,1937
1554,1901
1703,1864
1866,1830
2023,1796
2179,1778
2333,1768
2482,1766
2614,1779
2729,1803
2834,1832
2913,1864
2979,1896
3022,1934
3032,1970
2997,2006
2919,2031
2828,2064
2721,2097
2593,2134
2444,2173
2289,2210
2127,2248
1963,2276
1812,2295
1662,2310
1514,2327
1365,2330
1232,2326
1124,2316
1042,2304
980,2282
954,2266
929,2237
930,2208
978,2170
1033,2131
1113,2092
1197,2051
1314,2003
1448,1965
1596,1913
1748,1877
1907,1847
2065,1816
2221,1801
2373,1790
2521,1791
2648,1812
2762,1841
2854,1877
2917,1910
2967,1942
3003,1977
3007,2005
2956,2034
2884,2064
2794,2091
2682,2123
2550,2155
2403,2194
2245,2229
2079,2262
1923,2284
1757,2302
1596,2314
1453,2318
1314,2316
1202,2313
1106,2300
1024,2282
968,2262
939,2238
929,2213
942,2178
1006,2137
1057,2090
1136,2050
1239,2008
1365,1963
1503,1917
1653,1881
1802,1844
1962,1810
2117,1793
2279,1773
2431,1767
2575,1771
2698,1785
2802,1817
2892,1853
2957,1893
3000,1927
3019,1959
3002,1988
2941,2019
2865,2046
2764,2081
2647,2119
2507,2151
2352,2193
2194,2232
2031,2270
1868,2292
1709,2311
1555,2324
1410,2325
1277,2329
1163,2320
1072,2310
1007,2293
957,2269
931,2247
910,2223
953,2192
1008,2148
1074,2107
1163,2066
1273,2020
1395,1980
1542,1932
1694,1895
1847,1859
2002,1835
2157,1809
2305,1791
2458,1791
2598,1803
2718,1825
2820,1858
2901,1892
2964,1928
3002,1963
3018,1992
2980,2025
2911,2051
2826,2078
2721,2105
2597,2138
2462,2180
2301,2215
2140,2247
1978,2276
1822,2296
1664,2310
1510,2318
1368,2319
1238,2315
1129,2300
1048,2284
993,2264
961,2247
937,2218
935,2190
975,2154
1032,2110
1101,2069
1195,2025
1312,1978
1442,1937
1589,1890
1750,1851
1908,1817
2074,1792
2221,1777
2366,1768
2512,1770
2644,1786
2761,1810
2857,1851
2930,1879
2982,1915
3017,1949
3020,1981
2975,2010
2900,2044
2803,2067
2685,2101
2556,2140
2412,2180
2259,2219
2092,2253
1925,2281
1769,2304
1610,2317
1460,2323
1314,2329
1198,2328
1106,2316
1027,2306
971,2273
939,2257
923,2230
941,2197
983,2163
1044,2123
1123,2084
1224,2038
1346,1997
1488,1953
1639,1909
1787,1866
1944,1840
2100,1812
2254,1798
2409,1797
2554,1798
2674,1818
2795,1845
2873,1877
2940,1918
2997,1953
3025,1981
3006,2004
2940,2036
2863,2068
2769,2092
2653,2132
2514,2165
2363,2204
2206,2238
2044,2267
1884,2289
1725,2304
1576,2315
1425,2315
1284,2314
1170,2301
1081,2296
1007,2277
966,2256
937,2232
930,2203
959,2167
1008,2128
1075,2087
1160,2045
1262,2001
1382,1953
1532,1907
1682,1864
1842,1832
1999,1804
2157,1781
2310,1770
2456,1767
2592,1778
2718,1803
2824,1832
2904,1874
2955,1900
3002,1931
3024,1961
2991,1996
2927,2023
2841,2057
2734,2091
2610,2126
2471,2164
2318,2207
2157,2243
1988,2270
1824,2298
1671,2309
1526,2323
1382,2325
1248,2321
1132,2315
1050,2300
989,2288
950,2268
930,2241
926,2213
962,2176
1018,2136
1096,2092
1199,2053
1303,2010
1430,1967
1574,1925
1728,1885
1885,1851
2042,1825
2197,1804
2349,1796
2491,1793
2635,1804
2751,1828
2855,1866
2927,1903
2974,1937
3005,1970
3017,2000
2965,2031
2903,2057
2806,2090
2695,2118
2565,2153
2423,2185
2270,2220
2112,2260
1947,2289
1779,2301
1628,2316
1475,2318
1334,2318
1215,2311
1112,2303
1031,2284
977,2265
938,2244
917,2219
928,2188
983,2155
1047,2107
1128,2060
1225,2015
1342,1968
1478,1923
1625,1881
1780,1845
1936,1809
2092,1787
2245,1774
2398,1768
2541,1778
2677,1789
2785,1817
2877,1850
2945,1883
2994,1923
3018,1954
3009,1983
2951,2016
2876,2040
2780,2073
2670,2112
2540,2148
2389,2181
2220,2219
2054,2259
1889,2289
1728,2306
1576,2318
1431,2326
1296,2324
1179,2318
1085,2307
1015,2295
972,2272
950,2245
927,2216
948,2186
996,2153
1064,2114
1150,2071
1255,2024
1378,1979
1520,1938
1670,1898
1826,1862
1988,1834
2139,1816
2288,1799
2438,1797
2578,1804
2703,1828
2810,1852
2896,1887
2956,1925
2995,1957
3018,1988
2990,2023
2925,2051
2837,2083
2730,2112
2610,2141
2479,2178
2325,2214
2169,2245
2006,2273
1842,2296
1683,2308
1531,2317
1387,2321
1258,2318
1136,2310
1046,2298
979,2273
950,2254
935,2229
930,2197
964,2164
1018,2124
1090,2075
1181,2033
1296,1987
1423,1941
1562,1896
1714,1853
1874,1815
2044,1791
2197,1775
2347,1766
2486,1768
2620,1777
2742,1805
2845,1838
2924,1872
2975,1909
3010,1940
3024,1969
2986,1995
2927,2027
2831,2059
2706,2093
2579,2132
2434,2173
2280,2213
2122,2246
1955,2275
1791,2299
1637,2313
1492,2316
1345,2318
1216,2317
1116,2316
1032,2301
975,2282
939,2259
927,2232
937,2201
982,2167
1040,2129
1118,2085
1208,2041
1318,1997
1445,1960
1605,1919
1763,1879
1926,1849
2083,1818
2238,1801
2382,1794
2530,1798
2659,1814
2770,1839
2861,1870
2925,1914
2973,1950
3003,1986
3005,2011
2956,2037
2883,2064
2784,2092
2669,2128
2535,2163
2385,2197
2226,2231
2070,2265
1896,2291
1742,2309
1596,2324
1452,2316
1305,2312
1188,2308
1089,2298
1015,2285
964,2261
937,2238
925,2211
944,2176
994,2140
1062,2099
1155,2049
1266,1999
1374,1957
1508,1913
1659,1870
1809,1838
1973,1803
2132,1781
2284,1769
2439,1759
2577,1771
2704,1790
2817,1823
2908,1859
2963,1893
2995,1927
3018,1957
2995,1987
2941,2014
2858,2049
2757,2081
2635,2118
2496,2157
2346,2194
2190,2233
2021,2272
1848,2300
1685,2311
1540,2320
1398,2325
1274,2321
1159,2316
1065,2304
996,2287
955,2268
934,2243
929,2219
958,2190
997,2151
1062,2105
1167,2061
1285,2016
1413,1968
1554,1929
1704,1891
1860,1856
2019,1825
2178,1806
2328,1801
2467,1797
2603,1812
2723,1830
2833,1864
2916,1900
2968,1936
3003,1968
3011,1997
2974,2029
2909,2053
2820,2084
2710,2118
2578,2152
2440,2184
2292,2214
2136,2250
1987,2284
1804,2305
1646,2316
1495,2321
1356,2324
1226,2315
1117,2305
1043,2291
986,2271
959,2247
943,2215
935,2184
979,2151
1034,2114
1111,2067
1204,2025
1320,1979
1455,1932
1602,1887
1760,1848
1921,1813
2080,1788
2224,1769
2365,1765
2521,1775
2651,1787
2772,1810
2864,1841
2937,1880
2992,1913
3019,1947
3021,1975
2969,2001
2894,2031
2790,2062
2668,2103
2538,2147
2399,2186
2246,2220
2082,2252
1918,2306
1761,2301
1602,2317
1455,2320
1318,2329
1200,2317
1089,2304
1017,2294
969,2276
945,2255
932,2224
947,2199
990,2155
1053,2118
1135,2075
1232,2027
1358,1990
1491,1948
1639,1905
1796,1864
1965,1829
2133,1812
2275,1794
2423,1795
2560,1802
2684,1817
2793,1851
2883,1882
2945,1918
2986,1957
3009,1983
2998,2013
2946,2042
2874,2074
2766,2104
2639,2139
2488,2178
2349,2209
2194,2248
2029,2276
1860,2298
1705,2311
1556,2319
1415,2319
1286,2314
1168,2316
1067,2304
1000,2281
953,2247
933,2235
927,2203
956,2179
1011,2130
1078,2085
1171,2042
1278,1993
1406,1948
1541,1910
1684,1871
1833,1831
2003,1796
2165,1775
2323,1766
2468,1768
2607,1778
2725,1802
2832,1830
2917,1863
2976,1906
3004,1940
3014,1971
2970,1999
2919,2024
2841,2055
2734,2086
2604,2124
2461,2164
2310,2205
2148,2241
1986,2269
1815,2291
1656,2308
1503,2319
1362,2317
1241,2315
1133,2310
1047,2297
976,2281
948,2265
929,2236
929,2205
969,2171
1011,2136
1098,2094
1204,2046
1325,1999
1444,1949
1586,1915
1739,1882
1898,1849
2056,1822
2212,1811
2358,1794
2506,1799
2639,1808
2757,1839
2861,1870
2929,1901
2974,1937
3006,1977
3013,2002
2963,2030
2893,2064
2799,2090
2686,2123
2562,2160
2411,2196
2258,2230
2098,2260
1926,2290
1766,2310
1605,2328
1463,2332
1327,2330
1205,2319
1100,2306
1026,2288
972,2270
943,2244
931,2215
946,2178
985,2146
1037,2108
1111,2064
1230,2019
1352,1969
1489,1922
1636,1880
1793,1841
1949,1806
2113,1783
2262,1764
2411,1764
2547,1770
2674,1786
2788,1813
2888,1848
2953,1887
2990,1931
3021,1953
3005,1985
2953,2014
2876,2044
2778,2076
2653,2113
2513,2147
2363,2182
2214,2220
2065,2255
1897,2286
1724,2301
1568,2314
1420,2318
1295,2319
1172,2312
1075,2304
1002,2288
957,2264
934,2242
935,2211
965,2184
1015,2150
1071,2112
1152,2068
1263,2021
1389,1977
1524,1933
1674,1896
1831,1861
1995,1832
2161,1807
2312,1798
2455,1797
2587,1817
2698,1828
2815,1858
2899,1894
2959,1927
3001,1963
3014,1991
2982,2020
2925,2047
2843,2077
2738,2110
2610,2153
2459,2187
2301,2217
2147,2252
1992,2278
1830,2298
1672,2329
1522,2324
1376,2325
1254,2320
1135,2309
1048,2298
989,2279
959,2259
940,2225
930,2194
965,2162
1018,2120
1096,2078
1192,2031
1304,1986
1433,1939
1570,1889
1726,1856
1887,1819
2064,1786
2229,1765
2356,1758
2499,1762
2634,1783
2766,1803
2852,1835
2929,1872
2979,1909
3012,1940
3023,1971
2977,2000
2908,2028
2825,2057
2705,2088
2574,2132
2426,2170
2270,2207
2113,2244
1944,2273
1783,2296
1628,2308
1476,2317
1335,2317
1223,2311
1112,2305
1021,2290
971,2272
943,2257
929,2225
942,2196
980,2162
1038,2126
1116,2084
1221,2040
1341,1995
1476,1952
1616,1913
1760,1876
1915,1842
2086,1816
2245,1800
2396,1793
2535,1804
2662,1822
2777,1848
2872,1883
2941,1918
2988,1953
3006,1985
2998,2005
2947,2035
2875,2067
2778,2104
2658,2134
2520,2170
2371,2207
2210,2239
2060,2270
1893,2294
1731,2319
1575,2323
1428,2326
1299,2319
1187,2312
1091,2302
1007,2289
962,2268
937,2242
929,2211
953,2174
995,2139
1060,2099
1146,2052
1250,2004
1382,1953
1532,1913
1684,1873
1828,1832
1985,1802
2143,1776
2297,1762
2447,1763
2581,1773
2704,1794
2811,1818
2903,1856
2970,1894
3005,1931
3021,1970
2985,1993
2933,2020
2855,2044
2750,2080
2628,2116
2485,2154
2331,2193
2169,2234
2014,2260
1853,2289
1695,2305
1535,2319
1379,2323
1254,2315
1150,2308
1053,2293
991,2280
951,2262
933,2236
930,2202
968,2169
1013,2137
1080,2100
1177,2056
1296,2010
1418,1963
1558,1925
1711,1886
1867,1853
2026,1825
2186,1806
2329,1795
2483,1797
2615,1813
2733,1837
2842,1867
2930,1900
2974,1929
3002,1966
3011,2003
2970,2030
2903,2057
2815,2088
2702,2113
2577,2152
2431,2190
2278,2231
2121,2260
1972,2287
1794,2304
1636,2319
1487,2329
1348,2329
1225,2316
1118,2310
1046,2294
976,2275
943,2253
933,2225
940,2192
977,2152
1031,2112
1103,2077
1212,2031
1330,1979
1465,1933
1610,1890
1763,1847
1919,1810
2080,1791
2239,1764
2389,1757
2525,1771
2651,1791
2760,1811
2866,1844
2943,1879
2990,1914
3014,1947
3018,1990
2961,2008
2887,2038
2795,2069
2680,2107
2539,2145
2390,2176
2225,2216
2064,2246
1914,2272
1748,2297
1596,2310
1437,2326
1308,2316
1191,2312
1096,2300
1024,2288
962,2270
930,2244
925,2212
949,2178
1003,2150
1054,2115
1135,2070
1238,2027
1368,1982
1505,1940
1651,1900
1809,1858
1965,1831
2124,1808
2282,1791
2437,1788
2578,1801
2692,1825
2798,1855
2891,1894
2955,1923
2994,1960
3015,1988
2991,2017
2932,2047
2855,2074
2751,2101
2636,2137
2496,2180
2342,2218
2179,2251
2018,2279
1858,2301
1701,2317
1545,2327
1397,2329
1268,2325
1160,2316
1064,2302
979,2297
942,2272
935,2242
930,2208
962,2169
1009,2129
1076,2088
1172,2042
1278,1997
1406,1953
1548,1902
1696,1866
1854,1831
2013,1802
2180,1781
2332,1763
2477,1763
2611,1782
2728,1800
2835,1832
2919,1867
2967,1903
3019,1935
3018,1969
2977,1999
2926,2028
2845,2055
2728,2080
2598,2124
2450,2165
2299,2203
2138,2236
1968,2267
1812,2289
1654,2306
1501,2316
1362,2317
1242,2313
1148,2305
1053,2285
980,2272
943,2249
929,2226
933,2197
972,2161
1031,2124
1105,2086
1201,2039
1321,1998
1457,1955
1602,1912
1746,1873
1903,1839
2060,1818
2219,1801
2375,1797
2518,1793
2646,1813
2764,1842
2856,1875
2937,1908
2986,1945
3008,1982
3003,2015
2946,2044
2855,2065
2796,2091
2682,2123
2550,2170
2401,2200
2243,2236
2086,2267
1924,2291
1762,2320
1600,2333
1443,2339
1307,2332
1190,2323
1101,2309
1025,2293
970,2271
938,2250
928,2221
946,2188
987,2149
1044,2113
1135,2069
1229,2019
1353,1968
1499,1915
1648,1885
1800,1848
1958,1810
2113,1782
2268,1766
2417,1761
2557,1775
2686,1791
2796,1820
2883,1851
2955,1884
3002,1913
3031,1957
3007,1985
2946,2015
2868,2043
2768,2075
2652,2110
2514,2146
2362,2188
2200,2226
2041,2253
1884,2277
1722,2297
1578,2310
1426,2315
1278,2313
1166,2308
1073,2297
1004,2281
962,2263
939,2237
934,2209
966,2173
1003,2136
1066,2097
1148,2066
1265,2011
1393,1969
1533,1929
1687,1891
1842,1855
2003,1826
2163,1804
2315,1794
2460,1791
2589,1810
2702,1831
2805,1869
2902,1904
2965,1935
2999,1960
3016,2001
2981,2020
2921,2052
2842,2081
2727,2110
2599,2148
2455,2187
2297,2225
2146,2257
1994,2287
1827,2300
1668,2321
1510,2329
1371,2325
1245,2326
1135,2315
1048,2300
981,2282
940,2259
927,2235
935,2201
985,2165
1037,2138
1096,2074
1187,2039
1300,1994
1436,1949
1580,1906
1726,1864
1887,1826
2047,1795
2208,1772
2366,1761
2515,1763
2645,1785
2758,1804
2853,1839
2932,1875
2983,1911
3011,1942
3020,1972
2970,2001
2905,2032
2816,2059
2700,2094
2576,2133
2423,2172
2257,2209
2099,2243
1938,2271
1777,2291
1625,2307
1476,2315
1334,2316
1210,2311
1117,2299
1030,2288
976,2273
934,2250
916,2226
930,2189
986,2153
1046,2116
1124,2073
1227,2028
1342,1984
1480,1944
1626,1902
1780,1865
1931,1838
2090,1815
2241,1796
2389,1786
2541,1797
2674,1819
2788,1843
2872,1881
2945,1915
2992,1953
3011,1989
2998,2018
2939,2044
2863,2074
2774,2097
2657,2127
2523,2169
2373,2210
2215,2247
2044,2275
1884,2301
1725,2319
1568,2332
1422,2335
1287,2331
1172,2325
1078,2305
1010,2285
975,2273
934,2245
928,2218
952,2183
998,2141
1063,2102
1147,2058
1260,2010
1391,1963
1534,1917
1682,1871
1831,1834
1989,1806
2149,1784
2307,1769
2449,1764
2586,1775
2710,1796
2819,1823
2907,1860
2970,1896
3007,1930
3020,1963
2979,1994
2916,2026
2864,2057
2742,2084
2628,2119
2481,2157
2328,2192
2170,2228
2005,2260
1843,2286
1682,2301
1524,2312
1377,2317
1248,2317
1140,2312
1056,2292
956,2272
955,2254
931,2229
932,2202
970,2170
1019,2130
1085,2088
1173,2047
1289,2003
1421,1963
1574,1921
1727,1878
1880,1842
2036,1817
2194,1798
2347,1791
2492,1794
2624,1814
2741,1839
2837,1867
2917,1904
2978,1937
3018,1967
3030,2003
2975,2031
2901,2058
2813,2091
2699,2123
2571,2156
2426,2194
2264,2230
2106,2261
1950,2289
1795,2311
1640,2327
1492,2328
1344,2331
1214,2327
1113,2312
1026,2296
975,2278
939,2258
926,2227
939,2192
993,2154
1042,2120
1121,2073
1214,2036
1323,1991
1459,1937
1616,1891
1771,1854
1929,1819
2091,1792
2244,1772
2397,1764
2540,1769
2669,1786
2782,1816
2870,1853
2932,1889
2973,1917
3010,1950
3012,1977
2961,2009
2885,2038
2790,2073
2673,2100
2537,2140
2389,2180
2229,2217
2064,2251
1896,2281
1740,2290
1591,2306
1445,2313
1322,2312
1189,2308
1091,2295
1015,2282
968,2264
940,2239
928,2214
952,2181
1012,2142
1073,2097
1146,2060
1251,2013
1375,1976
1513,1930
1663,1890
1815,1859
1970,1827
2130,1805
2287,1796
2440,1793
2585,1801
2703,1821
2805,1849
2892,1886
2959,1923
2996,1958
3017,1990
2989,2017
2926,2048
2847,2074
2749,2107
2629,2142
2489,2183
2325,2215
2158,2252
2009,2286
1848,2310
1686,2321
1536,2331
1389,2336
1259,2328
1153,2320
1065,2307
996,2286
951,2267
924,2238
915,2211
953,2180
1011,2141
1079,2093
1171,2046
1282,1999
1416,1954
1561,1911
1714,1867
1868,1833
2025,1800
2179,1780
2333,1765
2481,1761
2618,1781
2739,1801
2840,1832
2920,1867
2977,1904
3009,1937
3024,1972
2978,2003
2908,2030
2825,2062
2720,2087
2596,2122
2455,2166
2295,2207
2132,2240
1970,2270
1808,2290
1649,2307
1498,2311
1354,2316
1228,2311
1120,2301
1037,2283
989,2265
967,2246
939,2221
941,2191
979,2158
1033,2118
1110,2075
1209,2032
1320,1991
1456,1948
1599,1904
1759,1868
1919,1837
2082,1814
2235,1800
2376,1790
2520,1796
2653,1816
2768,1839
2863,1877
2932,1909
2986,1945
3012,1979
3014,2011
2962,2042
2886,2071
2779,2104
2655,2133
2533,2146
2390,2202
2232,2233
2069,2273
1910,2296
1753,2316
1609,2325
1449,2333
1313,2334
1191,2331
1084,2317
1003,2297
957,2272
935,2250
927,2220
948,2191
993,2150
1057,2108
1136,2066
1234,2018
1361,1974
1505,1930
1662,1890
1816,1840
1964,1806
2123,1786
2281,1770
2429,1766
2571,1774
2694,1791
2798,1820
2891,1854
2956,1892
3003,1927
3028,1954
3012,1982
2947,2011
2865,2043
2765,2082
2640,2113
2504,2152
2352,2190
2191,2225
2034,2255
1871,2282
1710,2300
1561,2309
1411,2313
1275,2307
1163,2309
1073,2294
1002,2276
961,2260
935,2230
929,2204
960,2171
1011,2134
1081,2090
1172,2044
1274,2002
1388,1964
1537,1926
1694,1890
1855,1849
2012,1822
2165,1798
2318,1791
2467,1793
2606,1805
2731,1832
2831,1864
2905,1897
2959,1929
2996,1965
3015,2001
2979,2026
2912,2057
2825,2082
2721,2121
2593,2152
2454,2193
2297,2226
2136,2260
1964,2288
1809,2304
1650,2319
1513,2330
1363,2331
1232,2330
1125,2322
1044,2302
982,2286
947,2263
927,2233
928,2204
968,2166
1021,2124
1102,2078
1211,2034
1322,1993
1445,1945
1591,1900
1745,1859
1904,1824
2065,1800
2219,1776
2369,1769
2515,1771
2649,1783
2765,1806
2869,1843
2939,1878
2986,1912
3016,1944
3018,1975
2965,2004
2898,2036
2805,2067
2689,2101
2557,2137
2408,2177
2261,2213
2103,2244
1923,2279
1761,2294
1611,2303
1473,2313
1330,2312
1208,2308
1106,2297
1024,2281
970,2263
945,2244
933,2213
950,2188
991,2152
1054,2108
1133,2066
1235,2019
1353,1977
1492,1936
1636,1897
1791,1859
1950,1827
2106,1805
2262,1797
2414,1791
2554,1801
2689,1816
2791,1847
2880,1884
2946,1919
2991,1958
3014,1986
3002,2015
2941,2045
2860,2073
2767,2108
2641,2140
2515,2172
2368,2210
2198,2241
2031,2275
1868,2304
1710,2318
1561,2330
1413,2335
1283,2329
1165,2323
1075,2313
999,2295
960,2271
939,2244
926,2210
952,2181
1003,2142
1071,2101
1161,2055
1267,2006
1391,1961
1537,1913
1688,1878
1843,1839
2000,1807
2156,1782
2310,1767
2457,1771
2597,1779
2723,1801
2835,1831
2905,1862
2963,1897
3003,1928
3024,1965
2988,1996
2925,2026
2843,2059
2729,2092
2597,2123
2468,2158
2320,2201
2157,2236
1994,2265
1832,2286
1672,2302
1520,2312
1382,2312
1250,2311
1138,2304
1049,2291
986,2269
951,2250
934,2223
932,2195
971,2161
1021,2123
1096,2083
1193,2039
1305,1993
1435,1954
1578,1911
1726,1869
1892,1833
2064,1806
2212,1802
2354,1793
2501,1793
2632,1809
2751,1834
2853,1867
2927,1904
2978,1942
3006,1973
3014,2003
2971,2027
2906,2056
2817,2088
2690,2129
2558,2162
2412,2197
2262,2234
2100,2265
1933,2297
1772,2316
1621,2328
1463,2328
1335,2328
1212,2325
1112,2317
1022,2304
968,2281
939,2258
926,2230
947,2193
983,2160
1045,2121
1126,2075
1220,2027
1335,1982
1469,1941
1619,1904
1784,1855
1943,1820
2098,1793
2254,1776
2406,1767
2553,1773
2677,1787
2788,1817
2871,1847
2943,1883
2985,1919
3012,1957
3007,1987
2953,2010
2877,2041
2780,2071
2659,2108
2527,2141
2376,2186
2214,2223
2056,2251
1893,2279
1732,2296
1583,2310
1430,2310
1300,2305
1180,2305
1083,2297
1013,2280
963,2260
936,2236
932,2206
949,2174
1004,2138
1065,2098
1163,2056
1286,2011
1397,1957
1525,1919
1674,1884
1830,1849
1990,1822
2146,1805
2302,1789
2446,1791
2586,1802
2710,1821
2822,1849
2897,1884
2956,1936
2994,1962
3012,1994
2994,2023
2926,2050
2840,2084
2734,2116
2613,2148
2472,2184
2321,2218
2162,2258
1994,2289
1821,2315
1656,2327
1521,2329
1383,2338
1256,2329
1142,2322
1051,2307
987,2298
949,2266
929,2238
921,2212
961,2178
1009,2140
1074,2094
1172,2046
1300,1999
1426,1952
1568,1911
1719,1874
1886,1832
2036,1802
2194,1782
2347,1775
2494,1775
2625,1784
2745,1800
2852,1830
2930,1869
2979,1909
3010,1939
3020,1970
2969,2010
2906,2031
2819,2060
2706,2094
2569,2134
2431,2167
2277,2201
2129,2230
1973,2267
1796,2287
1633,2306
1482,2314
1347,2311
1225,2308
1119,2297
1034,2284
985,2268
943,2242
934,2215
949,2184
990,2151
1048,2113
1119,2072
1218,2029
1334,1987
1472,1939
1617,1900
1773,1859
1935,1831
2091,1805
2242,1792
2383,1786
2516,1803
2662,1823
2777,1840
2870,1875
2927,1911
2987,1949
3011,1983
3007,2008
2953,2041
2866,2065
2774,2103
2648,2136
2509,2174
2377,2216
2225,2243
2060,2274
1903,2301
1735,2318
1579,2328
1434,2333
1296,2332
1174,2324
1076,2315
1000,2298
956,2282
943,2252
926,2220
948,2186
997,2152
1058,2108
1141,2066
1246,2020
1368,1966
1507,1928
1658,1895
1814,1849
1983,1814
2155,1787
2300,1766
2440,1765
2571,1778
2703,1797
2811,1826
2895,1861
2964,1899
2999,1928
3020,1957
2994,1982
2941,2012
2865,2043
2761,2080
2632,2120
2473,2154
2335,2193
2179,2229
2017,2261
1859,2285
1692,2304
1545,2308
1401,2310
1261,2305
1162,2307
1068,2295
989,2277
956,2253
935,2227
933,2197
969,2166
1020,2127
1086,2088
1177,2040
1292,1996
1418,1960
1559,1917
1701,1883
1851,1846
2015,1817
2184,1798
2336,1786
2481,1788
2613,1794
2736,1829
2834,1860
2920,1897
2966,1940
3000,1970
3007,2001
2965,2032
2902,2054
2824,2084
2711,2122
2581,2157
2437,2200
2282,2231
2121,2260
1957,2293
1795,2313
1637,2327
1483,2332
1342,2333
1230,2320
1124,2315
1039,2308
975,2286
938,2266
924,2231
929,2212
977,2167
1030,2135
1104,2085
1214,2034
1336,1985
1467,1937
1602,1897
1755,1861
1914,1824
2083,1801
2229,1779
2381,1773
2524,1775
2654,1788
2779,1818
2870,1849
2943,1877
2987,1912
3003,1951
3007,1980
2956,2004
2888,2031
2795,2063
2680,2099
2551,2137
2399,2180
2246,2213
2081,2246
1920,2274
1752,2293
1580,2309
1447,2323
1317,2315
1197,2301
1099,2283
1020,2278
970,2259
948,2241
933,2210
952,2177
993,2143
1048,2106
1126,2064
1238,2024
1366,1976
1510,1927
1655,1891
1804,1856
1966,1829
2123,1803
2276,1790
2421,1784
2553,1799
2681,1822
2802,1850
2891,1880
2965,1922
2982,1959
3013,1985
2992,2019
2935,2050
2857,2068
2753,2109
2628,2145
2488,2182
2339,2219
2185,2246
2033,2278
1874,2304
1702,2330
1547,2331
1366,2334
1270,2328
1148,2314
1061,2312
994,2294
952,2270
924,2245
922,2212
963,2178
1014,2145
1078,2099
1160,2055
1271,2007
1402,1961
1541,1919
1699,1878
1853,1841
2015,1811
2172,1789
2330,1775
2476,1779
2608,1793
2727,1812
2824,1835
2911,1869
2970,1905
3008,1937
3022,1969
2979,1996
2919,2023
2836,2052
2725,2085
2602,2126
2453,2168
2286,2207
2124,2236
1976,2266
1819,2288
1663,2300
1509,2309
1366,2316
1242,2302
1134,2296
1046,2285
986,2269