2048,3050
1932,2027
1795,2063
1647,2088
1521,2108
1388,2127
1261,2157
1176,2186
1112,2209
1078,2226
1057,2232
1054,2243
1094,2246
1152,2243
1227,2241
1323,2239
1434,2236
1548,2237
1700,2242
1858,2228
2018,2220
2174,2201
2332,2179
2484,2159
2631,2127
2761,2102
2882,2073
2973,2040
3047,2011
3100,1985
3143,1954
3150,1943
3103,1927
3035,1915
2951,1916
2841,1902
2712,1922
2567,1935
2410,1947
2249,1966
2087,1983
1928,1997
1782,2019
1650,2052
1484,2083
1355,2113
1251,2132
1166,2155
1111,2180
1073,2194
1059,2204
1066,2208
1105,2212
1163,2210
1242,2215
1330,2214
1439,2209
1581,2206
1729,2203
1882,2192
2036,2182
2195,2161
2348,2152
2500,2132
2642,2106
2775,2085
2890,2064
2975,2038
3043,2013
3102,1987
3135,1969
3140,1951
3083,1935
3013,1935
2924,1935
2810,1944
2677,1949
2529,1962
2371,1977
2208,1994
2052,2007
1900,2034
1739,2064
1582,2088
1441,2113
1325,2134
1225,2165
1146,2189
1090,2208
1063,2217
1054,2225
1065,2227
1101,2230
1153,2238
1241,2237
1344,2235
1466,2235
1601,2227
1750,2226
1901,2210
2062,2203
2219,2187
2378,2164
2517,2140
2650,2111
2783,2090
2905,2052
2996,2022
3067,1996
3112,1970
3136,1950
3130,1927
3075,1914
3000,1905
2904,1904
2786,1911
2651,1918
2518,1935
2367,1939
2196,1958
2030,1981
1866,2003
1724,2028
1566,2054
1428,2079
1310,2109
1213,2133
1140,2160
1090,2176
1072,2190
1065,2199
1081,2203
1112,2207
1177,2209
1258,2203
1361,2204
1483,2203
1622,2201
1771,2195
1928,2183
2086,2173
2240,2158
2385,2143
2526,2118
2672,2091
2808,2070
2914,2043
3004,2021
3071,1995
3115,1978
3137,1956
3114,1939
3056,1931
2978,1927
2875,1923
2758,1925
2634,1933
2477,1957
2312,1979
2152,1996
1988,2018
1829,2038
1680,2064
1531,2096
1408,2114
1282,2137
1187,2167
1123,2191
1083,2202
1054,2219
1045,2226
1068,2228
1119,2228
1186,2228
1265,2226
1375,2227
1497,2226
1640,2221
1793,2218
1952,2211
2108,2197
2257,2184
2406,2154
2563,2123
2705,2102
2827,2074
2932,2039
3017,2015
3080,1979
3119,1961
3140,1941
3107,1922
3047,1909
2962,1901
2856,1900
2750,1906
2606,1917
2450,1931
2291,1945
2129,1963
1970,1987
1812,2006
1659,2037
1515,2058
1384,2078
1272,2113
1189,2130
1112,2155
1069,2180
1051,2192
1045,2203
1079,2202
1131,2198
1202,2203
1290,2197
1401,2196
1530,2199
1660,2189
1799,2190
1961,2183
2131,2167
2289,2149
2441,2133
2586,2103
2717,2080
2841,2056
2941,2026
3025,2003
3082,1982
3104,1963
3118,1947
3097,1933
3035,1923
2946,1919
2837,1927
2711,1931
2571,1947
2416,1962
2256,1980
2090,1998
1930,2020
1773,2049
1628,2073
1491,2088
1371,2117
1251,2137
1159,2167
1095,2186
1058,2206
1041,2213
1038,2221
1076,2224
1134,2225
1208,2227
1305,2220
1415,2218
1544,2222
1674,2219
1834,2215
1995,2201
2137,2190
2313,2164
2463,2138
2612,2112
2745,2084
2857,2062
2957,2029
3033,2002
3082,1979
3108,1947
3123,1926
3088,1908
3023,1903
2934,1898
2824,1900
2697,1907
2552,1915
2401,1932
2237,1950
2070,1969
1907,1987
1757,2003
1623,2029
1479,2063
1345,2086
1238,2120
1155,2142
1095,2162
1060,2180
1044,2190
1050,2194
1088,2200
1148,2195
1227,2193
1329,2194
1438,2201
1562,2195
1712,2188
1866,2174
2019,2169
2176,2154
2330,2136
2478,2118
2629,2090
2757,2068
2874,2041
2965,2022
3031,2001
3077,1979
3121,1956
3123,1941
3077,1924
3002,1919
2911,1921
2803,1926
2669,1938
2521,1950
2361,1965
2196,1985
2039,1997
1884,2022
1730,2052
1575,2073
1434,2099
1313,2124
1213,2154
1138,2176
1081,2196
1052,2206
1046,2219
1057,2218
1106,2220
1148,2217
1224,2221
1330,2220
1450,2226
1586,2221
1734,2214
1887,2206
2046,2197
2207,2178
2362,2158
2507,2129
2643,2085
2760,2084
2883,2054
2987,2021
3058,1985
3101,1961
3124,1941
3120,1921
3069,1905
2991,1900
2897,1899
2776,1903
2640,1907
2493,1925
2353,1940
2192,1955
2021,1968
1861,1995
1706,2017
1559,2042
1421,2070
1302,2100
1201,2118
1130,2152
1080,2165
1060,2179
1054,2193
1072,2190
1108,2193
1165,2196
1248,2191
1351,2197
1470,2197
1648,2191
1758,2184
1912,2178
2076,2161
2234,2147
2384,2130
2527,2110
2650,2083
2792,2057
2904,2033
2995,2005
3063,1983
3105,1966
3127,1946
3107,1927
3053,1919
2974,1922
2868,1923
2747,1926
2606,1936
2465,1950
2312,1968
2150,1987
1987,2004
1826,2029
1673,2056
1531,2085
1392,2103
1272,2138
1181,2154
1111,2181
1074,2191
1061,2207
1044,2219
1062,2221
1106,2220
1172,2219
1258,2216
1362,2217
1488,2221
1624,2219
1779,2209
1938,2196
2103,2186
2259,2177
2402,2155
2553,2124
2690,2093
2819,2067
2922,2033
3004,2007
3063,1980
3110,1954
3132,1936
3106,1913
3045,1901
2958,1901
2846,1901
2725,1899
2596,1910
2449,1923
2290,1943
2129,1958
1969,1981
1814,2001
1659,2027
1515,2052
1382,2080
1265,2101
1174,2121
1117,2144
1063,2163
1041,2173
1041,2188
1076,2194
1124,2197
1191,2195
1281,2196
1391,2194
1522,2189
1661,2182
1807,2177
1947,2171
2120,2159
2281,2136
2433,2116
2580,2097
2711,2073
2833,2045
2936,2022
3018,1994
3077,1971
3105,1953
3117,1939
3077,1924
3022,1919
2943,1919
2839,1918
2709,1925
2565,1935
2414,1950
2255,1966
2089,1990
1928,2017
1769,2043
1621,2067
1480,2086
1368,2113
1253,2140
1157,2157
1092,2184
1053,2204
1034,2216
1032,2214
1072,2224
1127,2218
1199,2214
1290,2217
1410,2218
1547,2217
1679,2210
1828,2204
1984,2196
2145,2184
2307,2161
2457,2140
2604,2114
2737,2086
2855,2056
2953,2026
3032,2001
3084,1976
3100,1955
3111,1930
3079,1909
3018,1899
2933,1897
2823,1896
2694,1905
2550,1913
2395,1928
2233,1947
2071,1971
1903,1990
1745,2013
1603,2030
1468,2063
1345,2084
1237,2110
1152,2135
1098,2164
1059,2174
1042,2183
1045,2194
1085,2193
1135,2196
1213,2193
1322,2186
1438,2193
1576,2193
1703,2190
1856,2178
2015,2164
2170,2147
2326,2130
2476,2112
2619,2095
2755,2058
2871,2030
2972,2012
3042,1992
3087,1972
3109,1946
3121,1930
3066,1919
2998,1917
2907,1916
2795,1915
2669,1928
2519,1935
2365,1958
2202,1978
2022,2004
1859,2024
1705,2048
1574,2071
1431,2097
1322,2121
1214,2153
1132,2173
1081,2194
1045,2205
1030,2216
1046,2219
1099,2221
1162,2207
1224,2207
1323,2214
1444,2192
1582,2216
1729,2213
1883,2205
2040,2193
2201,2179
2360,2159
2510,2140
2650,2096
2775,2077
2872,2049
2979,2025
3055,1992
3099,1968
3122,1942
3114,1921
3061,1905
2987,1897
2894,1897
2778,1901
2643,1903
2494,1922
2329,1941
2180,1958
2022,1969
1858,1993
1702,2015
1557,2041
1426,2063
1302,2096
1201,2117
1127,2140
1072,2169
1061,2180
1036,2192
1072,2189
1139,2191
1166,2190
1249,2188
1348,2192
1469,2193
1609,2192
1759,2183
1912,2173
2077,2167
2227,2137
2385,2117
2536,2094
2668,2081
2791,2052
2901,2026
2991,2001
3061,1976
3101,1957
3121,1935
3105,1922
3049,1915
2975,1908
2875,1911
2750,1923
2598,1939
2444,1946
2305,1966
2147,1983
1989,1995
1823,2031
1667,2050
1521,2078
1389,2106
1272,2132
1178,2159
1103,2181
1057,2192
1032,2207
1037,2214
1060,2218
1107,2216
1166,2217
1255,2213
1364,2214
1486,2212
1635,2216
1774,2210
1935,2199
2091,2182
2259,2161
2425,2139
2564,2114
2691,2091
2795,2066
2922,2039
3003,2008
3058,1983
3105,1959
3126,1935
3101,1918
3047,1905
2968,1900
2859,1905
2728,1909
2589,1908
2442,1927
2288,1943
2128,1960
1966,1981
1805,2001
1655,2026
1515,2046
1381,2070
1268,2106
1172,2129
1094,2150
1047,2169
1053,2180
1038,2185
1075,2183
1126,2195
1189,2186
1277,2188
1385,2192
1514,2195
1670,2193
1817,2178
1977,2166
2123,2146
2281,2134
2430,2115
2575,2088
2712,2066
2828,2041
2933,2011
3017,1989
3064,1967
3110,1950
3122,1933
3085,1914
3023,1921
2939,1917
2833,1919
2708,1924
2561,1933
2410,1951
2253,1975
2091,1989
1928,2010
1771,2023
1620,2054
1471,2081
1338,2108
1240,2149
1157,2170
1091,2186
1051,2203
1032,2206
1030,2219
1071,2223
1131,2224
1192,2211
1282,2209
1407,2215
1535,2216
1683,2210
1833,2199
1977,2189
2129,2182
2296,2162
2453,2137
2598,2114
2731,2085
2846,2057
2949,2028
3025,1998
3079,1967
3127,1947
3133,1931
3087,1915
3021,1912
2930,1899
2823,1894
2696,1906
2545,1907
2401,1927
2239,1943
2079,1963
1927,1983
1759,2009
1596,2041
1453,2062
1344,2084
1239,2109
1156,2138
1093,2157
1058,2169
1038,2173
1044,2184
1085,2192
1139,2194
1213,2193
1299,2192
1418,2184
1550,2190
1701,2183
1855,2171
2008,2168
2169,2149
2320,2132
2472,2112
2616,2088
2737,2063
2860,2033
2956,2003
3041,1975
3104,1956
3124,1942
3118,1926
3064,1917
3002,1909
2911,1909
2799,1913
2666,1922
2523,1936
2368,1949
2207,1971
2050,1995
1876,2031
1726,2050
1567,2071
1437,2089
1314,2121
1216,2144
1132,2163
1079,2184
1056,2202
1030,2206
1036,2215
1071,2220
1131,2222
1220,2222
1318,2212
1439,2215
1575,2214
1721,2211
1875,2201
2030,2191
2189,2177
2339,2151
2487,2141
2640,2107
2776,2077
2897,2042
2980,2013
3047,2001
3095,1965
3121,1941
3116,1925
3062,1908
2993,1903
2897,1903
2782,1906
2649,1913
2506,1918
2351,1931
2192,1948
2029,1972
1864,1991
1710,2018
1561,2037
1422,2067
1306,2089
1208,2119
1137,2139
1086,2159
1049,2176
1034,2182
1040,2190
1092,2198
1162,2195
1240,2189
1342,2190
1458,2192
1609,2197
1751,2184
1904,2176
2058,2160
2216,2147
2365,2126
2516,2091
2662,2068
2787,2050
2895,2022
2982,1996
3054,1977
3098,1957
3119,1944
3107,1924
3050,1909
2974,1908
2868,1909
2760,1909
2630,1914
2471,1938
2317,1958
2150,1981
1992,2000
1840,2027
1672,2050
1530,2077
1393,2101
1281,2128
1191,2155
1113,2181
1068,2202
1046,2211
1021,2215
1052,2217
1104,2221
1161,2215
1252,2213
1352,2215
1479,2213
1614,2220
1768,2207
1927,2198
2082,2190
2241,2172
2381,2148
2537,2124
2683,2097
2810,2070
2915,2041
2999,2014
3067,1982
3108,1958
3124,1940
3101,1921
3039,1907
2958,1902
2864,1895
2745,1897
2609,1909
2448,1923
2290,1936
2132,1958
1974,1975
1813,2003
1659,2030
1516,2051
1384,2072
1268,2097
1183,2123
1120,2146
1071,2167
1042,2185
1040,2187
1072,2187
1120,2193
1182,2191
1279,2183
1389,2183
1527,2188
1645,2182
1785,2184
1933,2176
2115,2163
2277,2139
2426,2114
2569,2089
2704,2065
2824,2040
2929,2014
3007,1991
3064,1963
3101,1943
3124,1931
3100,1913
3037,1906
2953,1905
2839,1908
2711,1917
2569,1933
2414,1947
2258,1969
2093,1989
1934,2015
1787,2034
1633,2060
1496,2084
1373,2107
1252,2128
1154,2158
1092,2181
1053,2198
1017,2212
1027,2214
1067,2216
1125,2217
1201,2216
1288,2215
1400,2213
1524,2209
1659,2212
1806,2207
1975,2200
2136,2182
2292,2162
2447,2144
2593,2115
2728,2089
2846,2060
2945,2034
3022,2005
3077,1983
3101,1962
3108,1936
3089,1917
3021,1913
2935,1903
2823,1905
2695,1905
2555,1910
2399,1921
2234,1944
2073,1962
1911,1981
1759,1999
1625,2024
1486,2054
1357,2086
1238,2110
1153,2130
1097,2155
1061,2166
1039,2172
1043,2189
1084,2191
1140,2192
1222,2190
1317,2187
1430,2201
1553,2196
1697,2187
1851,2173
2006,2169
2163,2148
2319,2131
2455,2109
2614,2083
2747,2057
2868,2028
2962,2007
3032,1986
3070,1960
3102,1935
3121,1918
3069,1909
3001,1906
2913,1910
2801,1914
2672,1921
2527,1933
2367,1955
2206,1973
2040,1990
1875,2014
1732,2034
1586,2068
1441,2094
1318,2120
1214,2148
1135,2174
1080,2196
1045,2205
1029,2216
1042,2221
1099,2221
1140,2206
1216,2211
1316,2209
1435,2221
1572,2213
1718,2210
1869,2204
2028,2188
2188,2175
2345,2152
2496,2129
2635,2106
2758,2079
2863,2055
2972,2030
3050,1994
3094,1972
3107,1947
3117,1922
3063,1910
2991,1908
2897,1904
2783,1906
2649,1913
2498,1928
2336,1941
2192,1958
2029,1975
1866,1994
1709,2018
1564,2040
1428,2069
1308,2093
1206,2120
1135,2139
1079,2161
1048,2174
1045,2176
1076,2183
1115,2180
1158,2189
1239,2193
1341,2190
1462,2192
1611,2189
1747,2185
1903,2177
2061,2163
2219,2148
2378,2129
2526,2104
2655,2086
2778,2050
2892,2022
2985,1995
3055,1971
3097,1951
3118,1933
3110,1919
3058,1905
2977,1910
2879,1911
2753,1925
2607,1929
2457,1940
2312,1961
2157,1975
1992,2002
1833,2025
1679,2048
1531,2068
1397,2100
1277,2125
1182,2154
1107,2180
1061,2193
1042,2203
1041,2201
1056,2219
1105,2219
1163,2218
1248,2210
1355,2215
1478,2215
1614,2216
1768,2205
1919,2192
2088,2178
2247,2164
2410,2144
2547,2122
2675,2097
2802,2070
2911,2043
2999,2015
3064,1990
3106,1965
3126,1943
3105,1918
3047,1907
2971,1905
2864,1913
2730,1914
2592,1912
2453,1927
2297,1943
2136,1960
1975,1975
1816,1999
1663,2021
1519,2047
1390,2074
1270,2103
1176,2130
1102,2151
1055,2169
1045,2180
1043,2185
1074,2188
1121,2192
1184,2184
1272,2184
1381,2189
1506,2197
1647,2192
1808,2186
1969,2170
2080,2149
2269,2139
2423,2118
2568,2092
2704,2064
2822,2035
2923,2010
3007,1983
3069,1963
3105,1947
3123,1923
3091,1909
3023,1899
2942,1907
2841,1909
2716,1917
2574,1931
2423,1945
2263,1971
2101,1990
1938,2013
1783,2033
1632,2056
1480,2081
1343,2115
1240,2139
1158,2162
1094,2183
1053,2203
1030,2212
1029,2219
1071,2223
1120,2215
1188,2209
1275,2208
1386,2212
1521,2207
1673,2212
1826,2197
1974,2187
2130,2181
2288,2165
2445,2145
2587,2118
2722,2093
2840,2064
2944,2034
3024,1999
3082,1972
3121,1954
3135,1941
3080,1917
3019,1907
2934,1906
2828,1905
2699,1909
2551,1917
2405,1932
2244,1943
2083,1963
1925,1987
1763,2014
1603,2039
1460,2057
1357,2080
1243,2106
1158,2133
1096,2152
1059,2158
1036,2179
1042,2184
1080,2189
1139,2190
1212,2194
1298,2190
1412,2187
1553,2191
1701,2188
1848,2179
2004,2167
2157,2159
2315,2136
2466,2108
2612,2084
2739,2057
2856,2022
2952,2002
3038,1969
3101,1955
3124,1936
3121,1922
3070,1906
3003,1901
2914,1900
2805,1909
2674,1916
2526,1928
2374,1954
2214,1967
2053,1987
1890,2019
1732,2049
1574,2067
1443,2091
1321,2118
1218,2141
1137,2169
1081,2186
1048,2208
1034,2212
1038,2219
1071,2224
1121,2225
1212,2226
1314,2217
1440,2216
1569,2213
1714,2208
1871,2195
2026,2188
2181,2173
2336,2156
2485,2135
2634,2105
2769,2080
2888,2049
2978,2015
3046,1993
3096,1969
3119,1950
3119,1932
3062,1913
2991,1903
2897,1904
2780,1909
2652,1914
2513,1923
2361,1933
2193,1950
2026,1977
1866,1994
1714,2018
1567,2041
1430,2064
1306,2094
1211,2122
1137,2144
1086,2157
1058,2170
1040,2193
1034,2182
1088,2197
1159,2194
1242,2192
1338,2192
1463,2198
1599,2192
1746,2182
1906,2174
2059,2159
2212,2143
2363,2125
2525,2107
2656,2071
2788,2049
2894,2013
2965,1993
3057,1966
3096,1946
3119,1928
3106,1916
3050,1906
2972,1903
2875,1906
2762,1911
2635,1919
2487,1942
2324,1958
2160,1983
1995,2002
1838,2027
1682,2048
1535,2075
1399,2099
1283,2124
1183,2147
1118,2172
1075,2192
1044,2212
1034,2212
1056,2220
1098,2217
1163,2214
1249,2215
1350,2216
1477,2216
1617,2212
1763,2209
1926,2196
2078,2183
2228,2173
2375,2147
2535,2120
2676,2096
2800,2073
2907,2038
2994,2022
3063,1992
3107,1967
3127,1949
3105,1930
3041,1915
2962,1908
2867,1898
2750,1902
2612,1916
2456,1928
2297,1941
2143,1961
1977,1981
1817,2001
1662,2024
1521,2053
1388,2074
1272,2098
1184,2125
1119,2145
1081,2167
1050,2177
1040,2183
1069,2192
1121,2188
1176,2190
1272,2188
1383,2187
1513,2190
1645,2186
1787,2179
1933,2179
2104,2167
2267,2146
2419,2117
2564,2092
2699,2068
2822,2039
2926,2008
3010,1981
3064,1960
3099,1938
3121,1913
3094,1911
3038,1900
2951,1900
2843,1903
2720,1909
2576,1927
2423,1944
2263,1961
2101,1984
1940,2009
1783,2027
1626,2057
1493,2085
1380,2107
1261,2130
1158,2157
1096,2182
1053,2204
1033,2213
1031,2214
1068,2218
1118,2221
1191,2213
1280,2215
1395,2212
1522,2210
1650,2213
1804,2208
1966,2197
2127,2182
2287,2159
2439,2140
2586,2116
2721,2089
2841,2062
2941,2030
3019,2011
3073,1987
3098,1964
3110,1950
3082,1924
3023,1912
2935,1906
2825,1912
2700,1915
2558,1921
2406,1938
2245,1951
2080,1969
1918,1991
1763,2007
1623,2026
1494,2056
1354,2084
1245,2106
1160,2134
1097,2152
1060,2169
1043,2180
1041,2185
1076,2189
1133,2184
1215,2186
1313,2186
1432,2190
1553,2189
1693,2193
1844,2180
2001,2163
2158,2159
2316,2139
2466,2112
2614,2082
2743,2057
2861,2030
2959,2010
3025,1987
3075,1961
3099,1930
3121,1916
3071,1902
3005,1899
2915,1899
2804,1906
2678,1911
2528,1928
2376,1951
2211,1974
2045,2001
1877,2014
1722,2031
1585,2061
1447,2086
1321,2114
1217,2147
1138,2168
1080,2189
1048,2211
1030,2214
1040,2219
1077,2223
1150,2214
1217,2204
1314,2214
1432,2211
1568,2214
1712,2208
1866,2202
2024,2188
2180,2172
2344,2155
2490,2132
2631,2109
2751,2083
2866,2056
2968,2031
3046,1998
3095,1981
3119,1948
3117,1933
3066,1919
2993,1908
2907,1913
2786,1910
2656,1912
2497,1927
2342,1943
2187,1965
2030,1977
1869,1998
1716,2024
1568,2042
1431,2070
1309,2092
1212,2114
1133,2144
1078,2162
1046,2176
1042,2187
1070,2192
1115,2182
1159,2181
1237,2187
1337,2186
1460,2191
1598,2184
1743,2181
1899,2173
2055,2170
2212,2148
2371,2130
2526,2101
2658,2075
2778,2052
2891,2023
2987,1999
3055,1966
3097,1944
3120,1927
3108,1911
3048,1895
2979,1898
2882,1905
2764,1915
2613,1925
2461,1941
2319,1951
2162,1977
1999,2001
1838,2023
1681,2046
1539,2078
1404,2102
1283,2129
1187,2152
1114,2176
1062,2190
1038,2199
1034,2213
1055,2218
1097,2221
1159,2221
1243,2218
1350,2211
1470,2212
1609,2212
1762,2207
1912,2198
2070,2178
2243,2163
2402,2144
2547,2125
2673,2100
2797,2076
2907,2043
2998,2018
3061,1994
3106,1970
3123,1954
3107,1929
3049,1911
2973,1910
2869,1917
2742,1915
2602,1923
2453,1931
2299,1947
2139,1966
1979,1981
1825,2001
1665,2029
1521,2051
1395,2074
1278,2103
1182,2132
1098,2155
1055,2170
1047,2177
1043,2184
1073,2188
1119,2189
1186,2181
1270,2185
1377,2188
1498,2192
1640,2185
1805,2180
1966,2170
2115,2151
2267,2136
2418,2114
2564,2096
2702,2070
2816,2037
2920,2008
3003,1986
3068,1961
3105,1940
3133,1921
3104,1900
3035,1893
2945,1897
2843,1902
2718,1907
2576,1922
2427,1941
2264,1959
2100,1982
1945,2003
1788,2027
1638,2051
1489,2073
1346,2108
1241,2139
1163,2164
1097,2184
1054,2201
1035,2213
1029,2214
1069,2217
1121,2222
1189,2214
1280,2210
1381,2213
1512,2216
1657,2218
1813,2203
1965,2190
2128,2174
2286,2161
2439,2137
2588,2110
2718,2097
2837,2068
2939,2040
3017,2011
3080,1980
3137,1959
3141,1939
3089,1930
3021,1913
2943,1908
2828,1913
2700,1916
2556,1926
2400,1938
2246,1951
2086,1972
1919,1993
1770,2014
1620,2039
1475,2058
1346,2085
1242,2109
1157,2131
1096,2157
1061,2171
1042,2181
1053,2184
1086,2187
1144,2191
1213,2198
1301,2192
1406,2189
1539,2184
1698,2179
1844,2188
2001,2170
2160,2157
2312,2136
2469,2114
2612,2084
2744,2062
2856,2035
2953,2003
3032,1969
3095,1937
3123,1933
3121,1919
3070,1913
3002,1900
2917,1900
2810,1901
2672,1917
2527,1930
2371,1946
2210,1964
2056,1984
1902,2011
1739,2040
1588,2065
1445,2086
1324,2117
1223,2145
1136,2165
1088,2184
1046,2196
1033,2212
1056,2219
1085,2226
1142,2222
1210,2224
1310,2210
1433,2216
1566,2216
1711,2212
1858,2206
2022,2185
2180,2172
2337,2151
2499,2134
2620,2107
2756,2086
2876,2054
2973,2029
3041,1999
3093,1965
3122,1957
3120,1937
3067,1921
2993,1911
2901,1911
2783,1919
2652,1924
2516,1930
2372,1939
2199,1951
2029,1973
1869,2001
1713,2019
1571,2045
1431,2069
1312,2093
1214,2118
1134,2143
1086,2160
1059,2172
1044,2178
1060,2180
1094,2191
1175,2195
1239,2186
1333,2185
1459,2187
1599,2185
1744,2182
1899,2173
2058,2168
2213,2150
2360,2128
2503,2102
2640,2082
2778,2057
2896,2017
2985,1990
3052,1963
3097,1944
3120,1926
3097,1913
3054,1901
2977,1896
2871,1898
2760,1899
2633,1908
2497,1927
2329,1947
2162,1975
1997,1999
1838,2019
1678,2049
1539,2069
1401,2099
1284,2125
1187,2153
1134,2165
1079,2192
1059,2204
1042,2213
1060,2225
1099,2219
1163,2222
1245,2217
1348,2212
1471,2215
1610,2208
1761,2203
1918,2193
2078,2185
2227,2172
2370,2148
2523,2119
2669,2100
2797,2073
2909,2049
2994,2020
3063,1994
3101,1969
3127,1947
3115,1934
3044,1920
2955,1910
2856,1895
2739,1915
2612,1924
2457,1936
2299,1951
2150,1961
1978,1983
1824,2007
1666,2029
1522,2056
1387,2080
1273,2101
1181,2118
1128,2143
1100,2167
1056,2180
1043,2188
1072,2192
1117,2182
1185,2187
1271,2184
1377,2186
1506,2184
1646,2181
1784,2180
1927,2171
2107,2156
2266,2144
2426,2117
2563,2096
2697,2069
2818,2038
2927,2010
3003,1986
3065,1958
3102,1936
3114,1922
3068,1898
3028,1890
2951,1897
2845,1898
2721,1905
2580,1916
2431,1934
2269,1955
2114,1983
1946,2003
1786,2023
1634,2057
1500,2074
1375,2112
1262,2129
1164,2153
1090,2181
1054,2197
1035,2210
1032,2215
1068,2221
1117,2221
1186,2219
1278,2217
1391,2213
1523,2209
1666,2202
1802,2195
1961,2193
2124,2176
2285,2163
2435,2134
2583,2113
2716,2083
2834,2065
2939,2032
3022,2011
3074,1991
3094,1967
3105,1950
3081,1925
3025,1919
2940,1917
2832,1918
2702,1918
2562,1930
2408,1940
2246,1961
2090,1977
1919,1997
1761,2013
1616,2031
1487,2058
1355,2082
1245,2109
1159,2134
1096,2146
1059,2171
1042,2179
1041,2192
1080,2192
1135,2189
1211,2179
1312,2181
1431,2182
1562,2183
1690,2186
1841,2176
1997,2161
2155,2147
2309,2137
2468,2109
2608,2085
2740,2058
2861,2026
2950,1996
3034,1977
3073,1956
3103,1929
3122,1912
3076,1893
3014,1892
2921,1907
2807,1899
2677,1909
2538,1925
2380,1943
2222,1962
2054,1991
1879,2010
1721,2033
1585,2056
1449,2086
1330,2112
1225,2137
1139,2163
1082,2185
1045,2200
1032,2213
1040,2220
1074,2222
1134,2217
1214,2207
1312,2213
1427,2204
1565,2213
1710,2211
1857,2199
2016,2187
2177,2176
2329,2152
2488,2134
2635,2107
2763,2076
2870,2050
2967,2029
3038,1993
3091,1983
3115,1960
3117,1936
3066,1921
2995,1920
2906,1918
2791,1919
2658,1923
2504,1927
2341,1950
2185,1970
2036,1988
1874,2003
1715,2020
1569,2047
1437,2074
1313,2098
1215,2122
1137,2145
1078,2160
1050,2179
1038,2190
1063,2192
1108,2187
1160,2189
1236,2184
1341,2189
1455,2189
1596,2183
1740,2188
1892,2173
2046,2164
2208,2148
2367,2124
2520,2098
2671,2073
2781,2044
2890,2023
2983,1994
3049,1960
3096,1944
3120,1926
3110,1910
3054,1895
2981,1889
2884,1891
2768,1903
2626,1918
2473,1929
2326,1944
2164,1968
2003,1989
1843,2015
1686,2042
1540,2064
1407,2088
1288,2117
1192,2149
1117,2173
1061,2191
1028,2205
1041,2217
1056,2215
1099,2222
1161,2217
1242,2218
1346,2216
1468,2217
1606,2216
1756,2207
1907,2202
2066,2187
2231,2163
2399,2143
2540,2122
2672,2099
2792,2077
2901,2046
2989,2021
3060,1989
3101,1974
3122,1952
3109,1938
3049,1919
2979,1915
2881,1915
2753,1924
2610,1927
2460,1936
2307,1952
2146,1969
1983,1989
1826,2007
1672,2030
1528,2055
1399,2075
1286,2104
1188,2137
1107,2158
1054,2173
1045,2176
1044,2184
1072,2191
1116,2192
1181,2187
1266,2185
1373,2190
1503,2186
1629,2186
1790,2183
1949,2173
2101,2167
2254,2132
2408,2110
2557,2092
2698,2075
2814,2040
2918,2012
3002,1985
3057,1960
3107,1938
3136,1919
3113,1898
3041,1883
2956,1884
2848,1891
2725,1895
2588,1910
2435,1930
2273,1951
2122,1977
1957,1998
1801,2021
1651,2048
1503,2071
1368,2093
1250,2133
1166,2160
1099,2180
1057,2196
1036,2210
1031,2211
1070,2216
1116,2218
1185,2218
1271,2210
1378,2216
1495,2221
1638,2216
1799,2211
1957,2195
2117,2178
2269,2163
2427,2142
2573,2118
2707,2090
2825,2064
2928,2035
3011,2009
3069,1988
3115,1959
3137,1943
3095,1931
3026,1918
2943,1918
2838,1915
2710,1925
2571,1935
2413,1941
2256,1959
2096,1977
1934,1993
1787,2015
1643,2040
1491,2060
1359,2086
1250,2111
1163,2138
1102,2157
1061,2169
1042,2185
1042,2189
1080,2192
1138,2189
1210,2193
1294,2194
1398,2193
1530,2192
1684,2184
1835,2177
1990,2166
2145,2148
2305,2132
2458,2105
2603,2089
2733,2063
2854,2037
2946,2010
3022,1976
3076,1949
3112,1930
3121,1910
3077,1895
3013,1878
2926,1891
2815,1893
2688,1903
2540,1917
2383,1938
2225,1955
2066,1978
1916,1995
1761,2027
1601,2059
1458,2082
1334,2105
1228,2137
1144,2161
1085,2182
1049,2198
1034,2210
1043,2212
1084,2217
1140,2218
1209,2218
1303,2217
1424,2216
1554,2211
1697,2206
1853,2196
2008,2190
2166,2170
2321,2152
2471,2129
2608,2110
2738,2088
2865,2057
2964,2028
3038,2001
3087,1977
3116,1958
3123,1937
3071,1927
2998,1919
2907,1918
2792,1921
2665,1926
2526,1939
2381,1952
2216,1964
2038,1978
1879,2001
1724,2025
1575,2052
1440,2072
1320,2096
1218,2122
1139,2147
1089,2163
1061,2173
1048,2177
1058,2180
1089,2188
1150,2187
1234,2186
1332,2188
1451,2192
1583,2182
1732,2176
1888,2176
2045,2160
2208,2148
2359,2132
2492,2105
2627,2087
2768,2060
2888,2031
2980,1997
3050,1971
3094,1946
3119,1926
3117,1898
3055,1895
2983,1895
2882,1893
2763,1895
2642,1903
2500,1922
2337,1946
2176,1971
2008,1988
1856,2013
1699,2036
1548,2061
1413,2089
1289,2117
1190,2143
1125,2163
1076,2180
1064,2205
1043,2212
1052,2217
1096,2218
1157,2217
1237,2215
1339,2216
1462,2214
1599,2218
1751,2209
1906,2198
2068,2188
2224,2176
2368,2150
2514,2132
2661,2099
2787,2076
2894,2044
2987,2020
3055,1993
3101,1979
3123,1955
3107,1940
3052,1918
2969,1924
2858,1927
2741,1927
2615,1930
2469,1943
2312,1956
2152,1975
1986,1994
1833,2013
1675,2034
1527,2057
1397,2078
1278,2108
1182,2126
1119,2147
1083,2168
1051,2178
1042,2187
1063,2191
1116,2188
1179,2191
1260,2189
1368,2188
1503,2189
1640,2188
1796,2177
1934,2171
2094,2164
2253,2141
2408,2118
2553,2098
2689,2074
2813,2049
2918,2017
3004,1988
3071,1961
3106,1943
3116,1914
3082,1906
3030,1893
2959,1898
2857,1893
2731,1896
2588,1909
2438,1929
2279,1945
2123,1969
1958,1992
1799,2012
1639,2045
1497,2071
1375,2102
1266,2123
1170,2148
1101,2180
1054,2198
1038,2208
1035,2216
1068,2215
1115,2214
1178,2218
1269,2217
1383,2220
1518,2215
1657,2203
1796,2202
1949,2192
2110,2179
2270,2149
2423,2139
2569,2114
2705,2085
2826,2069
2929,2036
3012,2010
3073,1992
3098,1972
3113,1951
3089,1931
3029,1919
2946,1926
2839,1924
2713,1925
2570,1932
2418,1944
2259,1966
2094,1984
1930,2007
1769,2026
1613,2042
1480,2066
1364,2089
1250,2115
1163,2139
1094,2160
1060,2178
1044,2186
1040,2192
1080,2192
1128,2194
1197,2190
1296,2178
1423,2179
1549,2189
1675,2181
1830,2177
1988,2162
2147,2151
2302,2131
2453,2113
2601,2084
2734,2061
2839,2031
2958,2003
3039,1975
3088,1958
3110,1931
3120,1911
3079,1900
3012,1895
2919,1885
2816,1896
2671,1906
2545,1912
2385,1929
2230,1955
2066,1982
1890,2007
1735,2028
1594,2053
1461,2075
1336,2105
1228,2135
1144,2162
1084,2184
1051,2194
1036,2206
1038,2212
1074,2219
1125,2215
1206,2208
1310,2215
1421,2214
1553,2211
1698,2212
1851,2201
2007,2191
2161,2172
2315,2152
2466,2130
2621,2106
2766,2076
2873,2049
2959,2023
3034,1999
3084,1978
3117,1964
3120,1944
3065,1925
2996,1925
2909,1919
2802,1921
2672,1929
2525,1938
2361,1947
2195,1975
2038,1997
1880,2006
1727,2028
1573,2050
1441,2072
1321,2097
1221,2121
1142,2143
1088,2166
1049,2179
1031,2186
1038,2197
1093,2193
1155,2187
1232,2186
1329,2188
1453,2188
1587,2184
1735,2178
1882,2169
2042,2166
2194,2146
2355,2131
2511,2106
2655,2072
2774,2046
2883,2026
2977,1994
3041,1970
3097,1946
3119,1924
3108,1904
3053,1887
2987,1884
2890,1883
2780,1891
2647,1904
2493,1919
2335,1938
2172,1959
2014,1981
1851,2009
1692,2033
1550,2059
1414,2088
1296,2114
1197,2141
1129,2173
1069,2199
1030,2208
1022,2211
1051,2217
1093,2219
1159,2215
1235,2213
1339,2213
1474,2214
1601,2213
1745,2209
1902,2195
2060,2186
2209,2163
2371,2140
2524,2125
2658,2099
2782,2072
2894,2046
2987,2018
3054,1966
3099,1975
3119,1955
3106,1939
3051,1915
2976,1913
2884,1914
2770,1917
2612,1930
2467,1947
2312,1960
2151,1980
1989,1995
1830,2015
1676,2041
1531,2065
1396,2081
1286,2106
1196,2138
1114,2163
1064,2177
1049,2178
1041,2188
1067,2194
1113,2188
1174,2190
1263,2192
1370,2185
1496,2191
1623,2191
1766,2181
1935,2179
2102,2157
2257,2141
2406,2123
2563,2093
2692,2069
2812,2038
2923,2017
2994,1988
3059,1963
3101,1942
3127,1922
3122,1915
3050,1884
2957,1883
2855,1891
2732,1889
2594,1907
2438,1930
2279,1940
2115,1963
1958,1987
1804,2014
1644,2040
1511,2062
1377,2089
1256,2120
1173,2153
1101,2172
1060,2192
1035,2201
1025,2209
1064,2216
1121,2218
1185,2212
1270,2210
1393,2210
1492,2215
1628,2217
1788,2209
1950,2199
2108,2180
2269,2166
2420,2149
2571,2117
2703,2093
2822,2064
2926,2035
3006,2009
3062,1983
3105,1960
3127,1946
3095,1943
3031,1924
2943,1924
2839,1921
2722,1932
2573,1938
2418,1952
2259,1971
2093,1983
1935,2004
1784,2016
1645,2041
1499,2069
1367,2091
1249,2117
1162,2139
1099,2162
1060,2171
1041,2184
1038,2192
1084,2189
1136,2190
1208,2190
1302,2194
1393,2199
1531,2186
1681,2184
1831,2177
2001,2165
2145,2154
2295,2133
2455,2109
2602,2089
2732,2057
2853,2040
2949,2013
3016,1985
3066,1955
3111,1933
3125,1914
3080,1897
3014,1886
2927,1892
2820,1889
2690,1893
2545,1907
2388,1929
2226,1952
2059,1960
1907,1986
1761,2018
1603,2047
1466,2072
1338,2104
1231,2131
1146,2162
1084,2184
1049,2197
1034,2203
1035,2212
1080,2211
1139,2207
1222,2215
1312,2211
1420,2212
1559,2214
1695,2212
1850,2205
2024,2191
2158,2174
2319,2151
2470,2129
2609,2103
2733,2082
2854,2057
2958,2028
3032,1997
3080,1978
3115,1958
3122,1942
3070,1926
2998,1919
2908,1922
2793,1923
2667,1931
2522,1940
2374,1957
2215,1974
2038,1989
1883,2010
1724,2035
1575,2057
1443,2082
1320,2098
1218,2124
1140,2148
1083,2167
1054,2186
1052,2186
1062,2186
1096,2184
1152,2190
1229,2186
1326,2192
1447,2187
1583,2187
1729,2181
1909,2176
2042,2165
2203,2149
2354,2125
2495,2103
2626,2078
2767,2054
2884,2028
2979,1998
3038,1973
3095,1948
3121,1928
3116,1907
3067,1893
2986,1892
2889,1894
2768,1895
2630,1902
2500,1916
2342,1931
2179,1953
2017,1979
1859,2002
1696,2030
1553,2053
1415,2083
1295,2118
1195,2146
1117,2168
1073,2177
1057,2191
1041,2213
1051,2213
1097,2220
1153,2220
1237,2219
1338,2216
1456,2221
1598,2218
1744,2206
1901,2196
2058,2182
2223,2166
2379,2148
2517,2125
2656,2099
2779,2072
2891,2051
2986,2019
3049,1990
3098,1973
3120,1954
3102,1937
3056,1924
2978,1928
2864,1932
2742,1929
2610,1932
2472,1940
2318,1965
2154,1977
2011,2001
1834,2017
1680,2042
1534,2062
1399,2089
1281,2114
1180,2139
1112,2155
1075,2168
1052,2183
1042,2189
1068,2200
1113,2201
1178,2193
1263,2189
1362,2192
1490,2185
1626,2186
1794,2174
1933,2166
2094,2156
2258,2143
2405,2124
2551,2092
2687,2077
2809,2043
2915,2009
3003,1995
3063,1966
3108,1943
3119,1918
3088,1901
3033,1900
2957,1894
2860,1890
2736,1895
2592,1898
2441,1919
2282,1945
2126,1966
1966,1980
1802,2009
1649,2034
1496,2063
1363,2095
1261,2127
1172,2149
1103,2171
1045,2188
1042,2203
1034,2215
1069,2211
1121,2217
1178,2214
1266,2213
1376,2215
1515,2218
1661,2204
1796,2199
1949,2193
2097,2183
2268,2166
2418,2141
2568,2116
2701,2091
2820,2067
2923,2037
3017,2011
3075,1981
3118,1957
3120,1944
3088,1930
3027,1924
2947,1921
2842,1924
2715,1926
2575,1940
2422,1950
2264,1964
2104,1986
1938,2009
1775,2037
1616,2053
1478,2073
1363,2095
1255,2119
1164,2141
1098,2162
1062,2174
1042,2184
1041,2188
1077,2188
1132,2237
1201,2198
1285,2188
1411,2195
1543,2192
1683,2186
1831,2180
1983,2159
2146,2150
2298,2133
2455,2107
2596,2091
2729,2072
2846,2031
2951,2002
3038,1972
3097,1951
3117,1937
3122,1913
3080,1894
3013,1880
2929,1886
2819,1890
2692,1902
2550,1903
2393,1925
2240,1941
2074,1958
1910,1993
1741,2017
1601,2044
1462,2073
1341,2100
1223,2126
1148,2156
1088,2177
1052,2197
1036,2205
1040,2217
1079,2221
1129,2222
1195,2215
1301,2216
1423,2212
1552,2213
1693,2198
1849,2203
2003,2189
2150,2174
2310,2150
2461,2133
2608,2106
2759,2078
2875,2043
2955,2020
3032,2003
3089,1978
3115,1960
3119,1939
3067,1923
3001,1918
2911,1929
2800,1922
2674,1924
2532,1941
2372,1953
2206,1974
2049,2000
1887,2015
1731,2036
1580,2060
1440,2083
1322,2107
1223,2124
1144,2152
1091,2166
1055,2182
1029,2189
1034,2192
1090,2201
1151,2192
1228,2189
1326,2188
1448,2189
1583,2186
1727,2182
1882,2174
2040,2159
2190,2145
2344,2133
2499,2105
2645,2082
2771,2051
2885,2025
2973,1995
3051,1975
3097,1949
3118,1929
3115,1911
3061,1900
2987,1890
2893,1886
2785,1886
2661,1900
2511,1906
2341,1925
2180,1951
2020,1977
1861,1998
1700,2027
1553,2053
1417,2080
1300,2108
1205,2133
1132,2160
1080,2187
1045,2200
1025,2208
1052,2211
1097,2210
1154,2214
1234,2215
1335,2213
1458,2217
1600,2215
1748,2208
1906,2200
2054,2187
2198,2173
2351,2150
2513,2125
2651,2098
2778,2073
2888,2047
2981,2019
3053,1991
3095,1985
3120,1954
3106,1938
3046,1922
2977,1915
2882,1914
2769,1925
2626,1936
2473,1947
2319,1964
2157,1984
2001,2001
1838,2025
1681,2048
1530,2067
1399,2090
1286,2107
1195,2129
1134,2158
1077,2174
1050,2186
1041,2190
1064,2196
1110,2194
1173,2191
1259,2189
1363,2188
1489,2190
1628,2190
1779,2183
1922,2183
2091,2161
2244,2143
2397,2124
2548,2095
2685,2073
2809,2037
2918,2019
2999,1993
3063,1965
3098,1945
3118,1928
3105,1911
3050,1894
2962,1887
2859,1889
2736,1893
2597,1900
2449,1915
2283,1937
2124,1955
1966,1981
1804,2005
1655,2031
1525,2057
1394,2080
1269,2110
1170,2129
1101,2170
1062,2190
1040,2201
1035,2210
1066,2213
1114,2217
1184,2214
1274,2214
1379,2213
1499,2211
1626,2215
1789,2206
1950,2199
2107,2186
2262,2161
2414,2141
2563,2114
2699,2088
2823,2068
2925,2037
3005,2005
3057,1991
3087,1967
3113,1950
3092,1929
3028,1919
2948,1917
2841,1922
2716,1929
2578,1933
2425,1954
2263,1972
2096,1985
1936,2015
1784,2025
1647,2053
1505,2080
1364,2101
1254,2124
1164,2149
1102,2166
1062,2181
1038,2191
1036,2195
1075,2197
1130,2194
1204,2187
1302,2192
1411,2194
1531,2190
1671,2188
1824,2176
1983,2165
2137,2154
2297,2134
2447,2112
2597,2084
2731,2058
2851,2033
2946,2012
3014,1988
3064,1956
3108,1934
3121,1916
3082,1900
3019,1890
2934,1890
2825,1893
2698,1896
2552,1909
2400,1927
2235,1948
2067,1964
1901,1985
1758,2013
1608,2042
1468,2069
1344,2096
1231,2125
1151,2154
1091,2174
1052,2194
1034,2207
1032,2209
1068,2211
1137,2208
1225,2209
1312,2215
1419,2215
1546,2215
1690,2210
1845,2204
1999,2188
2154,2182
2313,2154
2464,2130
2607,2103
2736,2080
2848,2058
2953,2035
3033,1997
3084,1974
3110,1956
3121,1939
3075,1925
3004,1914
2916,1917
2807,1925
2669,1935
2516,1943
2358,1963
2216,1982
2053,1991
1889,2017
1732,2030
1581,2064
1445,2086
1324,2107
1223,2133
1140,2155
1083,2176
1049,2187
1044,2191
1065,2193
1096,2190
1148,2194
1227,2192
1324,2195
1443,2193
1578,2195
1721,2186
1875,2174
2035,2162
2189,2151
2356,2125
2504,2098
2640,2070
2765,2051
2881,2029
2975,1998
3047,1974
3095,1942
3119,1928
3119,1910
3066,1897
2991,1894
2897,1895
2774,1903
2637,1903
2492,1911
2346,1934
2185,1953
2020,1973
1858,1993
1703,2023
1558,2049
1420,2077
1299,2107
1200,2135
1123,2166
1065,2179
1048,2192
1039,2205
1052,2212
1094,2216
1154,2218
1233,2210
1333,2211
1455,2215
1592,2215
1737,2205
1895,2199
2052,2184
2221,2164
2379,2146
2514,2128
2649,2101
2775,2074
2887,2044
2980,2020
3051,1994
3093,1971
3116,1956
3105,1944
3059,1915
2981,1918
2876,1923
2759,1925
2623,1935
2473,1947
2322,1963
2162,1989
1998,2003
1839,2023
1686,2044
1540,2069
1407,2091
1289,2118
1184,2148
1104,2165
1063,2176
1050,2187
1042,2192
1063,2196
1107,2198
1172,2191
1257,2191
1363,2192
1487,2193
1621,2192
1769,2186
1926,2169
2088,2153
2244,2140
2399,2118
2545,2096
2681,2070
2805,2042
2911,2013
2998,1992
3067,1967
3109,1939
3135,1921
3108,1903
3040,1888
2967,1889
2863,1895
2738,1895
2599,1901
2446,1918
2288,1937
2130,1958
1971,1975
1815,1997
1657,2033
1501,2054
1362,2088
1263,2116
1175,2145
1107,2164
1059,2188
1037,2197
1036,2209
1066,2212
1115,2210
1181,2210
1266,2213
1367,2214
1500,2215
1645,2214
1791,2200
1946,2195
2080,2179
2261,2162
2417,2147
2560,2119
2695,2088
2816,2064
2920,2035
3001,2005
3069,1983
3119,1963
3131,1937
3093,1919
3029,1917
2948,1918
2843,1921
2719,1926
2579,1940
2423,1952
2264,1969
2104,1985
1945,2010
1788,2035
1629,2063
1488,2076
1363,2099
1253,2127
1165,2148
1101,2166
1060,2182
1042,2188
1040,2196
1079,2200
1135,2195
1200,2198
1273,2192
1381,2188
1524,2190
1673,2185
1824,2176
1976,2172
2134,2153
2295,2135
2449,2112
2595,2085
2728,2063
2840,2036
2943,2003
3031,1969
3085,1956
3116,1938
3124,1918
3083,1904
3021,1891
2934,1892
2824,1892
2696,1895
2549,1905
2392,1920
2235,1929
2081,1959
1931,1985
1762,2012
1604,2036
1466,2064
1341,2091
1235,2123
1152,2149
1088,2170
1054,2186
1039,2199
1041,2206
1081,2216
1132,2222
1198,2221
1291,2212
1416,2216
1547,2214
1692,2201
1841,2198
1995,2188
2156,2177
2309,2160
2455,2139
2597,2114
2741,2085
2860,2055
2954,2025
3029,2003
3081,1980
3112,1957
3120,1939
3068,1924
3000,1918
2907,1915
2801,1924
2674,1935
2540,1947
2391,1955
2218,1970
2051,1995
1890,2020
1735,2041
1583,2066
1443,2086
1323,2110
1224,2134
1141,2158
1093,2174
1056,2184
1043,2189
1044,2192
1088,2200
1149,2195
1224,2194
1324,2190
1443,2192
1570,2194
1722,2187
1875,2179
2033,2163
2187,2144
2336,2134
2478,2108
2623,2086
2763,2064
2881,2023
2973,1993
3047,1975
3110,1946
3121,1932
3120,1913
3065,1897
2992,1893
2895,1894
2793,1890
2663,1893
2517,1911
2355,1926
2191,1948
2026,1968
1868,1990
1712,2017
1565,2041
1423,2073
1304,2099
1205,2124
1136,2148
1088,2176
1059,2193
1039,2205
1051,2208
1091,2210
1154,2208
1227,2210
1330,2210
1452,2211
1590,2210
1739,2207
1891,2195
2051,2188
2202,2181
2344,2152
2502,2128
2646,2101
2771,2075
2884,2055
2976,2021
3050,1997
3096,1972
3118,1951
3110,1940
3050,1930
2974,1923
2871,1918
2759,1922
2630,1934
2484,1949
2328,1965
2167,1985
2006,2005
1853,2023
1686,2045
1542,2074
1410,2098
1291,2116
1197,2139
1135,2154
1087,2182
1050,2191
1039,2196
1060,2201
1109,2199
1167,2198
1248,2193
1356,2186
1474,2189
1614,2185
1772,2180
1935,2172
2086,2161
2238,2141
2392,2123
2539,2097
2678,2072
2801,2041
2909,2018
2999,1993
3066,1960
3098,1941
3111,1920
3088,1912
3043,1902
2973,1900
2867,1895
2747,1900
2608,1908
2456,1921
2301,1936
2138,1956
1975,1979
1812,1998
1659,2028
1494,2055
1396,2081
1275,2106
1177,2133
1107,2159
1058,2182
1040,2195
1037,2205
1064,2208
1111,2211
1176,2213
1262,2212
1379,2211
1512,2213
1636,2208
1780,2205
1940,2196
2096,2181
2256,2166
2408,2148
2552,2122
2690,2094
2808,2065
2919,2041
3006,2008
3063,1979
3086,1965
3108,1950
3094,1937
3035,1916
2954,1913
2848,1920
2728,1926
2587,1938
2435,1952
2275,1971
2115,1995
1944,2019
1781,2034
1639,2051
1500,2078
1373,2103
1259,2127
1168,2152
1102,2173
1061,2185
1042,2194
1036,2201
1072,2201
1122,2201
1194,2189
1287,2182
1409,2189
1526,2191
1662,2187
1814,2183
1970,2170
2130,2154
2282,2135
2437,2115
2585,2088
2715,2069
2836,2035
2951,2004
3028,1987
3079,1959
3112,1930
3126,1919
3090,1903
3027,1892
2940,1896
2830,1893
2704,1899
2561,1907
2413,1924
2252,1945
2080,1969
1906,1988
1753,2007
1617,2042
1475,2056
1347,2084
1239,2118
1152,2142
1093,2170
1057,2188
1037,2200
1032,2212
1068,2213
1121,2205
1203,2208
1299,2210
1408,2212
1540,2209
1678,2208
1832,2201
1989,2188
2145,2173
2305,2158
2455,2142
2610,2112
2743,2078
2849,2051
2951,2027
3027,2004
3078,1978
3110,1966
3119,1940
3073,1919
3006,1918
2922,1919
2812,1921
2684,1925
2528,1940
2371,1962
2221,1980
2063,2000
1900,2020
1743,2043
1592,2065
1454,2086
1335,2118
1228,2139
1146,2160
1085,2178
1046,2192
1029,2207
1043,2208
1088,2207
1144,2203
1221,2197
1318,2194
1438,2193
1570,2190
1713,2185
1866,2178
2019,2163
2177,2152
2341,2131
2499,2106
2642,2076
2757,2046
2874,2026
2970,1999
3042,1969
3092,1949
3118,1930
3120,1912
3069,1897
2998,1889
2909,1887
2798,1900
2658,1906
2510,1912
2357,1928
2198,1947
2034,1971
1873,1993
1716,2015
1568,2038
1434,2069
1313,2094
1214,2124
1133,2157
1068,2180
1031,2191
1032,2205
1052,2208
1093,2212
1149,2209
1228,2207
1331,2207
1449,2208
1587,2211
1731,2207
1884,2203
2034,2187
2200,2166
2359,2154
2502,2129
2641,2100
2765,2073
2882,2046
2977,2021
3045,1995
3091,1972
3118,1955
3107,1937
3056,1919
2989,1914
2903,1915
2779,1924
2633,1931
2488,1947
2332,1963
2172,1984
2009,2007
1850,2027
1693,2051
1550,2075
1415,2104
1301,2124
1201,2148
1116,2174
1069,2184
1048,2194
1040,2200
1061,2202
1104,2201
1167,2196
1250,2190
1354,2194
1476,2192
1613,2193
1759,2187
1906,2177
2063,2160
2229,2144
2387,2123
2536,2096
2676,2069
2801,2045
2908,2013
2994,1990
3056,1965
3103,1948
3135,1927
3125,1897
3051,1887
2971,1887
2861,1896
2748,1896
2609,1904
2459,1922
2300,1933
2139,1956
1981,1971
1831,1993
1676,2017
1529,2039
1393,2074
1273,2104
1179,2132
1109,2155
1062,2180
1040,2192
1035,2199
1065,2201
1114,2209
1178,2208
1264,2203
1365,2211
1475,2212
1622,2221
1783,2210
1938,2197
2097,2181
2253,2165
2406,2143
2555,2121
2688,2093
2809,2070
2910,2041
2993,2011
3055,1990
3100,1965
3123,1948
3096,1927
3032,1916
2954,1916
2851,1919
2728,1921
2586,1933
2436,1950
2274,1969
2107,1990
1956,2007
1811,2025
1660,2058
1506,2088
1370,2105
1258,2130
1170,2155
1103,2172
1061,2188
1041,2199
1035,2200
1076,2200
1133,2203
1198,2201
1280,2199
1382,2197
1516,2196
1660,2190
1813,2180
1967,2173
2125,2153
2283,2140
2437,2116
2552,2090
2717,2060
2837,2041
2934,2007
3004,1982
3068,1966
3111,1935
3125,1915
3090,1894
3026,1897
2945,1887
2837,1889
2708,1897
2562,1909
2406,1924
2246,1943
2088,1954
1934,1975
1775,2004
1616,2032
1477,2056
1330,2083
1243,2117
1156,2138
1093,2163
1053,2184
1034,2193
1034,2200
1080,2205
1141,2205
1218,2208
1297,2205
1406,2213
1541,2209
1682,2209
1832,2203
1987,2187
2144,2173
2297,2154
2452,2135
2585,2112
2716,2086
2844,2063
2950,2033
3023,2003
3079,1977
3109,1956
3123,1940
3073,1927
3003,1915
2919,1915
2807,1919
2675,1923
2530,1945
2375,1961
2224,1971
2061,1997
1899,2014
1743,2040
1594,2060
1456,2088
1333,2118
1227,2138
1142,2164
1085,2183
1063,2195
1058,2199
1056,2199
1084,2203
1141,2205
1216,2198
1317,2195
1433,2198
1564,2194
1712,2186
1863,2180
2024,2166
2186,2152
2340,2126
2482,2102
2617,2081
2757,2057
2877,2026
2971,1999
3043,1976
3092,1949
3120,1929
3122,1907
3077,1895
3001,1883
2903,1892
2779,1900
2645,1899
2512,1916
2361,1924
2202,1947
2036,1967
1875,1990
1721,2015
1570,2039
1433,2068
1308,2094
1204,2123
1127,2146
1083,2163
1058,2185
1037,2195
1049,2207
1090,2207
1146,2205
1228,2206
1329,2209
1447,2216
1584,2211
1732,2204
1882,2195
2052,2181
2215,2166
2359,2150
2501,2122
2637,2104
2769,2080
2880,2050
2976,2028
3045,1996
3091,1970
3117,1954
3112,1932
3060,1924
2980,1928
2880,1926
2761,1911
2634,1930
2490,1950
2337,1968
2171,1983
2011,2007
1851,2025
1699,2049
1549,2073
1410,2100
1293,2128
1184,2150
1117,2166
1071,2187
1049,2195
1039,2199
1061,2204
1105,2205
1168,2201
1251,2195
1349,2193
1468,2194
1604,2189
1759,2176
1922,2168
2088,2154
2230,2143
2382,2124
2531,2097
2671,2070
2794,2041
2905,2013
2993,1987
3067,1962
3109,1936
3123,1919
3100,1900
3048,1892
2972,1892
2874,1893
2750,1888
2610,1906
2462,1921
2306,1944
2144,1954
1986,1973
1826,1994
1675,2015
1512,2049
1379,2082
1277,2104
1183,2131
1109,2153
1064,2170
1041,2190
1034,2198
1063,2203
1108,2210
1171,2206
1256,2202
1357,2208
1489,2213
1638,2207
1777,2197
1935,2194
2093,2184
2253,2164
2406,2141
2549,2116
2686,2098
2807,2069
2915,2042
3003,2015
3070,1987
3112,1960
3121,1946
3093,1928
3035,1915
2954,1916
2852,1919
2727,1923
2589,1939
2437,1951
2281,1968
2122,1994
1963,2014
1801,2041
1635,2059
1499,2085
1376,2105
1266,2133
1173,2151
1104,2176
1060,2188
1037,2200
1038,2204
1074,2208
1124,2208
1183,2204
1270,2194
1387,2192
1519,2196
1659,2190
1807,2182
1963,2170
2122,2154
2282,2138
2434,2116
2579,2091
2707,2066
2831,2029
2942,1999
3036,1974
3087,1953
3106,1938
3123,1916
3090,1897
3027,1886
2946,1891
2835,1892
2709,1902
2567,1909
2414,1924
2259,1935
2098,1964
1933,1983
1773,2004
1621,2024
1484,2057
1356,2080
1246,2108
1155,2133
1093,2159
1056,2174
1038,2188
1040,2199
1076,2210
1114,2211
1188,2203
1290,2207
1405,2211
1534,2212
1678,2205
1830,2200
1985,2190
2143,2178
2297,2154
2451,2136
2601,2112
2740,2089
2849,2060
2946,2030
3023,2010
3079,1980
3107,1964
3119,1940
3074,1925
3003,1921
2920,1922
2817,1923
2693,1924
2556,1931
2397,1947
2226,1971
2061,1998
1903,2017
1744,2041
1595,2065
1456,2091
1335,2112
1233,2143
1152,2162
1093,2181
1057,2225
1029,2202
1031,2212
1088,2215
1140,2202
1212,2197
1309,2196
1428,2194
1563,2192
1709,2190
1864,2177
2020,2164
2168,2151
2320,2132
2473,2114
2624,2090
2754,2056
2875,2026
2969,1997
3043,1972
3093,1947
3119,1927
3123,1912
3070,1897
2995,1889
2905,1892
2803,1898
2671,1905
2519,1915
2360,1931
2198,1949
2038,1967
1878,1986
1722,2013
1571,2038
1433,2065
1310,2088
1212,2114
1140,2145
1092,2166
1052,2180
1033,2192
1047,2197
1090,2203
1148,2204
1224,2205
1324,2204
1447,2211
1585,2211
1730,2204
1884,2206
2034,2193
2180,2181
2342,2150
2499,2129
2640,2108
2768,2081
2881,2053
2972,2027
3047,1997
3089,1975
3113,1956
3104,1940
3050,1925
2975,1918
2884,1912
2773,1919
2636,1928
2492,1945
2336,1960
2176,1982
2017,2004
1852,2029
1696,2052
1547,2078
1410,2098
1298,2121
1206,2144
1141,2171
1079,2192
1049,2206
1037,2205
1056,2206
1104,2210
1163,2208
1243,2200
1346,2197
1470,2197
1610,2192
1763,2189
1926,2177
2064,2162
2227,2146
2381,2120
2529,2097
2669,2076
2795,2047
2903,2023
2993,1986
3059,1962
3096,1942
3112,1927
3107,1912
3054,1889
2977,1886
2872,1892
2754,1901
2619,1906
2464,1921
2305,1939
2144,1954
1984,1967
1819,1999
1670,2022
1543,2043
1405,2065
1276,2091
1181,2124
1108,2152
1067,2171
1042,2185
1033,2195
1062,2200
1110,2203
1172,2206
1264,2204
1372,2204
1495,2201
1625,2206
1774,2202
1932,2193
2091,2177
2249,2164
2403,2140
2552,2118
2688,2089
2810,2064
2916,2039
2998,2013
3047,1992
3083,1973
3116,1954
3097,1933
3034,1917
2955,1913
2855,1919
2729,1927
2592,1931
2440,1946
2279,1972
2116,1991
1951,2011
1791,2027
1651,2059
1508,2083
1375,2109
1265,2138
1174,2158
1105,2180
1064,2187
1035,2208
1034,2212
1066,2210
1117,2209
1193,2197
1297,2199
1399,2197
1516,2197
1654,2193
1805,2188
1962,2170
2118,2158
2278,2140
2434,2117
2578,2089
2713,2066
2839,2038
2943,2010
3026,1980
3073,1955
3112,1935
3127,1911
3094,1900
3026,1886
2948,1886
2839,1891
2712,1896
2571,1908
2418,1928
2253,1952
2079,1966
1912,1982
1770,2004
1629,2027
1485,2050
1358,2073
1249,2104
1160,2133
1096,2159
1054,2176
1036,2188
1034,2195
1069,2199
1124,2199
1205,2200
1293,2203
1403,2204
1535,2205
1675,2208
1828,2197
1982,2189
2138,2176
2296,2159
2446,2137
2595,2112
2727,2079
2843,2065
2943,2031
3023,2001
3077,1986
3108,1961
3120,1944
3078,1933
3012,1920
2931,1908
2814,1926
2685,1922
2532,1936
2381,1957
2230,1977
2070,1997
1906,2019
1746,2041
1598,2066
1459,2091
1338,2112
1224,2141
1152,2162
1084,2187
1050,2200
1034,2210
1044,2217
1084,2212
1139,2207
1213,2202
1313,2201
1432,2202
1562,2195
1704,2191
1855,2181
2009,2169
2173,2154
2336,2133
2493,2107
2621,2075
2752,2054
2870,2028
2967,2000
3043,1973
3094,1946
3119,1926
3126,1909
3073,1894
3007,1882
2917,1890
2805,1890
2663,1895
2520,1908
2365,1927
2206,1949
2043,1967
1879,1991
1723,2013
1576,2035
1436,2061
1318,2090
1217,2118
1130,2147
1065,2164
1040,2179
1038,2188
1049,2195
1088,2201
1146,2200
1225,2201
1322,2205
1444,2210
1579,2211
1720,2201
1871,2196
2031,2177
2190,2163
2355,2150
2497,2126
2637,2103
2766,2074
2879,2050
2974,2020
3045,1998
3087,1977
3113,1953
3108,1935
3060,1916
2996,1913
2899,1918
2775,1919
2638,1936
2493,1941
2341,1960
2181,1979
2016,1997
1854,2024
1701,2051
1551,2075
1423,2097
1306,2128
1198,2157
1113,2176
1074,2192
1052,2204
1041,2210
1058,2212
1101,2209
1161,2206
1244,2194
1343,2200
1466,2205
1623,2205
1746,2192
1895,2175
2065,2162
2219,2148
2378,2125
2533,2100
2667,2075
2791,2049
2898,2020
2985,1992
3060,1963
3107,1944
3145,1911
3125,1896
3052,1885
2975,1884
2878,1894
2754,1893
2622,1906
2468,1915
2308,1934
2147,1955
1995,1977
1836,1994
1687,2020
1533,2029
1389,2071
1281,2099
1185,2126
1112,2149
1064,2168
1039,2182
1036,2192
1064,2194
1110,2203
1174,2203
1255,2202
1345,2208
1470,2211
1620,2214
1770,2205
1930,2194
2088,2181
2244,2160
2397,2140
2543,2115
2681,2095
2802,2069
2905,2041
2991,2017
3061,1994
3098,1975
3118,1945
3099,1932
3038,1918
2957,1919
2854,1919
2735,1928
2594,1935
2443,1945
2283,1968
2123,1985
1970,2004
1823,2027
1660,2054
1508,2083
1380,2106
1289,2135
1173,2158
1104,2189
1060,2203
1042,2205
1037,2215
1075,2213
1125,2215
1189,2211
1264,2210
1375,2200
1510,2195
1652,2191
1799,2185
1955,2172
2114,2161
2275,2144
2426,2117
2573,2091
2709,2070
2823,2046
2923,2015
3001,1981
3076,1953
3113,1940
3127,1915
3093,1899
3034,1888
2949,1883
2844,1885
2717,1899
2574,1907
2417,1920
2261,1936
2107,1953
1950,1979
1784,1992
1630,2032
1490,2053
1361,2076
1253,2104
1162,2129
1099,2154
1053,2169
1038,2180
1040,2188
1079,2195
1140,2200
1199,2198
1286,2199
1399,2201
1530,2205
1678,2204
1820,2200
1976,2190
2135,2177
2292,2157
2447,2136
2594,2111
2721,2095
2845,2063
2941,2033
3022,2005
3073,1984
3105,1964
3120,1941
3077,1925
3009,1917
2925,1911
2814,1922
2684,1926
2555,1936
2404,1941
2235,1970
2075,1992
1911,2018
1754,2037
1604,2063
1460,2091
1339,2120
1233,2141
1149,2166
1095,2188
1068,2194
1064,2203
1044,2207
1079,2215
1133,2210
1213,2208
1310,2204
1423,2199
1555,2202
1698,2191
1855,2181
2013,2171
2173,2152
2314,2134
2459,2109
2613,2090
2751,2060
2867,2031
2963,1999
3039,1974
3089,1950
3121,1929
3130,1907
3079,1886
3004,1886
2904,1891
2789,1894
2669,1903
2532,1909
2373,1928
2211,1946
2047,1967
1887,1989
1731,2012
1580,2033
1440,2061
1315,2091
1213,2111
1138,2125
1097,2150
1063,2174
1035,2186
1046,2199
1086,2197
1150,2198
1225,2198
1317,2202
1438,2205
1583,2206
1718,2198
1878,2188
2039,2185
2194,2168
2341,2152
2491,2125
2631,2104
2760,2077
2865,2050
2971,2022
3040,1996
3093,1977
3118,1955
3120,1944
3064,1928
2974,1924
2875,1921
2772,1922
2644,1933
2497,1946
2347,1958
2183,1981
2023,2002
1863,2024
1710,2049
1557,2075
1421,2104
1292,2128
1196,2146
1133,2176
1080,2195
1051,2204
1037,2205
1053,2211
1101,2212
1160,2211
1239,2210
1340,2209
1457,2203
1594,2192
1757,2181
1919,2176
2071,2166
2217,2150
2368,2131
2520,2100
2665,2075
2785,2050
2898,2025
2993,1996
3062,1965
3099,1943
3112,1923
3104,1905
3061,1899
2980,1891
2882,1892
2760,1893
2643,1900
2474,1930
2320,1938
2161,1950
1998,1974
1830,1994
1673,2024
1507,2048
1402,2071
1287,2096
1185,2121
1113,2149
1053,2169
1041,2175
1031,2183
1060,2196
1104,2198
1164,2197
1252,2194
1363,2204
1494,2203
1622,2199
1769,2200
1922,2191
2083,2178
2240,2162
2394,2141
2538,2120
2678,2093
2798,2070
2911,2042
3001,2010
3066,1986
3106,1965
3114,1945
3099,1935
3038,1920
2960,1917
2861,1918
2738,1927
2598,1934
2449,1948
2293,1971
2132,1991
1965,2011
1795,2034
1646,2057
1512,2080
1383,2107
1268,2134
1174,2160
1108,2182
1063,2199
1043,2208
1040,2215
1063,2226
1112,2219
1177,2203
1267,2203
1387,2201
1509,2204
1645,2197
1795,2189
1949,2177
2112,2159
2269,2143
2425,2122
2564,2094
2701,2063
2826,2035
2943,2002
3031,1981
3077,1958
3109,1934
3125,1917
3097,1898
3037,1887
2953,1887
2845,1884
2724,1906
2583,1901
2428,1918
2279,1945
2108,1961
1935,1983
1787,2006
1636,2026
1495,2044
1366,2073
1253,2101
1165,2127
1102,2152
1060,2165
1042,2183
1024,2193
1064,2203
1105,2201
1184,2195
1285,2198
1396,2200
1520,2207
1662,2205
1818,2200
1969,2187
2126,2172
2282,2159
2432,2148
2575,2112
2713,2083
2842,2051
2938,2035
3016,2003
3074,1982
3106,1962
3116,1943
3077,1931
3015,1919
2931,1917
2830,1918
2711,1924
2565,1934
2404,1941
2242,1972
2084,1995
1914,2015
1762,2039
1613,2058
1471,2090
1351,2114
1244,2142
1157,2161
1096,2185
1043,2202
1025,2210
1043,2221
1079,2216
1133,2216
1206,2209
1301,2203
1420,2206
1547,2202
1690,2196
1848,2189
1997,2173
2150,2162
2303,2167
2461,2117
2606,2088
2738,2058
2858,2034
2954,2006
3033,1976
3086,1951
3114,1929
3126,1910
3075,1892
3006,1889
2927,1887
2827,1895
2693,1894
2535,1909
2381,1924
2222,1947
2060,1966
1895,1989
1739,2013
1588,2036
1450,2061
1328,2084
1228,2109
1151,2141
1092,2162
1037,2173
1037,2182
1049,2186
1085,2193
1140,2191
1214,2195
1310,2199
1433,2202
1568,2202
1714,2202
1865,2202
2007,2185
2164,2173
2330,2150
2484,2129
2625,2101
2753,2082
2868,2053
2966,2023
3037,1997
3086,1976
3113,1963
3098,1942
3060,1924
2997,1909
2908,1911
2787,1913
2652,1932
2504,1943
2353,1958
2194,1974
2031,1999
1868,2023
1712,2042
1566,2069
1430,2092
1317,2120
1223,2154
1132,2174
1090,2198
1050,2206
1037,2216
1053,2220
1098,2217
1155,2214
1233,2212
1337,2201
1457,2207
1596,2203
1738,2202
1884,2187
2040,2168
2208,2150
2365,2130
2510,2104
2653,2080
2780,2053
2893,2023
2985,1996
3048,1970
3096,1950
3122,1930
3131,1911
3061,1891
2987,1885
2887,1888
2771,1886
2634,1897
2484,1912
2340,1933
2166,1950
2001,1972
1852,1998
1707,2019
1562,2036
1413,2057
1291,2091
1193,2119
1117,2143
1071,2164
1041,2178
1037,2184
1055,2194
1102,2194
1167,2196
1253,2191
1345,2195
1465,2201
1610,2200
1759,2197
1915,2193
2076,2174
2231,2159
2387,2142
2536,2120
2674,2092
2799,2064
2905,2039
2982,2015
3035,1992
3090,1977
3117,1953
3099,1932
3041,1916
2965,1917
2864,1923
2747,1923
2606,1931
2453,1946
2292,1958
2126,1987
1972,2005
1825,2021
1671,2051
1523,2079
1387,2104
1275,2135
1182,2158
1110,2184
1059,2202
1037,2213
1032,2217
1063,2220
1120,2211
1194,2208
1278,2212
1374,2208
1499,2205
1640,2200
1787,2190
1941,2181
2099,2166
2263,2146
2414,2121
2562,2097
2700,2068
2818,2051
2915,2023
2995,1990
3065,1962
3108,1940
3126,1919
3099,1904
3042,1887
2958,1887
2855,1883
2731,1893
2588,1908
2435,1924
2267,1934
2104,1959
1942,1982
1793,2006
1643,2027
1500,2050
1369,2074
1259,2101
1170,2128
1102,2152
1057,2171
1036,2180
1030,2187
1068,2187
1140,2189
1200,2194
1278,2194
1389,2195
1514,2202
1659,2199
1805,2194
1962,2189
2121,2173
2278,2157
2432,2129
2584,2108
2719,2086
2831,2065
2934,2031
3018,2007
3073,1984
3106,1960
3119,1947
3080,1927
3019,1918
2937,1918
2821,1921
2688,1925
2543,1942
2404,1958
2246,1977
2085,1990
1922,2010
1767,2031
1606,2057
1473,2088
1349,2115
1241,2141
1152,2164
1088,2190
1060,2213
1053,2198
1042,2215
1076,2220
1130,2220
1203,2217
1299,2211
1412,2208
1544,2207
1685,2200
1839,2192
2002,2176
2163,2158
2328,2141
2466,2107
2604,2084
2737,2064
2859,2031
2957,2006
3030,1979
3086,1955
3117,1933
3129,1915
3082,1895
3019,1887
2918,1887
2801,1892
2677,1906
2540,1913
2387,1927
2226,1950
2061,1971
1900,1987
1745,2009
1592,2033
1453,2065
1326,2089
1220,2114
1136,2126
1083,2152
1053,2165
1042,2178
1044,2189
1083,2192
1140,2193
1215,2195
1313,2197
1427,2202
1562,2200
1707,2196
1861,2185
2026,2176
2189,2165
2338,2150
2478,2127
2624,2103
2751,2076
2867,2053
2956,2020
3038,2002
3090,1973
3125,1950
3119,1935
3074,1924
3002,1918
2898,1919
2780,1924
2655,1930
2512,1945
2355,1961
2195,1983
2031,1998
1875,2015
1717,2036
1570,2068
1433,2098
1304,2129
1191,2154
1122,2173
1079,2193
1052,2209
1038,2214
1051,2217
1097,2221
1155,2218
1232,2214
1335,2211
1450,2213
1582,2210
1730,2197
1893,2183
2054,2170
2206,2152
2358,2132
2509,2106
2650,2084
2776,2056
2887,2029
2977,1998
3058,1970
3112,1945
3138,1919
3116,1899
3058,1887
2990,1885
2890,1884
2770,1891
2634,1901
2484,1912
2331,1934
2177,1950
2015,1973
1855,1997
1685,2018
1531,2050
1414,2083
1296,2101
1196,2120
1119,2143
1069,2165
1045,2172
1038,2180
1057,2189
1103,2188
1162,2197
1235,2188
1340,2196
1468,2203
1610,2197
1756,2194
1911,2185
2073,2178
2232,2158
2384,2140
2530,2117
2668,2094
2790,2072
2903,2045
2994,2020
3071,1992
3106,1963
3135,1943
3100,1931
3045,1925
2966,1918
2866,1918
2745,1923
2606,1929
2456,1949
2300,1957
2144,1985
1978,2013
1821,2027
1661,2053
1523,2072
1392,2103
1274,2126
1181,2160
1110,2180
1064,2200
1043,2212
1040,2215
1069,2223
1111,2220
1165,2220
1247,2214
1369,2210
1498,2210
1638,2205
1782,2196
1938,2185
2100,2168
2259,2148
2410,2126
2558,2102
2687,2072
2810,2042
2923,2008
3012,1989
3070,1963
3109,1944
3123,1924
3100,1906
3042,1891
2960,1891
2858,1886
2729,1891
2589,1900
2440,1911
2287,1928
2135,1953
1967,1981
1794,2005
1646,2031
1504,2058
1373,2077
1260,2106
1168,2129
1102,2149
1062,2165
1042,2176
1040,2192
1071,2195
1114,2197
1178,2190
1280,2187
1389,2191
1519,2193
1657,2195
1806,2188
1961,2185
2125,2170
2277,2153
2434,2137
2573,2114
2701,2088
2821,2060
2933,2032
3014,2008
3070,1985
3106,1963
3120,1946
3080,1929
3015,1921
2932,1922
2831,1922
2717,1927
2576,1930
2411,1943
2249,1963
2086,1989
1927,2014
1769,2038
1611,2054
1474,2083
1350,2116
1243,2137
1164,2166
1104,2184
1065,2199
1036,2207
1029,2216
1074,2216
1129,2223
1199,2220
1296,2212
1410,2211
1542,2209
1687,2199
1838,2192
1994,2177
2146,2162
2291,2146
2450,2126
2600,2098
2734,2066
2855,2038
2955,2008
3032,1979
3088,1954
3117,1933
3128,1918
3079,1898
3016,1898
2920,1892
2824,1892
2696,1895
2546,1908
2391,1927
2228,1946
2067,1966
1908,1992
1749,2006
1595,2042
1455,2064
1333,2090
1232,2110
1160,2133
1102,2151
1057,2168
1034,2180
1041,2186
1084,2187
1137,2186
1211,2186
1307,2195
1427,2192
1564,2192
1712,2192
1862,2192
2012,2185
2165,2168
2326,2146
2479,2124
2620,2099
2750,2075
2867,2053
2961,2024
3037,1996
3087,1978
3117,1952
3113,1935
3057,1925
2979,1923
2903,1919
2792,1927
2656,1928
2512,1942
2359,1958
2198,1977
2039,1997
1877,2018
1721,2041
1567,2062
1428,2090
1312,2108
1224,2141
1159,2174
1077,2196
1050,2205
1035,2212
1051,2216
1095,2218
1146,2221
1226,2219
1326,2214
1447,2214
1587,2206
1745,2198
1892,2190
2042,2176
2199,2159
2356,2135
2505,2107
2645,2078
2774,2055
2885,2025
2979,1997
3054,1970
3083,1948
3106,1931
3117,1914
3071,1896
2994,1880
2893,1888
2778,1894
2643,1905
2492,1914
2338,1933
2173,1952
2011,1972
1850,1994
1701,2019
1564,2038
1416,2066
1298,2093
1198,2117
1122,2141
1072,2163
1047,2176
1037,2184
1055,2186
1098,2188
1158,2189
1247,2189
1367,2191
1475,2189
1602,2196
1750,2192
1906,2187
2068,2176
2224,2159
2378,2135
2527,2116
2666,2090
2794,2064
2907,2034
2987,2015
3039,1984
3086,1979
3120,1955
3104,1922
3047,1919
2967,1916
2869,1921
2751,1924
2614,1933
2465,1945
2308,1969
2135,1988
1968,2008
1811,2030
1669,2052
1531,2073
1395,2098
1280,2127
1185,2151
1111,2180
1066,2199
1040,2212
1032,2223
1057,2223
1106,2217
1181,2209
1275,2212
1372,2213
1489,2216
1630,2206
1777,2199
1934,2191
2095,2176
2251,2151
2405,2125
2552,2096
2694,2068
2821,2043
2930,2017
3006,1993
3065,1971
3104,1943
3124,1922
3102,1902
3042,1893
2962,1890
2860,1893
2737,1896
2599,1903
2450,1922
2284,1942
2108,1962
1948,1981
1801,2000
1653,2026
1510,2052
1376,2076
1265,2105
1173,2128
1106,2156
1060,2171
1036,2181
1027,2188
1055,2188
1118,2184
1191,2189
1280,2190
1388,2196
1513,2192
1652,2194
1804,2189
1954,2153
2113,2167
2268,2154
2422,2127
2572,2104
2716,2072
2843,2052
2936,2030
3010,2008
3071,1985
3107,1969
3118,1954
3085,1932
3025,1928
2943,1921
2838,1928
2705,1927
2553,1942
2408,1960
2253,1974
2086,1991
1929,2008
1766,2034
1621,2061
1480,2080
1357,2103
1248,2134
1157,2159
1086,2183
1047,2210
1032,2222
1036,2225
1076,2223
1127,2224
1199,2232
1294,2217
1406,2211
1540,2215
1679,2205
1829,2196
1980,2184
2149,2170
2316,2145
2463,2112
2595,2089
2730,2071
2849,2037
2954,2009
3028,1982
3083,1954
3116,1936
3128,1916
3085,1902
3020,1894
2941,1891
2825,1886
2695,1892
2549,1907
2395,1923
2232,1941
2072,1967
1903,1987
1751,2009
1599,2033
1461,2062
1341,2091
1230,2124
1139,2144
1074,2164
1053,2176
1039,2185
1043,2188
1084,2193
1134,2193
1211,2190
1306,2192
1422,2196
1558,2197
1697,2195
1845,2190
1999,2176
2174,2166
2324,2148
2473,2128
2617,2101
2744,2076
2864,2052
2959,2025
3036,2003
3084,1977
3107,1951
3118,1941
3076,1923
3014,1915
2917,1922
2791,1926
2659,1935
2517,1946
2364,1959
2204,1979
2042,1996
1878,2020
1722,2039
1576,2064
1441,2093
1318,2127
1207,2156
1126,2177
1077,2192
1049,2205
1036,2215
1047,2222
1090,2224
1150,2219
1226,2217
1326,2217
1448,2228
1580,2225
1714,2216
1863,2195
2038,2177
2198,2159
2351,2137
2501,2114
2640,2087
2771,2058
2883,2033
2975,2003
3048,1977
3092,1954
3146,1927
3123,1903
3065,1893
2994,1891
2900,1889
2784,1893
2646,1900
2497,1913
2341,1934
2178,1955
2027,1964
1867,1996
1711,2015
1558,2033
1418,2070
1300,2095
1202,2124
1124,2144
1073,2158
1045,2174
1037,2183
1057,2185
1105,2187
1164,2188
1237,2186
1329,2193
1452,2204
1602,2200
1745,2191
1902,2178
2062,2173
2222,2156
2374,2140
2522,2117
2660,2090
2788,2066
2893,2045
2975,2020
3053,1997
3099,1968
3118,1953
3104,1932
3049,1920
2974,1917
2875,1924
2753,1926
2616,1937
2463,1954
2304,1970
2141,1988
2001,2005
1849,2020
1679,2051
1528,2073
1395,2096
1284,2121
1187,2152
1113,2176
1063,2197
1038,2211
1029,2218
1063,2218
1118,2218
1183,2222
1255,2214
1360,2219
1486,2218
1626,2214
1773,2202
1929,2192
2092,2177
2247,2153
2405,2129
2553,2104
2678,2079
2807,2057
2905,2023
2995,1992
3067,1963
3102,1941
3124,1919
3100,1907
3041,1893
2967,1886
2864,1887
2737,1887
2605,1906
2446,1919
2284,1934
2137,1950
1975,1976
1805,2000
1658,2029
1513,2050
1381,2072
1269,2106
1175,2132
1105,2153
1062,2169
1035,2178
1039,2178
1076,2185
1129,2189
1186,2192
1272,2184
1379,2188
1509,2192
1646,2186
1794,2191
1952,2177
2112,2165
2269,2148
2426,2127
2576,2109
2703,2083
2822,2056
2925,2029
3011,2004
3068,1982
3104,1958
3121,1943
3087,1924
3023,1915
2937,1912
2831,1918
2706,1930
2569,1943
2419,1953
2258,1970
2094,1992
1932,2010
1775,2034
1622,2054
1480,2077
1354,2106
1246,2132
1156,2161
1102,2183
1073,2197
1051,2207
1031,2216
1072,2225
1129,2225
1232,2218
1287,2215
1401,2214
1531,2220
1675,2209
1829,2198
1987,2184
2149,2166
2295,2148
2446,2127
2592,2100
2728,2069
2848,2040
2948,2014
3025,1986
3083,1960
3118,1937
3128,1917
3087,1903
3018,1890
2919,1885
2810,1896
2694,1900
2557,1905
2403,1925
2241,1942
2077,1960
1914,1985
1758,2010
1608,2032
1463,2063
1337,2088
1227,2113
1154,2131
1093,2151
1042,2169
1040,2182
1044,2188
1082,2186
1134,2186
1205,2190
1301,2187
1415,2193
1546,2188
1689,2182
1853,2176
2025,2170
2171,2160
2316,2147
2466,2121
2610,2098
2740,2074
2857,2051
2957,2026
3032,1998
3087,1973
3116,1955
3128,1939
3071,1928
3000,1922
2906,1913
2796,1919
2666,1930
2521,1946
2366,1956
2207,1974
2046,1993
1886,2022
1733,2042
1577,2066
1435,2100
1305,2120
1196,2146
1133,2167
1086,2187
1050,2205
1037,2211
1048,2214
1090,2222
1146,2221
1221,2214
1320,2216
1433,2222
1568,2211
1722,2202
1882,2201
2035,2183
2189,2170
2346,2148
2493,2122
2636,2094
2764,2077
2875,2037
2968,2006
3044,1974
3094,1949
3129,1925
3120,1903
3068,1892
2993,1890
2903,1893
2788,1902
2651,1901
2509,1907
2351,1926
2194,1954
2031,1969
1855,1992
1696,2013
1554,2045
1428,2072
1307,2094
1206,2120
1129,2142
1078,2168
1044,2176
1040,2186
1056,2191
1100,2192
1165,2182
1227,2191
1336,2193
1463,2189
1595,2178
1738,2188
1892,2177
2056,2170
2198,2159
2368,2139
2514,2116
2653,2094
2776,2069
2894,2043
2990,2017
3062,1986
3098,1966
3111,1947
3108,1930
3051,1923
2977,1921
2879,1917
2761,1919
2625,1932
2474,1952
2318,1967
2161,1985
1986,2002
1823,2021
1679,2048
1540,2073
1405,2097
1286,2125
1190,2150
1116,2173
1069,2190
1046,2203
1034,2222
1058,2221
1097,2224
1150,2228
1245,2220
1356,2217
1483,2217
1619,2215
1764,2204
1919,2195
2078,2180
2237,2160
2394,2138
2539,2107
2671,2083
2803,2050
2911,2019
3005,1995
3062,1966
3099,1947
3121,1925
3104,1907
3049,1894
2969,1887
2867,1888
2748,1895
2609,1891
2461,1911
2317,1930
2154,1948
1973,1973
1814,1998
1666,2020
1522,2042
1389,2072
1275,2100
1179,2132
1112,2155
1069,2166
1044,2178
1040,2188
1046,2196
1102,2192
1178,2187
1267,2188
1375,2186
1500,2187
1638,2185
1788,2189
1945,2169
2105,2158
2259,2146
2412,2131
2551,2111
2683,2083
2819,2058
2923,2034
3007,2010
3067,1985
3102,1965
3120,1943
3086,1927
3022,1919
2941,1922
2855,1921
2738,1926
2593,1928
2425,1943
2266,1972
2106,1989
1943,2007
1782,2029
1631,2052
1489,2082
1361,2108
1254,2135
1170,2159
1110,2178
1060,2191
1035,2205
1030,2220
1074,2224
1123,2222
1189,2220
1283,2219
1395,2217
1529,2208
1670,2210
1821,2201
1973,2189
2121,2173
2270,2154
2438,2133
2583,2107
2720,2071
2841,2043
2942,2010
3025,1979
3081,1960
3114,1937
3129,1918
3082,1903
3012,1895
2934,1892
2833,1895
2705,1891
2563,1901
2408,1921
2248,1943
2092,1957
1925,1981
1764,2006
1611,2025
1470,2054
1343,2074
1251,2105
1174,2132
1109,2157
1060,2171
1038,2184
1043,2188
1082,2188
1131,2189
1202,2187
1296,2184
1418,2190
1548,2186
1695,2184
1843,2188
1993,2177
2148,2154
2310,2141
2461,2117
2606,2095
2735,2070
2856,2045
2954,2023
3034,1992
3086,1976
3111,1955
3119,1939
3055,1924
2992,1915
2913,1921
2802,1925
2671,1935
2527,1948
2376,1959
2217,1975
2054,1991
1889,2018
1734,2045
1583,2060
1440,2088
1328,2107
1226,2134
1142,2163
1086,2188
1049,2200
1035,2208
1048,2213
1086,2220
1140,2217
1216,2216
1313,2220
1426,2215
1575,2213
1732,2212
1875,2204
2023,2189
2184,2169
2341,2147
2484,2120
2628,2094
2759,2066
2873,2034
2971,2005
3048,1975
3098,1960
3119,1937
3109,1922
3070,1896
3002,1889
2907,1890
2789,1896
2659,1902
2513,1914
2357,1929
2192,1953
2029,1971
1864,1993
1709,2013
1574,2046
1433,2060
1310,2090
1210,2116
1129,2141
1079,2165
1047,2172
1038,2187
1052,2191
1092,2190
1156,2192
1247,2182
1350,2181
1459,2185
1583,2187
1732,2185
1887,2172
2047,2168
2205,2151
2356,2145
2508,2115
2646,2085
2783,2063
2892,2041
2978,2015
3040,1988
3088,1974
3117,1949
3113,1930
3057,1919
2980,1914
2884,1921
2767,1928
2634,1935
2486,1951
2328,1968
2160,1989
1988,2009
1836,2035
1693,2054
1548,2069
1411,2094
1295,2121
1197,2144
1120,2176
1070,2199
1042,2204
1029,2218
1047,2219
1097,2210
1171,2212
1253,2215
1350,2218
1469,2218
1607,2217
1754,2210
1908,2198
2064,2186
2227,2170
2380,2141
2527,2110
2675,2082
2809,2051
2918,2031
2995,2004
3060,1977
3101,1950
3123,1929
3109,1906
3049,1894
2975,1887
2879,1887
2757,1890
2627,1903
2475,1926
2313,1945
2136,1956
1985,1977
1828,1996
1677,2023
1533,2040
1400,2070
1289,2096
1188,2116
1120,2154
1073,2168
1044,2187
1029,2196
1046,2197
1102,2190
1177,2186
1265,2179
1370,2182
1493,2185
1630,2189
1781,2182
1934,2177
2089,2158
2247,2146
2394,2125
2549,2097
2706,2074
2823,2058
2919,2031
3002,2003
3063,1981
3100,1964
3121,1943
3088,1932
3035,1917
2960,1916
2861,1914
2733,1919
2588,1930
2437,1957
2279,1976
2118,1997
1953,2015
1791,2035
1640,2058
1499,2078
1374,2096
1265,2127
1165,2151
1087,2171
1045,2191
1036,2212
1034,2216
1069,2222
1114,2219
1186,2217
1282,2215
1386,2216
1515,2216
1655,2212
1799,2209
1958,2202
2118,2192
2278,2168
2432,2138
2572,2105
2709,2078
2835,2049
2939,2018
3018,1990
3075,1963
3108,1939
3129,1920
3086,1907
3034,1895
2962,1883
2850,1882
2716,1888
2574,1902
2426,1921
2263,1939
2101,1968
1935,1989
1774,2007
1626,2033
1482,2058
1361,2083
1253,2110
1157,2139
1095,2145
1060,2171
1040,2179
1040,2187
1078,2188
1130,2187
1201,2184
1294,2184
1406,2186
1538,2188
1672,2201
1815,2182
1968,2165
2138,2158
2299,2146
2450,2127
2594,2104
2725,2076
2845,2054
2946,2022
3028,1998
3078,1981
3106,1957
3117,1939
3078,1920
3014,1916
2925,1912
2810,1921
2681,1926
2539,1935
2389,1948
2224,1969
2065,1993
1903,2010
1744,2036
1600,2054
1466,2086
1348,2114
1238,2138
1142,2163
1086,2180
1053,2199
1039,2212
1040,2215
1079,2221
1136,2220
1201,2217
1305,2216
1428,2217
1560,2224
1691,2214
1848,2196
2012,2186
2173,2174
2328,2153
2479,2130
2620,2101
2750,2072
2865,2041
2964,2007
3045,1978
3085,1957
3102,1936
3109,1917
3073,1901
2999,1895
2915,1897
2801,1899
2669,1899
2523,1910
2367,1930
2207,1946
2052,1968
1897,1989
1746,2004
1586,2026
1441,2057
1320,2091
1218,2119
1136,2141
1082,2157
1051,2173
1040,2178
1053,2188
1094,2191
1162,2189
1234,2188
1322,2184
1443,2188
1577,2170
1724,2170
1878,2171
2038,2165
2197,2154
2354,2138
2500,2120
2642,2098
2769,2072
2873,2043
2955,2019
3031,1999
3088,1971
3118,1943
3113,1927
3058,1915
2987,1914
2892,1916
2773,1921
2643,1926
2487,1942
2326,1959
2168,1982
2009,2008
1856,2024
1700,2045
1550,2074
1415,2097
1297,2125
1198,2151
1120,2178
1068,2192
1036,2206
1028,2217
1055,2214
1106,2214
1175,2218
1245,2214
1341,2215
1464,2217
1601,2211
1748,2205
1903,2189
2061,2185
2220,2167
2383,2147
2528,2120
2669,2099
2789,2072
2890,2043
2987,2007
3057,1977
3098,1948
3130,1925
3109,1906
3057,1894
2980,1891
2881,1894
2763,1901
2626,1910
2471,1925
2304,1935
2148,1953
1992,1974
1835,1996
1682,2014
1534,2036
1404,2066
1289,2094
1192,2126
1119,2157
1070,2172
1040,2183
1036,2185
1070,2184
1120,2194
1174,2189
1258,2182
1362,2187
1488,2182
1627,2179
1774,2177
1925,2172
2083,2165
2240,2148
2404,2121
2556,2104
2700,2081
2809,2057
2915,2035
3001,2006
3061,1979
3100,1960
3120,1936
3094,1923
3042,1916
2962,1908
2844,1919
2714,1930
2590,1944
2443,1955
2284,1969
2122,1987
1958,2007
1799,2032
1645,2053
1507,2078
1375,2101
1263,2128
1162,2163
1092,2185
1055,2201
1038,2205
1030,2216
1064,2219
1113,2219
1182,2220
1271,2220
1382,2222
1509,2225
1650,2215
1800,2206
1966,2188
2133,2174
2283,2145
2424,2129
2569,2115
2705,2087
2831,2061
2934,2027
3015,2001
3071,1967
3111,1943
3128,1921
3096,1919
3031,1885
2946,1884
2836,1895
2716,1905
2581,1914
2426,1926
2267,1945
2102,1961
1934,1973
1784,1999
1632,2024
1493,2046
1360,2078
1237,2109
1149,2135
1099,2158
1062,2176
1045,2185
1040,2188
1078,2191
1128,2183
1201,2186
1287,2182
1403,2186
1526,2185
1667,2186
1825,2179
1988,2170
2146,2164
2296,2141
2447,2114
2592,2091
2724,2066
2843,2041
2946,2017
3024,1995
3095,1974
3112,1943
3131,1929
3096,1918
3024,1917
2924,1910
2814,1919
2700,1922
2544,1937
2392,1959
2233,1976
2068,2001
1908,2023
1751,2039
1606,2062
1458,2092
1327,2120
1217,2138
1144,2161
1089,2185
1050,2212
1037,2218
1040,2226
1081,2226
1139,2219
1207,2212
1304,2216
1418,2216
1534,2215
1688,2207
1851,2212
2011,2189
2171,2178
2327,2153
2472,2135
2618,2104
2748,2074
2860,2045
2957,2014
3032,1983
3083,1953
3112,1932
3136,1912
3077,1903
3004,1895
2916,1896
2804,1893
2669,1900
2524,1909
2369,1923
2212,1943
2062,1965
1899,1981
1732,2009
1584,2035
1444,2068
1325,2088
1219,2116
1137,2141
1081,2158
1054,2178
1038,2186
1056,2192
1094,2190
1150,2196
1212,2191
1317,2194
1443,2191
1577,2174
1721,2169
1876,2161
2036,2154
2198,2156
2346,2136
2498,2116
2637,2092
2762,2059
2870,2042
2965,2013
3047,1988
3090,1959
3114,1944
3111,1929
3060,1919
2996,1924
2891,1922
2774,1927
2639,1935
2483,1937
2336,1964
2184,1975
2030,1995
1859,2015
1700,2052
1552,2081
1416,2104
1297,2128
1199,2153
1121,2171
1072,2184
1041,2200
1034,2205
1058,2213
1100,2224
1162,2218
1239,2216
1342,2218
1463,2223
1600,2219
1745,2209
1899,2197
2057,2184
2226,2177
2377,2144
2522,2128
2657,2106
2773,2080
2888,2045
2987,2010
3052,1976
3091,1925
3121,1931
3112,1911
3055,1902
2979,1892
2877,1895
2763,1903
2621,1907
2473,1917
2330,1931
2166,1949
1996,1971
1835,1990
1685,2017
1535,2039
1410,2067
1291,2103
1193,2128
1119,2151
1069,2163
1045,2169
1049,2176
1077,2183
1120,2190
1188,2190
1257,2190
1364,2203
1486,2194
1617,2190
1767,2187
1925,2172
2084,2156
2256,2136
2398,2119
2545,2097
2673,2072
2801,2047
2911,2033
2994,2008
3061,1986
3101,1962
3120,1939
3094,1917
3041,1911
2960,1904
2850,1923
2735,1933
2599,1946
2447,1961
2284,1969
2126,1986
1965,2008
1807,2028
1649,2053
1501,2076
1373,2106
1264,2136
1169,2157
1120,2189
1072,2194
1032,2198
1031,2211
1060,2206
1109,2210
1189,2208
1266,2211
1379,2222
1505,2235
1641,2228
1802,2217
1959,2197
2099,2174
2266,2153
2423,2131
2565,2112
2702,2087
2829,2064
2928,2036
3014,2006
3073,1980
3114,1949
3128,1921
3089,1897
3024,1882
2936,1884
2839,1894
2722,1902
2585,1912
2430,1923
2272,1947
2112,1965
1946,1982
1786,1994
1635,2011
1489,2040
1357,2075
1251,2110
1173,2137
1106,2160
1063,2178
1043,2172
1041,2183
1076,2178
1128,2179
1193,2189
1281,2197
1397,2203
1531,2195
1675,2189
1840,2182
1988,2166
2134,2151
2290,2122
2443,2104
2584,2084
2717,2067
2840,2051
2940,2030
3025,1999
3078,1979
3117,1952
3133,1925
3083,1911
3011,1899
2935,1904
2818,1917
2693,1926
2547,1940
2396,1964
2240,1982
2076,1993
1916,2013
1768,2041
1603,2063
1450,2086
1320,2113
1226,2148
1150,2165
1097,2192
1049,2206
1035,2214
1041,2215
1081,2216
1133,2215
1200,2219
1296,2216
1406,2214
1545,2214
1699,2219
1849,2214
2003,2196
2162,2177
2323,2155
2470,2128
2616,2103
2744,2075
2856,2046
2958,2015
3037,1990
3096,1964
3133,1947
3136,1927
3071,1904
3006,1896
2912,1893
2802,1895
2675,1900
2532,1903
2376,1925
2219,1951
2058,1966
1879,1994
1732,2021
1578,2046
1451,2061
1330,2084
1225,2101
1140,2129
1088,2152
1053,2172
1037,2189
1054,2198
1085,2202
1136,2206
1225,2204
1326,2193
1445,2188
1574,2181
1717,2166
1874,2165
2030,2159
2189,2149
2343,2142
2489,2117
2630,2090
2764,2066
2889,2029
2981,1995
3043,1964
3084,1950
3115,1936
3116,1931
3062,1927
2989,1924
2895,1918
2779,1924
2647,1923
2503,1929
2362,1948
2189,1965
2013,1999
1860,2027
1705,2062
1556,2088
1421,2103
1300,2124
1201,2147
1126,2157
1072,2176
1047,2196
1035,2207
1047,2234
1078,2235
1147,2272
1241,2238
1336,2221
1457,2211
1589,2201
1734,2195
1895,2182
2054,2182
2216,2179
2366,2163
2508,2144
2647,2116
2784,2077
2901,2045
2987,2005
3050,1969
3095,1945
3119,1926
3112,1921
3059,1910
2982,1909
2878,1906
2766,1905
2633,1898
2493,1897
2338,1915
2166,1933
1998,1963
1842,1994
1689,2028
1545,2056
1412,2082
1291,2105
1197,2124
1124,2134
1076,2150
1055,2166
1040,2184
1054,2189
1106,2199
1172,2198
1255,2202
1362,2197
1482,2192
1620,2183
1769,2159
1923,2155
2080,2145
2235,2132
2380,2139
2523,2107
2667,2088
2802,2055
2911,2024
2994,1997
3059,1970
3103,1953
3119,1929
3095,1925
3042,1913
2958,1917
2858,1921
2750,1923
2600,1921
2450,1940
2289,1956
2133,1980
1969,2001
1805,2023
1652,2057
1509,2085
1380,2114
1275,2136
1181,2158
1113,2168
1058,2191
1037,2203
1044,2210
1058,2220
1108,2219
1175,2224
1265,2225
1374,2220
1503,2216
1647,2213
1784,2203
1937,2197
2089,2182
2261,2171
2415,2147
2564,2124
2699,2092
2821,2066
2936,2029
3012,2003
3071,1973
3110,1949
3112,1928
3085,1913
3022,1905
2955,1894
2851,1903
2729,1901
2586,1909
2434,1921
2275,1939
2115,1959
1949,1979
1793,2006
1638,2031
1491,2057
1373,2080
1276,2103
1180,2121
1102,2146
1062,2165
1045,2177
1040,2185
1074,2196
1122,2193
1191,2197
1279,2192
1398,2189
1530,2185
1674,2186
1826,2180
1973,2162
2127,2152
2285,2120
2436,2115
2581,2091
2712,2068
2833,2037
2939,2015
3025,1986
3080,1971
3108,1957
3111,1936
3065,1919
3012,1908
2930,1912
2826,1917
2694,1925
2554,1934
2404,1952
2245,1968
2081,1989
1916,2015
1759,2039
1601,2064
1465,2088
1340,2112
1222,2136
1151,2168
1090,2184
1054,2199
1038,2206
1037,2211
1074,2219
1127,2220
1197,2216
1295,2210
1414,2215
1560,2215
1699,2212
1841,2195
1997,2188
2158,2176
2312,2154
2465,2138
2606,2110
2738,2083
2853,2056
2957,2023
3040,1993
3093,1973
3118,1950
3120,1925
3078,1908
3011,1897
2921,1893
2809,1895
2681,1901
2539,1917
2385,1931
2221,1948
2051,1970
1881,1993
1747,2019
1598,2034
1456,2054
1330,2080
1228,2106
1148,2138
1088,2157
1052,2177
1039,2186
1045,2190
1088,2192
1155,2192
1234,2188
1324,2180
1439,2192
1568,2192
1714,2185
1873,2175
2025,2165
2184,2146
2337,2131
2484,2102
2631,2078
2765,2053
2887,2024
2970,2002
3037,1982
3084,1958
3116,1954
3117,1930
3064,1920
2991,1909
2899,1911
2785,1914
2654,1921
2506,1938
2343,1951
2174,1983
2015,2011
1868,2030
1712,2051
1562,2069
1424,2091
1305,2115
1204,2144
1125,2165
1072,2190
1040,2208
1029,2221
1040,2221
1086,2218
1155,2222
1233,2222
1333,2212
1454,2214
1588,2214
1734,2205
1887,2200
2041,2192
2201,2178
2357,2156
2513,2121
2663,2092
2793,2071
2897,2042
2981,2010
3050,1979
3093,1960
3120,1940
3110,1924
3060,1908
2984,1901
2892,1900
2779,1900
2647,1905
2498,1919
2336,1931
2168,1949
2001,1969
1848,1996
1697,2021
1550,2048
1417,2069
1297,2091
1200,2117
1130,2136
1077,2160
1047,2170
1025,2187
1049,2196
1107,2194
1172,2193
1253,2221
1355,2189
1474,2189
1616,2183
1764,2178
1913,2169
2073,2157
2224,2146
2376,2119
2532,2084
2676,2074
2798,2049
2905,2019
2993,1990
3057,1969
3098,1953
3116,1937
3095,1927
3041,1918
2960,1909
2868,1913
2758,1912
2608,1925
2452,1941
2296,1958
2139,1978
1973,2007
1812,2027
1660,2054
1516,2081
1389,2107
1276,2133
1171,2155
1092,2171
1058,2194
1037,2201
1034,2211
1057,2219
1104,2217
1172,2218
1260,2216
1370,2217
1513,2216
1634,2208
1775,2200
1925,2198
2088,2186
2258,2163
2409,2145
2556,2125
2695,2100
2819,2072
2926,2041
3006,2009
3063,1979
3100,1955
3120,1934
3096,1915
3044,1902
2965,1899
2850,1896
2730,1902
2589,1909
2439,1919
2282,1939
2119,1957
1955,1981
1799,2000
1644,2030
1504,2054
1388,2073
1275,2095
1171,2110
1109,2153
1065,2167
1048,2182
1039,2192
1071,2188
1124,2194
1195,2190
1286,2194
1398,2191
1524,2195
1656,2195
1798,2178
1964,2164
2126,2153
2284,2134
2432,2112
2575,2090
2712,2063
2831,2034
2937,2016
3018,1983
3071,1965
3100,1951
3115,1929
3083,1919
3023,1910
2935,1912
2829,1917
2701,1919
2558,1932
2408,1950
2248,1966
2084,1989
1919,2013
1762,2033
1618,2055
1488,2085
1355,2117
1236,2139
1150,2164
1090,2185
1058,2201
1038,2208
1034,2214
1073,2218
1128,2222
1197,2220
1295,2213
1413,2215
1539,2218
1678,2206
1832,2197
1988,2188
2150,2176
2305,2160
2453,2143
2602,2109
2735,2096
2855,2062
2956,2029
3031,2006
3071,1978
3097,1952
3121,1928
3081,1913
3015,1904
2923,1903
2814,1907
2683,1907
2541,1918
2382,1930
2225,1944
2076,1970
1918,1987
1756,2008
1602,2035
1463,2061
1337,2084
1232,2112
1147,2136
1088,2158
1053,2172
1041,2179
1044,2187
1097,2189
1165,2187
1230,2180
1313,2185
1430,2190
1561,2193
1708,2186
1862,2174
2019,2159
2176,2145
2334,2124
2482,2109
2629,2077
2777,2057
2854,2028
2953,2023
3033,1992
3085,1964
3116,1940
3117,1923
3067,1911
3001,1907
2903,1911
2794,1917
2655,1927
2508,1943
2342,1959
2182,1985
2034,1999
1874,2016
1718,2039
1568,2064
1435,2093
1310,2120
1208,2148
1127,2176
1070,2196
1037,2208
1029,2208
1049,2208
1101,2213
1152,2216
1229,2215
1324,2216
1445,2215
1581,2218
1725,2212
1879,2204
2034,2192
2195,2171
2355,2146
2513,2125
2661,2100
2776,2083
2884,2058
2977,2022
3047,1992
3094,1971
3118,1949
3113,1927
3063,1910
2991,1898
2895,1895
2780,1905
2639,1913
2479,1925
2327,1933
2176,1955
2015,1978
1855,2001
1700,2022
1557,2047
1423,2067
1300,2091
1208,2119
1128,2149
1071,2168
1040,2176
1033,2187
1059,2193
1112,2200
1167,2190
1242,2195
1351,2188
1474,2190
1609,2188
1756,2183
1907,2172
2060,2161
2224,2135
2394,2113
2543,2094
2671,2071
2791,2045
2901,2014
2991,1988
3057,1971
3095,1955
3115,1941
3100,1924
3043,1909
2975,1906
2878,1906
2761,1909
2612,1922
2462,1937
2305,1952
2143,1982
1981,2009
1819,2031
1667,2057
1524,2086
1393,2100
1270,2127
1164,2151
1102,2176
1062,2200
1038,2212
1032,2229
1054,2227
1102,2226
1170,2214
1255,2214
1363,2206
1491,2204
1619,2202
1781,2199
1942,2196
2105,2180
2248,2166
2401,2153
2546,2126
2687,2099
2811,2061
2918,2032
3005,2007
3063,1987
3103,1967
3130,1949
3131,1923
3048,1905
2960,1895
2851,1897
2737,1901
2598,1905
2444,1924
2286,1942
2126,1966
1966,1983
1807,2013
1658,2033
1516,2053
1378,2074
1255,2098
1173,2121
1111,2149
1067,2165
1044,2180
1019,2194
1071,2196
1122,2193
1189,2188
1273,2188
1387,2190
1508,2190
1645,2187
1803,2180
1964,2170
2121,2158
2275,2136
2431,2117
2572,2085
2703,2062
2827,2032
2923,2013
3008,1989
3065,1969
3112,1944
3137,1931
3100,1919
3023,1913
2939,1909
2831,1909
2708,1915
2565,1929
2415,1947
2261,1970
2093,1994
1935,2013
1778,2030
1624,2063
1488,2084
1350,2107
1240,2137
1158,2160
1093,2185
1058,2198
1038,2213
1040,2215
1071,2220
1127,2216
1195,2217
1284,2217
1383,2228
1505,2219
1666,2208
1825,2199
1978,2190
2138,2180
2290,2166
2454,2145
2590,2121
2726,2090
2842,2071
2935,2042
3016,2007
3070,1976
3109,1953
3117,1934
3085,1916
3015,1905
2952,1907
2813,1906
2696,1912
2550,1919
2403,1927
2251,1941
2101,1955
1933,1976
1764,2003
1609,2041
1471,2068
1351,2093
1238,2120
1158,2138
1096,2153
1059,2168
1047,2172
1055,2179
1089,2186
1132,2192
1208,2190
1312,2205
1438,2196
1556,2196
1693,2188
1855,2177
2010,2158
2166,2139
2323,2126
2458,2100
2610,2083
2729,2065
2841,2046
2953,2017
3031,1986
3078,1951
3113,1933
3121,1914
3072,1905
3004,1901
2911,1907
2808,1915
2663,1924
2520,1937
2374,1954
2214,1974
2050,1986
1888,2010
1732,2038
1578,2066
1444,2090
1319,2126
1215,2149
1132,2177
1079,2197
1047,2202
1040,2201
1058,2221
1096,2210
1141,2208
1217,2208
1320,2215
1435,2215
1565,2220
1713,2213
1852,2200
2024,2183
2190,2169
2346,2144
2483,2135
2627,2112
2756,2084
2876,2062
2985,2033
3041,2007
3092,1975
3118,1949
3115,1921
3070,1900
2999,1895
2898,1904
2789,1914
2644,1918
2496,1926
2351,1942
2187,1953
2028,1970
1867,1989
1715,2011
1572,2035
1431,2065
1313,2096
1210,2127
1136,2144
1081,2157
1059,2173
1054,2176
1059,2192
1103,2182
1162,2185
1245,2182
1344,2193
1460,2198
1597,2196
1742,2188
1894,2170
2052,2154
2218,2131
2379,2124
2512,2101
2653,2072
2775,2053
2893,2020
2978,1995
3048,1971
3093,1949
3117,1928
3111,1913
3051,1901
2981,1905
2879,1919
2752,1917
2615,1925
2477,1943
2318,1961
2148,1980
1996,1997
1835,2019
1679,2042
1534,2069
1398,2098
1281,2128
1193,2157
1122,2176
1058,2191
1042,2204
1046,2215
1058,2219
1098,2217
1160,2213
1246,2210
1355,2208
1478,2209
1619,2210
1779,2206
1931,2192
2080,2180
2226,2165
2385,2148
2548,2124
2676,2101
2801,2073
2912,2042
2997,2018
3068,1990
3114,1962
3128,1944
3095,1929
3030,1910
2964,1904
2856,1902
2748,1904
2608,1911
2458,1926
2299,1943
2138,1965
1978,1983
1820,2003
1664,2028
1514,2045
1372,2076
1270,2107
1189,2127
1119,2156
1071,2171
1047,2181
1041,2184
1072,2199
1115,2189
1182,2188
1268,2187
1367,2184
1502,2188
1650,2186
1808,2182
1951,2166
2107,2157
2263,2138
2411,2112
2556,2089
2692,2059
2815,2035
2922,2010
3008,1992
3071,1962
3117,1945
3134,1930
3088,1912
3029,1899
2945,1900
2845,1906
2717,1918
2576,1930
2429,1946
2272,1965
2106,1983
1945,2006
1791,2029
1624,2060
1482,2078
1368,2109
1252,2130
1162,2158
1094,2184
1056,2203
1037,2212
1034,2221
1073,2225
1120,2219
1182,2218
1269,2217
1383,2204
1511,2211
1664,2208
1811,2206
1965,2194
2129,2182
2285,2163
2438,2143
2578,2125
2711,2089
2834,2060
2938,2029
3022,2002
3091,1982
3125,1963
3125,1945
3086,1930
3023,1917
2935,1907
2829,1902
2697,1906
2557,1913
2406,1929
2251,1978
2086,1970
1922,1990
1779,2012
1620,2035
1481,2064
1352,2085
1244,2106
1158,2135
1099,2149
1065,2172
1053,2184
1044,2189
1073,2196
1120,2197
1207,2199
1304,2190
1417,2190
1547,2192
1692,2187
1846,2182
2000,2171
2161,2155
2314,2136
2462,2114
2601,2086
2735,2058
2864,2028
2952,1997
3029,1972
3079,1954
3112,1936
3125,1922
3075,1907
3010,1904
2915,1905
2802,1911
2675,1921
2542,1931
2359,1941
2226,1965
2056,1987
1894,2014
1736,2040
1588,2067
1447,2087
1323,2120
1217,2140
1139,2163
1079,2187
1050,2200
1034,2209
1037,2225
1076,2219
1139,2217
1217,2213
1314,2209
1430,2205
1561,2214
1712,2208
1865,2196
2012,2186
2184,2176
2333,2159
2479,2137
2617,2110
2756,2085
2874,2056
2969,2025
3042,1999
3093,1973
3117,1953
3120,1938
3068,1923
2997,1906
2899,1908
2788,1902
2663,1904
2522,1922
2358,1938
2194,1955
2029,1971
1878,1992
1719,2017
1578,2043
1436,2065
1315,2096
1208,2119
1139,2135
1093,2143
1069,2169
1046,2181
1054,2192
1100,2189
1159,2192
1238,2188
1338,2188
1457,2199
1593,2192
1741,2186
1893,2179
2053,2163
2204,2151
2355,2125
2505,2095
2651,2070
2777,2053
2891,2024
2981,1996
3047,1972
3093,1945
3117,1927
3109,1910