0,2871
2765,2262
2824,2276
2851,2275
2867,2262
2869,2244
2903,2217
2922,2189
2943,2156
2954,2131
2952,2103
2935,2082
2896,2066
2833,2054
2744,2043
2637,2040
2516,2028
2382,2012
2245,1981
2099,1943
1953,1893
1806,1836
1646,1804
1478,1796
1287,1793
1085,1811
887,1850
718,1894
613,1946
593,2002
677,2061
856,2115
1122,2154
1432,2192
1743,2214
2030,2221
2273,2232
2468,2238
2613,2252
2713,2262
2786,2271
2827,2276
2848,2268
2863,2253
2875,2229
2889,2189
2904,2147
2921,2111
2930,2100
2927,2066
2907,2037
2860,2015
2790,2006
2707,1990
2589,1986
2467,1977
2332,1953
2193,1926
2047,1886
1897,1834
1747,1794
1583,1772
1410,1787
1215,1815
1005,1845
804,1892
623,1939
520,1995
512,2045
616,2100
826,2148
1113,2194
1435,2220
1754,2232
2043,2237
2289,2237
2478,2250
2622,2257
2722,2270
2787,2273
2826,2269
2848,2258
2865,2243
2879,2221
2898,2183
2918,2151
2940,2130
2947,2106
2940,2076
2919,2045
2868,2029
2800,2020
2703,2024
2586,2023
2457,2015
2320,1991
2177,1951
2031,1908
1881,1859
1727,1810
1572,1793
1401,1788
1207,1797
1003,1823
812,1871
654,1911
576,1957
597,2015
718,2061
931,2106
1224,2137
1535,2169
1841,2190
2116,2208
2347,2222
2527,2231
2649,2242
2739,2257
2798,2274
2826,2274
2848,2260
2865,2245
2882,2221
2894,2179
2909,2144
2927,2111
2930,2075
2920,2049
2892,2026
2844,2009
2756,1994
2649,1983
2535,1971
2403,1957
2267,1928
2128,1894
1982,1855
1830,1810
1677,1783
1525,1768
1343,1770
1140,1796
939,1839
743,1899
587,1942
514,2002
546,2062
685,2112
925,2162
1239,2202
1563,2225
1870,2236
2143,2249
2361,2251
2529,2252
2653,2261
2733,2266
2787,2273
2821,2267
2844,2256
2862,2235
2878,2208
2903,2175
2915,2140
2932,2115
2936,2089
2940,2069
2895,2041
2834,2020
2755,2010
2653,2012
2525,2006
2399,1994
2264,1970
2130,1934
1970,1882
1822,1834
1666,1801
1507,1794
1321,1799
1112,1818
911,1853
730,1889
597,1931
553,1982
612,2025
772,2077
1019,2120
1320,2157
1639,2177
1935,2190
2193,2202
2399,2208
2560,2226
2674,2242
2750,2250
2798,2261
2826,2251
2847,2245
2868,2223
2886,2195
2904,2159
2922,2132
2933,2106
2933,2077
2915,2052
2874,2023
2807,1998
2719,1990
2610,1980
2487,1971
2353,1949
2212,1921
2077,1882
1922,1848
1770,1796
1616,1774
1444,1768
1252,1777
1043,1799
828,1847
639,1899
513,1953
491,2011
571,2068
762,2115
1043,2161
1363,2210
1684,2228
1983,2242
2233,2244
2436,2253
2582,2256
2689,2265
2762,2271
2809,2271
2835,2263
2862,2261
2875,2238
2895,2198
2914,2158
2930,2125
2934,2102
2924,2073
2908,2054
2865,2030
2799,2025
2708,2024
2593,2019
2467,1997
2336,1970
2193,1934
2056,1891
1907,1847
1750,1806
1594,1791
1424,1795
1242,1812
1046,1835
851,1874
690,1919
592,1964
580,2008
676,2054
869,2087
1147,2128
1460,2159
1777,2184
2063,2189
2291,2191
2472,2207
2605,2219
2694,2233
2755,2250
2792,2261
2819,2255
2843,2250
2864,2226
2887,2187
2903,2151
2921,2121
2930,2092
2923,2061
2896,2022
2851,2000
2774,1990
2678,1988
2564,1981
2434,1973
2305,1947
2160,1905
2018,1865
1863,1811
1704,1768
1548,1739
1376,1743
1181,1754
982,1798
787,1859
624,1904
526,1969
524,2013
628,2066
836,2121
1122,2160
1447,2199
1775,2226
2064,2239
2308,2257
2493,2262
2629,2274
2723,2282
2786,2280
2818,2275
2836,2256
2857,2241
2870,2216
2889,2177
2903,2148
2924,2123
2933,2090
2923,2067
2891,2034
2840,2009
2762,2008
2663,1998
2546,2001
2418,1976
2281,1958
2144,1916
2000,1876
1850,1833
1694,1793
1535,1784
1357,1789
1157,1802
954,1845
758,1886
617,1936
548,1988
588,2039
728,2099
955,2136
1253,2168
1570,2183
1874,2185
2138,2189
2355,2194
2523,2194
2645,2213
2724,2223
2773,2237
2801,2237
2824,2234
2841,2224
2863,2199
2884,2157
2903,2132
2921,2106
2936,2075
2923,2050
2891,2026
2837,2012
2759,1994
2656,1991
2534,1980
2397,1961
2256,1929
2108,1897
1957,1852
1801,1800
1642,1765
1481,1754
1295,1763
1087,1788
883,1828
688,1876
545,1924
490,1967
537,2018
682,2065
931,2115
1247,2162
1577,2200
1886,2221
2157,2243
2376,2261
2548,2262
2669,2270
2748,2267
2800,2273
2833,2265
2856,2258
2870,2249
2891,2210
2912,2176
2936,2140
2949,2108
2948,2084
2927,2052
2881,2024
2811,2005
2717,2000
2609,2001
2484,1988
2353,1970
2222,1946
2085,1914
1943,1860
1790,1802
1635,1771
1470,1762
1276,1770
1079,1808
879,1854
705,1910
591,1958
560,2003
636,2058
807,2100
1068,2148
1378,2174
1694,2194
1986,2202
2259,2201
2436,2205
2593,2217
2693,2225
2759,2236
2807,2235
2823,2243
2839,2224
2850,2205
2862,2179
2878,2141
2904,2119
2920,2093
2921,2069
2905,2044
2873,2029
2807,2008
2714,1994
2607,1985
2478,1977
2343,1948
2204,1911
2061,1876
1911,1826
1758,1782
1599,1763
1425,1758
1235,1774
1025,1797
817,1835
640,1874
521,1926
505,1982
598,2030
784,2103
1072,2145
1390,2179
1713,2200
2005,2205
2252,2223
2448,2227
2589,2249
2693,2274
2763,2283
2808,2283
2837,2277
2856,2266
2879,2244
2900,2210
2915,2167
2934,2138
2939,2106
2931,2074
2904,2034
2859,2018
2783,2004
2692,2005
2574,1994
2447,1976
2308,1953
2164,1924
2017,1883
1868,1843
1719,1799
1561,1774
1398,1772
1207,1785
1002,1822
819,1871
649,1915
575,1967
587,2019
692,2073
900,2125
1173,2166
1493,2190
1809,2207
2089,2216
2323,2207
2501,2228
2629,2224
2721,2230
2774,2232
2807,2229
2830,2220
2849,2209
2864,2194
2880,2163
2897,2130
2914,2105
2921,2076
2918,2047
2889,2028
2843,2015
2766,2007
2675,1995
2562,1985
2428,1967
2299,1938
2154,1906
2007,1870
1860,1817
1695,1767
1536,1747
1362,1749
1157,1780
950,1821
750,1864
590,1911
510,1956
536,2007
653,2049
884,2101
1175,2150
1505,2170
1819,2200
2094,2209
2321,2220
2496,2237
2628,2252
2720,2266
2774,2271
2812,2266
2833,2259
2856,2250
2881,2229
2896,2196
2916,2167
2936,2135
2937,2108
2929,2073
2892,2040
2836,2017
2752,2003
2646,2007
2524,1997
2391,1978
2257,1945
2116,1910
1969,1863
1818,1814
1659,1779
1496,1776
1312,1783
1103,1793
902,1837
713,1890
579,1936
535,1994
584,2049
736,2095
983,2137
1286,2171
1609,2193
1918,2202
2180,2211
2394,2221
2557,2229
2671,2239
2750,2239
2795,2246
2824,2238
2839,2226
2856,2209
2872,2172
2892,2130
2909,2100
2928,2080
2932,2057
2920,2037
2883,2015
2824,1997
2744,1991
2633,1986
2510,1977
2376,1959
2237,1933
2093,1895
1951,1851
1800,1802
1644,1770
1478,1767
1293,1770
1083,1790
882,1829
695,1873
561,1924
518,1969
584,2023
744,2073
1007,2118
1317,2155
1641,2183
1940,2197
2198,2204
2399,2215
2554,2223
2665,2233
2741,2248
2794,2259
2825,2260
2847,2266
2870,2259
2889,2221
2910,2178
2932,2145
2941,2117
2937,2091
2916,2072
2867,2039
2801,2025
2710,2018
2603,2008
2476,1995
2343,1975
2196,1939
2050,1895
1897,1844
1746,1795
1589,1775
1426,1768
1239,1783
1043,1819
846,1862
672,1902
560,1950
545,2004
634,2060
821,2104
1095,2148
1412,2180
1736,2206
2027,2220
2275,2232
2468,2242
2610,2247
2711,2251
2776,2252
2817,2248
2836,2244
2852,2228
2867,2204
2883,2164
2899,2127
2915,2092
2925,2063
2919,2042
2896,2017
2847,1998
2778,1985
2688,1982
2582,1977
2463,1966
2334,1946
2200,1923
2057,1880
1910,1833
1756,1784
1593,1764
1428,1762
1232,1775
1026,1803
819,1842
645,1881
546,1936
537,1993
634,2052
839,2100
1123,2141
1445,2167
1759,2189
2039,2198
2276,2204
2455,2215
2598,2224
2693,2235
2756,2244
2798,2246
2822,2244
2845,2234
2866,2221
2882,2188
2901,2162
2917,2137
2930,2110
2921,2090
2897,2064
2845,2039
2771,2029
2678,2017
2558,2003
2430,1982
2290,1954
2144,1920
1996,1872
1841,1825
1682,1783
1519,1769
1339,1770
1142,1784
934,1821
743,1870
592,1921
524,1988
548,2035
675,2083
903,2125
1206,2158
1528,2187
1842,2204
2119,2216
2344,2224
2514,2239
2637,2242
2726,2257
2778,2255
2815,2252
2840,2244
2859,2232
2874,2200
2891,2154
2906,2121
2921,2091
2927,2058
2921,2029
2891,2002
2843,1983
2765,1977
2662,1972
2543,1967
2413,1957
2277,1934
2135,1897
1991,1853
1844,1805
1684,1777
1525,1775
1348,1783
1143,1801
942,1833
750,1862
603,1909
536,1952
576,2005
711,2062
935,2116
1239,2154
1558,2181
1864,2197
2135,2196
2355,2198
2528,2211
2642,2219
2723,2233
2775,2241
2806,2245
2833,2239
2857,2226
2880,2202
2901,2165
2922,2139
2931,2114
2931,2092
2912,2072
2877,2053
2816,2032
2729,2022
2632,2017
2513,2005
2375,1984
2225,1953
2077,1917
1926,1871
1768,1815
1615,1779
1458,1770
1276,1771
1067,1795
869,1836
681,1889
544,1943
502,1995
571,2042
747,2091
1009,2126
1327,2163
1653,2192
1951,2205
2211,2220
2418,2227
2576,2243
2689,2250
2762,2263
2811,2269
2838,2259
2857,2248
2871,2231
2889,2199
2904,2155
2922,2123
2934,2086
2935,2049
2916,2023
2872,1999
2804,1983
2718,1975
2610,1972
2492,1959
2362,1938
2230,1911
2088,1881
1943,1840
1790,1794
1632,1770
1474,1770
1288,1777
1094,1803
898,1843
718,1884
590,1934
557,1985
627,2035
799,2081
1064,2124
1381,2164
1701,2190
1992,2198
2240,2199
2435,2212
2578,2223
2681,2230
2748,2236
2789,2236
2820,2227
2838,2216
2854,2208
2871,2181
2890,2151
2907,2124
2917,2095
2916,2069
2897,2046
2853,2025
2786,2015
2693,2018
2580,2015
2453,2006
2324,1979
2176,1944
2031,1900
1877,1849
1710,1797
1549,1780
1374,1778
1173,1791
970,1817
778,1859
612,1902
520,1957
528,2009
630,2058
831,2108
1119,2152
1441,2192
1759,2209
2050,2218
2287,2219
2475,2221
2618,2234
2715,2251
2773,2259
2812,2265
2836,2261
2854,2250
2876,2221
2894,2181
2921,2145
2932,2118
2938,2096
2931,2067
2903,2036
2853,2000
2780,1980
2686,1973
2571,1963
2445,1952
2314,1932
2160,1901
2031,1860
1880,1812
1726,1771
1570,1759
1408,1762
1214,1778
1014,1811
821,1860
654,1907
569,1963
582,2015
695,2062
920,2103
1194,2141
1503,2168
1819,2185
2085,2197
2309,2211
2485,2218
2619,2228
2710,2235
2769,2237
2807,2234
2828,2224
2843,2209
2859,2187
2873,2155
2892,2128
2907,2103
2911,2067
2906,2053
2876,2030
2824,2021
2744,2018
2645,2018
2529,2015
2398,2003
2260,1974
2117,1934
1966,1895
1812,1842
1651,1804
1480,1791
1290,1791
1088,1803
876,1839
683,1879
534,1926
465,1979
510,2033
662,2083
910,2127
1224,2163
1552,2188
1871,2202
2148,2218
2365,2222
2531,2228
2656,2245
2739,2254
2793,2261
2825,2257
2847,2245
2862,2240
2878,2213
2898,2180
2919,2142
2937,2116
2939,2088
2927,2062
2898,2036
2838,2007
2754,1987
2650,1977
2526,1966
2395,1945
2257,1917
2116,1879
1971,1837
1822,1788
1670,1754
1509,1751
1333,1762
1131,1789
933,1830
740,1878
624,1929
581,1979
636,2029
791,2077
1036,2121
1332,2158
1642,2186
1933,2197
2184,2202
2388,2210
2546,2218
2656,2230
2734,2232
2783,2243
2814,2242
2832,2226
2851,2203
2865,2172
2888,2133
2904,2103
2917,2082
2931,2060
2898,2034
2851,2012
2793,1999
2706,1995
2598,1987
2478,1991
2342,1977
2205,1952
2056,1914
1907,1871
1749,1828
1587,1804
1423,1796
1226,1800
1011,1821
804,1858
621,1899
494,1948
466,1995
553,2049
741,2096
1022,2137
1347,2172
1681,2194
1972,2205
2226,2212
2432,2225
2586,2234
2691,2236
2763,2244
2812,2252
2837,2250
2858,2247
2875,2227
2892,2193
2911,2162
2932,2138
2941,2114
2937,2084
2922,2064
2872,2031
2802,2015
2711,2007
2600,2002
2476,1979
2342,1946
2203,1905
2059,1857
1913,1806
1755,1763
1600,1752
1435,1751
1248,1759
1050,1788
859,1837
694,1887
598,1943
590,1998
687,2056
877,2108
1151,2148
1461,2170
1772,2191
2049,2191
2288,2200
2472,2211
2600,2219
2697,2221
2758,2236
2795,2239
2817,2233
2840,2216
2857,2198
2871,2159
2885,2125
2909,2094
2911,2072
2904,2043
2877,2012
2838,1994
2767,1983
2675,1983
2563,1980
2432,1970
2293,1959
2146,1928
2001,1892
1845,1850
1685,1814
1526,1800
1346,1799
1143,1815
928,1844
728,1893
563,1928
473,1969
490,2030
618,2078
840,2120
1142,2155
1472,2180
1794,2200
2077,2208
2308,2215
2491,2219
2620,2226
2716,2240
2778,2258
2809,2255
2841,2246
2860,2239
2882,2215
2901,2176
2919,2142
2937,2119
2943,2089
2933,2072
2904,2047
2844,2027
2771,2020
2671,2007
2555,2001
2422,1986
2284,1957
2141,1909
1994,1858
1846,1793
1693,1750
1542,1740
1368,1748
1159,1776
984,1812
797,1855
645,1899
588,1955
614,2010
735,2070
962,2115
1258,2151
1566,2179
1877,2194
2142,2204
2362,2214
2530,2221
2650,2226
2730,2235
2781,2242
2810,2236
2829,2228
2848,2216
2863,2186
2881,2158
2900,2121
2913,2088
2916,2056
2902,2029
2865,2003
2810,1983
2728,1975
2623,1975
2506,1969
2375,1954
2236,1947
2085,1900
1948,1863
1791,1819
1634,1795
1464,1801
1279,1808
1071,1825
864,1859
671,1903
526,1953
473,2009
520,2061
680,2106
943,2167
1264,2176
1593,2191
1904,2205
2173,2212
2386,2225
2548,2233
2665,2242
2746,2243
2792,2246
2820,2246
2848,2244
2867,2227
2883,2201
2903,2161
2922,2134
2934,2111
2945,2080
2920,2055
2887,2038
2826,2019
2738,2015
2633,2007
2509,2005
2379,1978
2236,1948
2098,1903
1949,1852
1798,1789
1637,1755
1472,1745
1289,1753
1088,1783
891,1827
722,1871
612,1915
580,1972
648,2028
820,2081
1076,2127
1387,2171
1698,2195
1991,2201
2235,2203
2443,2214
2584,2225
2690,2237
2758,2245
2799,2245
2826,2243
2840,2224
2857,2203
2873,2169
2892,2136
2906,2104
2918,2077
2913,2050
2889,2018
2853,1996
2785,1979
2694,1970
2589,1967
2463,1966
2330,1941
2184,1913
2039,1880
1883,1837
1723,1789
1564,1781
1400,1780
1204,1796
998,1837
793,1891
615,1930
501,1980
484,2031
583,2092
783,2130
1060,2165
1388,2197
1713,2214
2011,2213
2256,2222
2454,2231
2600,2242
2702,2247
2773,2243
2811,2241
2832,2237
2852,2229
2871,2214
2878,2185
2909,2146
2931,2118
2938,2090
2936,2070
2915,2046
2869,2029
2805,2019
2703,2013
2585,2013
2458,1995
2322,1972
2182,1938
2039,1894
1887,1838
1730,1785
1577,1764
1400,1765
1209,1769
1009,1799
818,1837
660,1881
576,1935
585,1994
693,2046
903,2102
1195,2142
1512,2168
1819,2184
2095,2193
2322,2208
2500,2216
2628,2229
2718,2237
2778,2243
2814,2243
2832,2241
2852,2230
2870,2201
2887,2162
2903,2120
2916,2091
2921,2070
2912,2041
2884,2014
2839,1990
2759,1978
2659,1972
2539,1968
2412,1953
2270,1929
2119,1890
1977,1848
1827,1816
1670,1770
1506,1763
1323,1778
1118,1802
914,1844
712,1892
563,1945
488,2003
519,2051
660,2104
895,2144
1201,2194
1527,2209
1847,2229
2120,2232
2345,2231
2524,2236
2645,2238
2733,2244
2786,2255
2819,2253
2842,2239
2860,2227
2880,2201
2896,2165
2916,2133
2936,2108
2940,2090
2925,2066
2891,2041
2837,2023
2753,2012
2655,2012
2534,2000
2406,1985
2266,1952
2122,1919
1975,1877
1824,1827
1669,1788
1515,1778
1335,1780
1137,1791
941,1828
759,1867
622,1916
572,1964
625,2013
778,2056
1021,2098
1323,2144
1638,2165
1932,2189
2193,2200
2398,2214
2550,2218
2665,2234
2741,2247
2793,2258
2821,2247
2841,2236
2857,2221
2874,2199
2892,2154
2910,2121
2926,2089
2925,2055
2910,2029
2867,2007
2808,1990
2721,1981
2614,1973
2492,1960
2357,1938
2218,1909
2077,1873
1926,1830
1773,1784
1618,1762
1443,1757
1250,1768
1038,1798
837,1844
652,1900
525,1960
491,2009
567,2071
742,2122
1014,2167
1336,2199
1660,2215
1961,2229
2219,2236
2423,2241
2570,2247
2681,2261
2756,2262
2808,2262
2827,2253
2842,2241
2865,2221
2888,2179
2906,2148
2920,2122
2927,2090
2926,2073
2907,2050
2865,2024
2798,2010
2708,2003
2599,1999
2473,1994
2341,1972
2203,1947
2060,1902
1911,1855
1764,1800
1605,1783
1441,1779
1251,1789
1049,1819
863,1853
689,1896
584,1936
579,2015
664,2040
859,2084
1130,2116
1436,2157
1750,2171
2034,2186
2270,2194
2459,2204
2597,2219
2698,2230
2765,2231
2806,2247
2823,2244
2848,2236
2860,2213
2878,2174
2899,2139
2921,2115
2925,2084
2923,2055
2895,2027
2847,1995
2776,1981
2682,1980
2569,1976
2444,1961
2306,1941
2163,1903
2022,1853
1865,1807
1699,1768
1543,1757
1366,1757
1169,1776
963,1806
758,1848
586,1896
493,1962
498,2024
616,2078
833,2133
1129,2178
1460,2211
1780,2223
2067,2236
2304,2244
2484,2250
2621,2254
2719,2254
2777,2264
2814,2261
2839,2258
2858,2246
2872,2215
2892,2176
2910,2151
2924,2119
2928,2083
2925,2055
2893,2034
2840,2017
2766,2015
2670,2010
2553,2000
2421,1988
2281,1959
2139,1928
1994,1884
1841,1837
1683,1800
1526,1784
1358,1784
1162,1800
965,1836
782,1882
642,1929
576,1974
606,2019
734,2064
951,2103
1247,2136
1564,2162
1869,2174
2137,2185
2360,2193
2521,2209
2645,2222
2722,2228
2778,2233
2809,2235
2831,2226
2849,2225
2869,2198
2886,2163
2904,2128
2923,2099
2927,2076
2915,2050
2882,2023
2825,2005
2739,1993
2637,1978
2515,1963
2387,1947
2248,1924
2104,1894
1958,1845
1805,1787
1645,1750
1484,1746
1296,1751
1090,1779
883,1819
689,1867
549,1913
491,1969
538,2027
690,2084
939,2141
1258,2184
1586,2209
1894,2232
2165,2236
2379,2245
2545,2252
2664,2262
2743,2269
2793,2275
2819,2269
2841,2251
2859,2244
2876,2211
2896,2161
2919,2130
2930,2104
2929,2075
2912,2049
2874,2023
2808,2006
2725,2000
2619,2001
2500,1993
2368,1975
2230,1941
2085,1904
1938,1862
1781,1803
1624,1786
1465,1781
1282,1789
1088,1815
894,1853
718,1900
596,1946
565,2001
637,2048
804,2095
1065,2134
1374,2161
1686,2174
1978,2181
2230,2187
2425,2191
2575,2204
2677,2219
2749,2224
2792,2231
2818,2226
2839,2221
2861,2211
2878,2184
2899,2150
2914,2122
2925,2092
2925,2065
2908,2035
2864,2010
2798,1997
2711,1989
2599,1983
2475,1969
2338,1942
2195,1909
2052,1870
1901,1826
1742,1775
1584,1749
1419,1748
1224,1756
1019,1787
817,1835
633,1881
521,1935
506,1991
591,2044
777,2098
1056,2142
1379,2179
1707,2210
2004,2228
2254,2238
2453,2248
2598,2259
2701,2269
2765,2277
2808,2274
2832,2269
2849,2257
2870,2230
2885,2192
2903,2160
2920,2129
2927,2099
2922,2073
2901,2042
2852,2017
2780,2002
2684,2000
2572,1994
2446,1980
2310,1959
2170,1932
2026,1895
1874,1844
1719,1796
1563,1777
1393,1779
1200,1792
998,1824
801,1877
642,1922
558,1974
572,2025
684,2074
894,2117
1178,2153
1493,2178
1804,2193
2081,2197
2312,2204
2490,2209
2624,2213
2711,2219
2772,2226
2807,2228
2825,2223
2843,2212
2863,2187
2881,2155
2901,2127
2920,2103
2929,2080
2922,2054
2896,2022
2845,2003
2770,1994
2673,1990
2556,1980
2426,1965
2292,1936
2148,1900
2002,1853
1849,1800
1694,1761
1533,1748
1354,1752
1153,1767
945,1802
745,1848
588,1896
506,1951
528,2003
655,2052
886,2105
1185,2149
1509,2179
1823,2201
2101,2215
2328,2231
2506,2243
2635,2258
2724,2268
2783,2273
2822,2275
2838,2267
2857,2251
2875,2220
2893,2185
2911,2153
2925,2124
2928,2096
2916,2066
2883,2037
2825,2014
2744,2007
2643,2000
2521,1989
2391,1970
2251,1936
2111,1898
1964,1862
1812,1819
1656,1786
1497,1777
1317,1782
1115,1799
915,1838
729,1885
591,1938
546,1994
604,2050
757,2097
1000,2138
1304,2174
1622,2196
1919,2209
2182,2216
2391,2212
2549,2213
2665,2218
2733,2228
2784,2231
2810,2230
2830,2221
2851,2202
2870,2170
2886,2135
2905,2110
2921,2085
2925,2066
2914,2035
2881,2014
2820,1997
2738,1995
2635,1992
2510,1980
2381,1955
2241,1926
2096,1891
1948,1837
1794,1795
1631,1758
1466,1750
1283,1761
1077,1784
872,1826
686,1875
551,1926
516,1978
576,2026
740,2072
997,2118
1308,2152
1634,2181
1931,2198
2189,2209
2395,2220
2549,2233
2665,2248
2741,2266
2795,2276
2824,2275
2850,2267
2870,2249
2888,2218
2911,2178
2928,2148
2940,2116
2936,2087
2916,2055
2869,2029
2798,2011
2708,2001
2594,1996
2465,1979
2334,1957
2191,1925
2044,1888
1899,1841
1744,1793
1591,1773
1428,1777
1240,1790
1042,1816
848,1859
677,1898
567,1953
552,2006
641,2060
831,2108
1102,2149
1420,2183
1738,2204
2026,2213
2268,2217
2461,2225
2604,2234
2703,2238
2764,2240
2804,2237
2829,2229
2848,2218
2865,2195
2877,2156
2897,2122
2915,2092
2920,2066
2917,2041
2898,2018
2853,1998
2787,1987
2696,1986
2586,1987
2459,1975
2326,1951
2188,1917
2047,1874
1901,1826
1743,1781
1588,1765
1416,1765
1214,1772
1006,1800
806,1842
629,1891
528,1941
521,1992
624,2044
824,2086
1108,2131
1431,2164
1751,2191
2036,2205
2278,2210
2465,2221
2606,2228
2700,2243
2761,2252
2803,2258
2829,2257
2851,2250
2873,2228
2892,2192
2911,2160
2929,2141
2935,2109
2926,2083
2892,2055
2839,2030
2762,2019
2662,2012
2545,2004
2420,1986
2283,1957
2141,1918
1995,1875
1842,1824
1682,1781
1522,1768
1338,1771
1140,1785
938,1827
744,1879
587,1923
519,1976
547,2035
680,2082
917,2126
1220,2165
1545,2193
1856,2212
2134,2220
2358,2236
2530,2234
2654,2246
2734,2251
2781,2253
2818,2250
2836,2232
2852,2220
2867,2183
2884,2142
2902,2109
2919,2080
2922,2053
2915,2027
2884,2001
2830,1979
2757,1971
2658,1977
2546,1977
2414,1968
2276,1943
2136,1907
1991,1862
1838,1810
1680,1772
1518,1758
1335,1762
1131,1781
927,1818
730,1870
586,1915
520,1975
564,2029
703,2074
948,2119
1252,2153
1594,2178
1879,2187
2147,2197
2368,2205
2531,2214
2652,2228
2732,2236
2789,2243
2818,2244
2836,2239
2857,2236
2875,2209
2898,2177
2922,2152
2937,2124
2941,2096
2928,2072
2889,2046
2828,2026
2743,2021
2636,2013
2504,2008
2365,1985
2225,1946
2077,1902
1926,1852
1770,1802
1612,1774
1444,1768
1259,1774
1061,1801
864,1847
684,1891
569,1945
536,2001
603,2050
773,2099
1037,2135
1354,2174
1677,2199
1976,2213
2238,2219
2441,2227
2597,2239
2699,2249
2767,2255
2808,2261
2831,2257
2849,2245
2863,2218
2880,2178
2898,2140
2918,2108
2928,2077
2927,2051
2912,2021
2869,1997
2803,1980
2714,1981
2605,1975
2483,1960
2353,1952
2214,1919
2075,1879
1930,1834
1779,1781
1625,1761
1463,1764
1278,1773
1075,1803
875,1846
694,1889
583,1936
557,1981
631,2026
816,2082
1084,2128
1395,2167
1710,2185
2001,2195
2250,2201
2444,2206
2584,2218
2685,2228
2752,2238
2792,2241
2815,2237
2834,2227
2854,2213
2873,2179
2895,2146
2918,2128
2932,2109
2928,2089
2903,2066
2854,2042
2781,2030
2683,2021
2572,2014
2445,1999
2305,1972
2163,1939
2016,1894
1864,1842
1708,1793
1547,1772
1373,1751
1176,1783
972,1810
776,1853
609,1901
513,1957
521,2014
636,2070
851,2119
1145,2150
1474,2177
1789,2200
2077,2209
2308,2222
2491,2233
2628,2244
2720,2250
2777,2256
2814,2258
2837,2251
2857,2240
2877,2220
2893,2184
2915,2146
2928,2104
2939,2076
2925,2047
2896,2019
2848,1997
2771,1978
2673,1972
2563,1968
2434,1954
2309,1932
2160,1898
2022,1860
1875,1813
1720,1772
1563,1768
1393,1771
1192,1786
993,1818
805,1860
652,1909
570,1962
592,2015
710,2066
922,2108
1211,2139
1529,2170
1833,2187
2104,2194
2330,2199
2495,2208
2621,2218
2707,2224
2763,2238
2798,2238
2821,2232
2843,2223
2862,2197
2884,2160
2901,2129
2915,2107
2920,2082
2914,2067
2883,2050
2830,2031
2751,2021
2650,2022
2528,2014
2392,1995
2251,1970
2103,1936
1952,1881
1797,1830
1636,1785
1474,1776
1288,1782
1086,1798
883,1836
694,1883
549,1934
498,1989
549,2029
700,2083
950,2124
1261,2165
1586,2191
1890,2193
2161,2206
2377,2221
2542,2231
2662,2248
2745,2254
2796,2256
2828,2264
2844,2255
2865,2238
2885,2213
2899,2170
2923,2141
2938,2104
2941,2077
2926,2045
2885,2020
2825,1995
2740,1985
2634,1976
2510,1963
2377,1946
2243,1914
2103,1876
1957,1831
1808,1791
1660,1766
1502,1767
1323,1776
1130,1802
930,1847
754,1888
625,1933
580,1985
632,2029
789,2074
1036,2119
1338,2155
1650,2180
1949,2186
2202,2195
2403,2205
2555,2210
2665,2220
2737,2227
2786,2231
2812,2231
2835,2222
2856,2205
2874,2166
2888,2132
2913,2109
2920,2084
2920,2067
2901,2041
2860,2015
2790,2010
2701,2010
2594,2016
2464,2006
2334,1997
2191,1960
2050,1919
1896,1870
1734,1825
1576,1798
1404,1793
1217,1797
1004,1817
800,1860
616,1903
503,1952
486,2004
573,2049
769,2091
1049,2138
1371,2169
1698,2192
1998,2211
2248,2218
2446,2222
2595,2230
2700,2247
2765,2254
2809,2257
2834,2254
2854,2243
2869,2225
2894,2194
2915,2159
2931,2136
2939,2107
2936,2079
2912,2049
2866,2025
2789,2006
2706,1993
2585,1978
2459,1955
2329,1924
2177,1900
2047,1856
1903,1815
1751,1772
1593,1755
1428,1754
1239,1771
1040,1801
853,1860
686,1902
595,1949
594,2003
692,2053
886,2096
1162,2134
1468,2165
1784,2189
2055,2199
2286,2202
2470,2210
2598,2220
2696,2230
2756,2239
2794,2233
2822,2230
2840,2214
2859,2195
2876,2157
2893,2116
2907,2093
2917,2068
2905,2047
2880,2032
2829,2003
2753,1991
2652,1990
2543,1990
2417,1984
2283,1971
2138,1943
1993,1905
1840,1852
1678,1815
1517,1798
1343,1799
1130,1812
914,1846
720,1886
559,1925
474,1971
497,2023
626,2072
858,2112
1162,2153
1488,2184
1806,2190
2085,2208
2319,2215
2495,2204
2626,2238
2717,2243
2777,2258
2815,2261
2841,2252
2859,2240
2878,2215
2896,2181
2917,2151
2932,2121
2936,2101
2924,2077
2898,2046
2842,2024
2764,2006
2664,2000
2544,1991
2413,1962
2274,1933
2133,1895
1986,1843
1834,1791
1683,1761
1530,1758
1356,1767
1162,1782
964,1820
777,1870
640,1930
576,1978
616,2029
753,2076
982,2120
1280,2154
1591,2182
1891,2198
2155,2205
2369,2211
2531,2219
2650,2224
2726,2230
2783,2241
2807,2238
2829,2228
2848,2213
2866,2186
2881,2143
2898,2110
2918,2083
2913,2061
2901,2034
2867,2008
2807,1995
2723,1988
2617,1982
2493,1974
2363,1966
2223,1944
2080,1914
1931,1878
1779,1836
1621,1817
1455,1804
1265,1810
1057,1824
853,1870
653,1906
512,1955
468,2003
529,2043
700,2094
964,2132
1289,2167
1618,2186
1925,2202
2186,2208
2394,2214
2555,2228
2668,2240
2743,2252
2792,2256
2822,2254
2849,2241
2870,2225
2887,2191
2908,2159
2929,2133
2939,2112
2942,2091
2924,2066
2884,2044
2820,2025
2728,2014
2617,2001
2493,1992
2357,1972
2222,1928
2084,1884
1934,1834
1783,1779
1633,1754
1473,1753
1289,1760
1090,1793
887,1828
700,1878
598,1926
576,1985
654,2039
833,2084
1100,2132
1406,2169
1721,2188
2007,2199
2251,2203
2445,2211
2588,2221
2687,2232
2754,2240
2795,2240
2817,2236
2845,2220
2860,2204
2876,2176
2893,2139
2909,2104
2921,2072
2912,2041
2888,2014
2845,1994
2772,1983
2681,1969
2573,1970
2448,1959
2309,1942
2169,1917
2025,1888
1879,1850
1722,1806
1560,1790
1389,1796
1193,1810
983,1842
780,1883
600,1929
488,1979
486,2024
587,2073
798,2116
1092,2159
1416,2190
1743,2201
2031,2207
2273,2216
2458,2223
2600,2232
2694,2239
2763,2246
2804,2250
2828,2252
2853,2242
2872,2218
2888,2178
2909,2139
2927,2113
2934,2088
2931,2072
2902,2051
2852,2032
2781,2019
2690,2016
2574,2008
2445,1991
2310,1959
2171,1923
2026,1881
1877,1822
1717,1770
1561,1750
1395,1749
1201,1763
1004,1802
810,1839
650,1888
567,1939
584,2000
703,2048
919,2095
1209,2143
1523,2173
1833,2193
2107,2204
2331,2211
2505,2218
2632,2227
2718,2235
2779,2246
2812,2241
2834,2235
2851,2220
2867,2183
2885,2155
2902,2122
2916,2094
2918,2064
2910,2032
2880,2000
2822,1983
2746,1969
2646,1971
2527,1965
2397,1952
2261,1923
2119,1896
1969,1854
1816,1813
1657,1785
1495,1784
1316,1794
1113,1820
906,1862
713,1906
563,1953
495,1998
535,2046
674,2095
909,2139
1213,2176
1541,2202
1859,2218
2129,2221
2354,2221
2521,2227
2646,2240
2729,2248
2784,2252
2813,2248
2838,2241
2858,2229
2879,2205
2897,2171
2918,2134
2929,2109
2933,2081
2918,2057
2881,2034
2821,2020
2740,2016
2638,2010
2519,2004
2390,1983
2252,1953
2106,1918
1963,1863
1814,1813
1659,1774
1496,1755
1319,1762
1121,1783
931,1820
748,1865
625,1908
578,1967
631,2014
780,2064
1021,2109
1325,2145
1642,2176
1937,2194
2194,2205
2401,2218
2557,2225
2669,2234
2743,2243
2796,2245
2818,2244
2838,2233
2856,2222
2871,2187
2888,2144
2904,2112
2917,2085
2915,2061
2902,2033
2863,2002
2803,1983
2711,1974
2608,1971
2480,1961
2347,1939
2206,1913
2064,1876
1914,1833
1759,1784
1596,1765
1426,1766
1234,1784
1031,1814
830,1863
644,1911
520,1963
494,2020
568,2076
754,2121
1022,2160
1344,2193
1668,2213
1968,2225
2224,2231
2428,2239
2580,2241
2686,2245
2757,2251
2798,2254
2824,2247
2843,2236
2863,2216
2881,2181
2900,2151
2917,2123
2928,2101
2924,2078
2903,2052
2859,2023
2794,2008
2701,2010
2592,2011
2468,1999
2332,1975
2191,1938
2052,1912
1901,1854
1750,1806
1593,1782
1428,1771
1239,1778
1040,1800
850,1845
686,1888
589,1939
585,1983
674,2033
866,2075
1137,2117
1446,2152
1755,2178
2038,2192
2278,2204
2464,2209
2600,2221
2696,2235
2761,2246
2800,2249
2824,2243
2843,2234
2859,2212
2876,2173
2897,2138
2912,2114
2921,2082
2913,2052
2889,2020
2840,1996
2764,1979
2667,1975
2555,1968
2425,1955
2291,1932
2152,1897
2005,1854
1852,1809
1697,1768
1535,1755
1358,1756
1160,1776
952,1814
753,1865
587,1923
500,1981
517,2043
627,2092
842,2143
1141,2176
1465,2204
1781,2222
2066,2230
2300,2238
2486,2243
2623,2247
2714,2254
2774,2257
2810,2254
2829,2247
2850,2234
2867,2208
2885,2174
2900,2137
2919,2109
2924,2085
2918,2062
2890,2037
2848,2014
2762,2005
2661,2005
2542,2002
2411,1983
2276,1962
2135,1926
1993,1888
1842,1838
1687,1801
1529,1787
1354,1782
1156,1798
960,1834
779,1877
636,1916
569,1961
605,2008
737,2054
959,2096
1247,2131
1559,2161
1864,2176
2130,2186
2347,2195
2516,2206
2641,2221
2725,2235
2779,2248
2810,2249
2830,2239
2851,2224
2867,2195
2885,2158
2904,2128
2906,2102
2925,2076
2916,2046
2878,2019
2819,1992
2736,1979
2631,1978
2514,1973
2380,1953
2240,1925
2100,1886
1951,1842
1797,1793
1641,1758
1481,1752
1296,1758
1091,1782
881,1825
680,1875
534,1928
482,1986
536,2044
694,2101
949,2150
1266,2185
1593,2211
1901,2226
2171,2238
2388,2247
2553,2254
2668,2260
2746,2262
2796,2264
2825,2257
2844,2246
2861,2232
2878,2203
2897,2164
2916,2128
2926,2090
2927,2067
2912,2043
2868,2024
2811,2008
2723,2009
2614,2002
2491,1994
2358,1975
2221,1946
2080,1914
1933,1865
1782,1815
1627,1791
1465,1789
1277,1790
1078,1815
887,1855
714,1895
605,1943
574,1994
641,2041
810,2084
1069,2121
1374,2152
1687,2170
1978,2183
2227,2190
2425,2200
2573,2205
2678,2220
2746,2233
2793,2240
2817,2240
2834,2229
2855,2214
2869,2182
2890,2148
2905,2117
2920,2089
2918,2062
2901,2033
2861,2012
2793,1988
2702,1981
2591,1967
2463,1958
2332,1944
2191,1912
2046,1871
1893,1828
1740,1780
1581,1754
1409,1748
1213,1754
1003,1784
797,1839
617,1889
506,1945
489,2003
580,2053
777,2110
1060,2161
1381,2202
1703,2221
2002,2234
2251,2238
2448,2246
2599,2257
2698,2266
2766,2274
2807,2273
2832,2263
2851,2250
2867,2224
2882,2185
2902,2147
2919,2117
2925,2091
2924,2062
2901,2034
2852,2015
2782,1999
2687,1993
2572,1993
2446,1986
2307,1957
2164,1925
2021,1873
1868,1839
1715,1799
1557,1784
1394,1785
1200,1793
1003,1824
810,1871
653,1918
569,1967
579,2020
688,2066
899,2112
1183,2147
1497,2172
1806,2184
2082,2184
2312,2189
2488,2201
2617,2212
2706,2229
2766,2233
2798,2238
2821,2235
2842,2226
2862,2204
2880,2171
2897,2135
2915,2107
2923,2082
2914,2052
2890,2029
2838,2007
2765,2001
2666,1991
2551,1981
2420,1960
2281,1930
2140,1896
1992,1854
1838,1806
1679,1763
1526,1748
1351,1749
1149,1766
940,1806
741,1851
578,1903
494,1956
513,2012
641,2064
871,2112
1177,2156
1509,2191
1831,2215
2113,2231
2340,2240
2514,2251
2643,2258
2730,2271
2785,2278
2819,2278
2841,2268
2860,2251
2877,2220
2893,2181
2913,2148
2928,2117
2933,2086
2924,2054
2887,2028
2829,2012
2747,2002
2644,1999
2522,1995
2390,1979
2250,1949
2113,1918
1965,1879
1810,1820
1654,1787
1498,1778
1317,1781
1118,1805
924,1848
744,1892
608,1942
558,1992
603,2044
756,2091
1002,2130
1306,2165
1624,2190
1927,2202
2188,2203
2397,2202
2555,2205
2666,2199
2739,2222
2787,2229
2813,2227
2830,2221
2850,2206
2868,2173
2885,2147
2909,2122
2923,2096
2926,2070
2912,2042
2877,2015
2815,1998
2732,1990
2625,1987
2505,1976
2373,1959
2235,1926
2090,1884
1943,1836
1788,1789
1630,1762
1465,1754
1273,1762
1069,1787
867,1830
677,1872
545,1921
503,1981
569,2027
735,2080
997,2126
1314,2166
1636,2190
1938,2205
2199,2220
2408,2237
2564,2250
2676,2263
2750,2271
2799,2278
2828,2271
2847,2262
2870,2244
2889,2215
2909,2176
2931,2144
2938,2115
2934,2082
2914,2050
2868,2018
2799,2001
2708,1999
2598,1996
2468,1983
2336,1963
2197,1933
2051,1891
1902,1843
1751,1802
1590,1774
1423,1774
1233,1787
1036,1814
841,1860
673,1910
571,1963
561,2015
653,2067
839,2112
1110,2150
1420,2181
1740,2198
2026,2209
2272,2217
2460,2221
2603,2221
2702,2225
2765,2233
2800,2229
2821,2220
2839,2212
2857,2192
2874,2154
2892,2124
2908,2101
2921,2073
2920,2059
2897,2029
2859,2009
2786,2000
2690,1988
2582,1986
2457,1971
2323,1947
2182,1917
2042,1876
1899,1826
1734,1773
1567,1748
1399,1744
1202,1764
994,1795
797,1840
624,1889
530,1943
533,1999
635,2045
838,2093
1121,2132
1443,2164
1761,2189
2039,2202
2277,2210
2463,2224
2604,2243
2703,2259
2767,2274
2799,2277
2832,2272
2852,2255
2870,2237
2888,2201
2909,2167
2923,2131
2933,2112
2929,2078
2895,2051
2843,2013
2769,2005
2667,2003
2550,1995
2420,1979
2282,1955
2136,1910
1982,1868
1843,1821
1691,1787
1529,1775
1360,1785
1163,1794
958,1829
770,1868
614,1915
540,1971
567,2025
702,2072
926,2126
1221,2169
1542,2195
1849,2210
2123,2211
2345,2223
2517,2228
2644,2233
2725,2237
2772,2243
2810,2234
2830,2226
2849,2212
2866,2184
2880,2147
2898,2113
2916,2085
2919,2062
2913,2038
2883,2017
2828,2001
2754,1989
2659,1985
2535,1980
2411,1967
2275,1944
2132,1909
1986,1866
1827,1810
1674,1772
1516,1759
1331,1764
1127,1771
926,1811
735,1858
581,1909
509,1975
554,2014
693,2065
934,2108
1228,2149
1557,2177
1866,2199
2132,2204
2354,2213
2522,2223
2642,2231
2727,2240
2781,2253
2818,2263
2841,2259
2862,2250
2875,2223
2896,2193
2912,2156
2924,2133
2931,2101
2915,2067
2880,2040
2818,2026
2731,2011
2631,2006
2507,1994
2370,1971
2230,1942
2082,1886
1936,1850
1775,1801
1617,1772
1456,1768
1272,1777
1075,1803
880,1844
701,1888
576,1934
540,1994
600,2046
770,2095
1027,2131
1341,2174
1669,2198
1962,2212
2217,2223
2425,2226
2578,2235
2684,2245
2757,2255
2799,2257
2825,2248
2840,2227
2859,2212
2872,2172
2889,2132
2919,2110
2915,2086
2920,2051
2904,2018
2866,1997
2806,1982
2720,1978
2611,1989
2495,1978
2354,1962
2214,1930
2075,1886
1930,1845
1773,1793
1622,1770
1464,1762
1269,1774
1070,1804
869,1840
682,1875
560,1927
534,1983
611,2034
783,2084
1054,2126
1358,2157
1685,2182
1972,2196
2226,2207
2421,2211
2572,2218
2674,2231
2747,2247
2794,2255
2817,2252
2837,2246
2858,2232
2881,2213
2898,2169
2917,2147
2928,2118
2926,2095
2903,2068
2859,2045
2789,2033
2695,2027
2578,2010
2448,1992
2312,1968
2166,1935
2017,1891
1867,1842
1712,1793
1554,1769
1391,1769
1195,1778
997,1815
796,1854
628,1905
533,1964
534,2015
627,2071
837,2119
1130,2153
1451,2181
1771,2201
2062,2216
2296,2222
2479,2231
2621,2244
2717,2247
2780,2259
2816,2260
2834,2249
2851,2237
2868,2211
2882,2166
2899,2129
2917,2099
2923,2064
2920,2038
2893,2012
2845,1983
2778,1972
2682,1973
2569,1968
2442,1963
2307,1943
2167,1904
2027,1868
1877,1822
1721,1785
1571,1771
1395,1777
1201,1777
999,1806
804,1857
646,1899
554,1957
563,2003
674,2055
888,2099
1179,2137
1490,2169
1807,2186
2080,2203
2311,2209
2487,2211
2616,2217
2708,2224
2765,2230
2801,2236
2831,2235
2849,2228
2862,2199
2878,2173
2902,2146
2917,2125
2924,2102
2922,2077
2892,2053
2835,2035
2756,2022
2650,2016
2532,2011
2403,1994
2264,1968
2110,1927
1968,1879
1812,1819
1648,1782
1489,1771
1306,1775
1110,1793
907,1829
718,1871
580,1922
516,1975
560,2026
701,2081
938,2127
1243,2159
1570,2186
1881,2202
2152,2212
2372,2220
2544,2233
2662,2251
2745,2256
2799,2264
2828,2260
2842,2245
2864,2230
2884,2203
2897,2167
2915,2140
2929,2104
2932,2066
2916,2031
2878,2002
2823,1982
2735,1968
2636,1971
2518,1961
2390,1948
2253,1917
2113,1883
1966,1850
1821,1804
1667,1763
1508,1762
1326,1765
1127,1795
925,1836
742,1876
611,1924
568,1976
616,2025
760,2071
998,2108
1304,2147
1618,2174
1918,2192
2179,2194
2389,2205
2547,2216
2658,2223
2739,2231
2781,2235
2808,2232
2827,2221
2849,2211
2865,2184
2882,2150
2900,2121
2913,2098
2916,2079
2897,2060
2862,2039
2799,2024
2712,2023
2608,2017
2478,2002
2346,1986
2204,1961
2059,1915
1913,1869
1749,1818
1584,1784
1418,1784
1220,1786
1012,1816
807,1846
627,1895
513,1944
495,1997
583,2054
768,2098
1042,2140
1366,2176
1686,2195
1987,2206
2235,2213
2436,2221
2585,2235
2696,2248
2766,2258
2810,2262
2836,2256
2850,2251
2869,2224
2885,2198
2902,2155
2923,2122
2934,2100
2936,2067
2913,2043
2868,2010
2799,1982
2706,1973
2595,1968
2466,1954
2338,1929
2197,1899
2060,1860
1910,1817
1761,1776
1610,1760
1444,1769
1252,1775
1051,1804
852,1838
678,1892
582,1949
576,1999
672,2043
862,2095
1134,2133
1444,2168
1747,2185
2027,2197
2269,2209
2450,2216
2589,2225
2689,2233
2756,2237
2795,2239
2819,2243
2832,2221
2855,2198
2869,2161
2887,2120
2905,2096
2913,2075
2907,2054
2881,2037
2836,2017
2764,2017
2670,2019
2555,2007
2427,1994
2293,1976
2148,1941
2000,1904
1848,1859
1689,1814
1526,1786
1349,1792
1149,1800
939,1830
737,1869
567,1918
482,1968
500,2017
617,2066
851,2113
1155,2152
1483,2184
1797,2202
2082,2213
2314,2216
2494,2226
2626,2232
2718,2241
2780,2255
2817,2258
2841,2256
2861,2242
2881,2216
2898,2186
2917,2151
2937,2123
2940,2098
2932,2065
2903,2042
2850,2017
2773,2006
2677,1993
2556,1982
2425,1958
2289,1930
2143,1899
1999,1840
1849,1792
1695,1756
1538,1747
1369,1760
1175,1784
976,1830
786,1872
638,1917
572,1970
602,2019
732,2067
959,2110
1254,2154
1573,2181
1873,2193
2139,2199
2354,2210
2523,2211
2641,2221
2719,2230
2776,2224
2803,2230
2826,2226
2844,2212
2863,2188
2879,2149
2899,2118
2914,2090
2916,2060
2902,2036
2869,2014
2808,1995
2725,1995
2624,2000
2509,1999
2376,1985
2237,1961
2092,1932
1939,1891
1784,1840
1626,1806
1457,1793
1272,1798
1065,1817
858,1856
668,1901
530,1945
480,1994
538,2043
696,2088
952,2124
1266,2161
1597,2187
1909,2202
2174,2212
2389,2218
2557,2235
2666,2246
2747,2250
2797,2254
2830,2252
2848,2245
2866,2231
2887,2202
2906,2167
2930,2139
2941,2114
2941,2087
2927,2059
2888,2040
2821,2009
2734,2005
2628,1990
2507,1975
2374,1947
2238,1915
2094,1871
1950,1823
1798,1781
1639,1751
1481,1748
1299,1755
1101,1785
906,1834
730,1876
612,1932
581,1987
650,2039
816,2096
1064,2133
1370,2164
1685,2186
1976,2201
2225,2207
2422,2212
2576,2220
2676,2225
2745,2231
2790,2236
2814,2234
2834,2227
2853,2205
2868,2168
2887,2130
2904,2098
2912,2075
2913,2052
2888,2021
2849,1992
2780,1982
2692,1981
2581,1983
2454,1981
2320,1970
2179,1943
2035,1903
1888,1859
1728,1817
1569,1794
1394,1796
1197,1803
992,1836
782,1875
596,1915
484,1966
474,2018
568,2065
770,2110
1058,2147
1388,2178
1715,2200
2011,2208
2258,2218
2453,2223
2603,2233
2704,2243
2770,2254
2810,2262
2834,2252
2853,2239
2871,2221
2890,2184
2911,2156
2932,2134
2938,2107
2937,2084
2913,2057
2865,2029
2792,2017
2699,2017
2586,2008
2460,1990
2324,1957
2187,1915
2042,1867
1891,1813
1739,1766
1585,1745
1417,1744
1223,1756
1025,1790
833,1836
676,1889
594,1950
605,2007
713,2059
913,2103
1192,2145
1501,2176
1810,2192
2089,2205
2315,2213
2490,2221
2624,2228
2712,2238
2769,2244
2802,2239
2822,2227
2842,2218
2856,2192
2880,2157
2889,2121
2907,2094
2915,2064
2907,2035
2878,2011
2824,1991
2751,1979
2651,1968
2535,1972
2403,1953
2266,1938
2126,1910
1981,1883
1828,1843
1673,1804
1512,1794
1328,1799
1121,1817
907,1855
708,1896
548,1945
473,1998
501,2048
632,2093
872,2136
1180,2170
1511,2190
1827,2208
2107,2213
2333,2218
2512,2227
2641,2235
2728,2245
2784,2250
2820,2250
2841,2245
2863,2234
2878,2204
2896,2170
2919,2139
2934,2112
2940,2086
2932,2068
2901,2044
2846,2025
2766,2017
2663,2013
2539,2003
2410,1981
2269,1952
2125,1913
1983,1861
1834,1804
1670,1763
1523,1749
1342,1752
1147,1770
943,1805
760,1849
629,1901
581,1956
625,2014
777,2071
1016,2119
1312,2156
1628,2181
1922,2195
2180,2202
2391,2211
2551,2222
2668,2234
2741,2243
2790,2246
2819,2244
2836,2234
2851,2213
2867,2182
2885,2145
2901,2114
2914,2084
2915,2055
2899,2025
2860,1997
2803,1975
2717,1974
2611,1969
2489,1965
2353,1948
2213,1916
2069,1882
1924,1842
1770,1800
1615,1775
1450,1782
1261,1796
1056,1824
849,1864
658,1913
528,1959
483,2015
554,2069
728,2114
991,2155
1311,2189
1638,2207
1941,2210
2196,2216
2406,2225
2562,2234
2673,2241
2745,2247
2795,2251
2824,2251
2843,2241
2860,2226
2880,2193
2899,2163
2919,2127
2930,2100
2930,2078
2915,2056
2875,2036
2809,2025
2721,2020
2613,2018
2488,2003
2354,1973
2209,1941
2068,1899
1919,1849
1767,1796
1612,1767
1452,1763
1265,1766
1065,1789
873,1827
700,1871
595,1919
577,1971
662,2021
842,2076
1115,2121
1427,2157
1740,2180
2025,2192
2266,2203
2453,2211
2595,2223
2696,2233
2766,2241
2800,2241
2826,2242
2830,2230
2862,2213
2877,2169
2895,2127
2911,2101
2919,2077
2914,2050
2888,2018
2844,1999
2773,1987
2678,1974
2566,1968
2439,1950
2303,1930
2163,1893
2014,1856
1864,1815
1707,1777
1547,1758
1375,1767
1183,1789
975,1834
774,1876
599,1930
496,1982
502,2038
608,2090
824,2134
1113,2175
1441,2207
1763,2222
2049,2224
2292,2242
2474,2235
2607,2241
2706,2251
2765,2252
2804,2252
2829,2246
2850,2232
2869,2211
2887,2180
2906,2146
2924,2118
2929,2092
2924,2062
2895,2041
2845,2021
2772,2013
2677,2016
2564,2011
2434,1992
2296,1963
2161,1931
2013,1880
1860,1835
1706,1790
1552,1775
1381,1774
1181,1788
991,1819
806,1859
655,1906
581,1948
601,1998
715,2045
929,2088
1225,2127
1542,2160
1847,2182
2125,2194
2351,2210
2516,2219
2640,2231
2722,2243
2775,2240
2809,2244
2830,2234
2850,2223
2867,2198
2886,2164
2908,2134
2922,2105
2926,2072
2913,2038
2882,2015
2824,1992
2743,1981
2641,1972
2525,1960
2394,1942
2255,1916
2104,1886
1968,1842
1820,1791
1653,1757
1488,1752
1311,1763
1088,1786
891,1832
694,1887
547,1945
488,2002
536,2058
683,2108
931,2151
1247,2190
1569,2217
1875,2231
2143,2237
2363,2243
2526,2244
2650,2249
2731,2257
2782,2259
2815,2253
2834,2244
2854,2230
2874,2200
2891,2160
2906,2131
2921,2102
2923,2081
2914,2062
2880,2047
2818,2019
2735,2012
2631,2012
2508,2004
2379,1983
2239,1955
2097,1924
1949,1873
1797,1819
1637,1789
1479,1781
1295,1787
1096,1808
903,1844
729,1882
600,1931
569,1976
629,2028
793,2072
1045,2110
1348,2147
1658,2171
1953,2183
2204,2185
2410,2195
2563,2209
2669,2220
2745,2232
2791,2240
2813,2241
2841,2233
2854,2220
2872,2190
2893,2157
2916,2123
2929,2095
2925,2065
2902,2032
2868,2002
2799,1985
2711,1985
2600,1985
2491,1972
2341,1942
2198,1906
2050,1864
1902,1817
1746,1771
1583,1747
1426,1747
1226,1762
1016,1795
816,1840
628,1895
514,1951
494,2008
573,2066
758,2120
1034,2169
1358,2197
1685,2222
1983,2232
2238,2232
2437,2242
2589,2254
2691,2264
2757,2266
2798,2265
2824,2256
2840,2253
2862,2220
2874,2185
2901,2146
2923,2124
2929,2100
2929,2072
2907,2046
2861,2020
2795,2014
2700,2012
2585,2000
2462,1985
2325,1962
2183,1930
2038,1900
1890,1851
1737,1806
1577,1782
1413,1788
1224,1795
1025,1832
832,1872
667,1919
574,1966
586,2015
683,2057
881,2094
1163,2123
1472,2160
1786,2174
2061,2187
2292,2190
2477,2186
2610,2208
2703,2218
2767,2224
2806,2236
2826,2236
2846,2226
2867,2210
2883,2182
2903,2144
2921,2115
2932,2096
2930,2059
2905,2032
2847,2008
2777,1991
2679,1982
2557,1971
2431,1960
2294,1931
2152,1897
2002,1856
1863,1808
1687,1766
1527,1747
1351,1748
1150,1766
942,1801
751,1853
593,1912
502,1958
523,2016
644,2075
867,2125
1165,2167
1488,2201
1809,2216
2087,2229
2322,2234
2500,2246
2634,2252
2719,2269
2779,2271
2816,2273
2839,2249
2857,2241
2876,2213
2893,2180
2910,2145
2922,2119
2927,2080
2919,2058
2889,2033
2839,2026
2751,2006
2655,1998
2536,2006
2406,1982
2265,1952
2124,1922
1979,1872
1827,1810
1675,1791
1516,1783
1338,1788
1143,1812
944,1848
756,1892
623,1926
565,1982
613,2035
751,2083
988,2124
1281,2158
1596,2173
1898,2184
2159,2196
2372,2197
2533,2201
2647,2208
2726,2216
2777,2225
2809,2225
2830,2227
2852,2212
2874,2181
2891,2157
2912,2129
2928,2095
2933,2073
2911,2051
2880,2020
2824,2007
2740,1997
2642,1986
2521,1971
2387,1947
2241,1916
2097,1879
1941,1836
1790,1786
1633,1755
1471,1745
1281,1757
1075,1784
874,1824
676,1866
538,1917
490,1969
551,2021
707,2075
966,2124
1281,2169
1610,2213
1911,2226
2178,2245
2387,2246
2549,2252
2663,2261
2744,2268
2793,2271
2822,2273
2840,2258
2863,2241
2881,2209
2897,2177
2916,2140
2927,2105
2927,2085
2909,2053
2865,2029
2799,2007
2709,1992
2605,1994
2484,1979
2352,1959
2214,1934
2075,1903
1921,1853
1763,1805
1609,1782
1446,1775
1260,1786
1058,1812
869,1857
698,1900
586,1962
561,2015
640,2062
826,2102
1084,2146
1396,2169
1711,2190
1996,2202
2245,2201
2434,2200
2581,2210
2680,2215
2743,2220
2793,2230
2815,2224
2837,2218
2856,2197
2858,2170
2894,2145
2913,2113
2923,2089
2930,2066
2908,2037
2864,2012
2797,1999
2705,1989
2599,1981
2474,1971
2340,1946
2200,1915
2054,1869
1903,1820
1747,1776
1582,1753
1411,1756
1211,1771
1012,1793
810,1834
631,1876
520,1931
507,1991
603,2039
797,2093
1080,2135
1401,2170
1721,2198
2011,2211
2260,2217
2449,2236
2597,2249
2696,2262
2762,2274
2809,2277
2835,2271
2859,2256
2877,2234
2896,2203
2916,2169
2927,2137
2930,2108
2923,2070
2896,2054
2844,2019
2769,2007
2675,2003
2560,2001
2431,1982
2294,1955
2151,1918
2009,1879
1857,1833
1701,1794
1542,1779
1371,1784
1177,1797
974,1829
786,1874
630,1923
553,1975
576,2026
691,2075
908,2121
1195,2162
1509,2192
1822,2203
2107,2214
2333,2217
2509,2221
2634,2230
2719,2232
2775,2233
2809,2228
2825,2218
2846,2210
2867,2178
2879,2147
2902,2120
2920,2095
2925,2069
2919,2043
2890,2021
2841,2004
2765,1998
2668,1988
2554,1989
2429,1973
2293,1936
2147,1909
2004,1858
1852,1812
1692,1771
1528,1741
1347,1752
1145,1771
935,1804
734,1862
577,1909
513,1960
537,2010
668,2059
898,2108
1205,2142
1527,2173
1843,2193
2115,2202
2341,2216
2515,2232
2640,2246
2726,2262
2784,2279
2819,2272
2841,2267
2861,2254
2880,2227
2901,2184
2916,2153
2933,2128
2934,2090
2921,2071
2888,2040
2827,2014
2738,2003
2633,1995
2511,1979
2380,1961
2240,1945
2096,1906
1947,1860
1796,1811
1638,1773
1482,1768
1300,1778
1092,1803
891,1839
708,1896
571,1938
535,1990
597,2043
759,2092
1015,2144
1321,2175
1642,2202
1940,2214
2198,2220
2403,2224
2564,2237
2676,2237
2756,2242
2797,2244
2823,2235
2836,2222
2853,2201
2868,2165
2885,2132
2903,2103
2916,2080
2918,2059
2908,2031
2872,2010
2815,1995
2729,1984
2625,1987
2505,1980
2373,1954
2238,1926
2093,1885
1945,1843
1797,1795
1641,1766
1474,1759
1283,1760
1077,1777
874,1827
682,1867
554,1917
519,1971
589,2027
764,2075
1029,2121
1342,2158
1657,2183
1953,2199
2204,2203
2407,2214
2562,2230
2668,2239
2743,2249
2793,2259
2820,2260
2845,2252
2865,2239
2881,2212
2903,2181
2930,2151
2933,2118
2932,2094
2910,2060
2863,2040
2793,2023
2698,2013
2591,2007
2464,1989
2328,1963
2182,1930
2041,1889
1887,1842
1732,1795
1573,1776
1400,1768
1210,1780
1009,1814
811,1866
638,1896
543,1954
538,2007
630,2057
831,2104
1116,2150
1435,2185
1752,2205
2041,2214
2283,2218
2473,2228
2612,2244
2707,2253
2774,2254
2813,2253
2838,2234
2852,2222
2879,2201
2882,2159
2898,2125
2915,2094
2923,2062
2918,2041
2897,2011
2849,1992
2780,1987
2672,1983
2580,1979
2453,1973
2321,1949
2183,1923
2043,1881
1894,1832
1740,1779
1584,1761
1415,1760
1217,1777
1015,1811
812,1848
642,1886
545,1940
546,1996
652,2051
861,2096
1151,2140
1469,2170
1781,2186
2061,2193
2296,2196
2480,2211
2613,2223
2707,2238
2765,2249
2805,2247
2828,2242
2847,2233
2866,2215
2887,2183
2907,2156
2926,2132
2926,2108
2924,2083
2895,2056
2838,2038
2764,2029
2666,2020
2547,2003
2415,1982
2274,1955
2128,1919
1977,1874
1827,1828
1667,1785
1509,1770
1332,1775
1131,1786
921,1823
725,1867
577,1919
507,1979
542,2030
682,2079
923,2125
1229,2162
1556,2193
1869,2210
2140,2221
2359,2224
2529,2232
2651,2244
2735,2252
2790,2261
2822,2253
2834,2246
2862,2231
2876,2201
2891,2158
2906,2121
2922,2086
2925,2054
2914,2033
2882,2006
2827,1985
2749,1987
2650,1977
2533,1969
2404,1963
2269,1937
2127,1895
1983,1839
1831,1808
1674,1776
1515,1763
1340,1768
1142,1787
944,1828
753,1873
608,1920
546,1967
587,2015
730,2068
973,2113
1274,2158
1597,2184
1898,2201
2162,2202
2373,2203
2535,2208
2648,2220
2728,2236
2781,2237
2810,2238
2836,2228
2854,2214
2872,2195
2891,2167
2910,2144
2923,2122
2927,2099
2912,2072
2877,2043
2815,2023
2729,2020
2624,2019
2501,2009
2365,1986
2218,1949
2070,1909
1917,1863
1759,1808
1597,1773
1432,1766
1244,1772
1042,1804
842,1849
661,1893
540,1939
509,1990
592,2044
768,2098
1030,2139
1344,2174
1668,2196
1969,2208
2225,2219
2432,2229
2584,2240
2693,2252
2764,2258
2808,2262
2832,2257
2849,2249
2867,2227
2883,2194
2905,2157
2923,2122
2933,2088
2930,2056
2913,2025
2868,1995
2800,1979
2713,1969
2603,1965
2483,1956
2349,1939
2212,1906
2075,1872
1926,1834
1775,1788
1617,1766
1457,1769
1265,1778
1068,1808
875,1849
701,1894
591,1943
576,1996
653,2047
829,2088
1095,2128
1411,2158
1720,2182
2007,2197
2249,2206
2444,2212
2584,2215
2688,2221
2754,2231
2797,2236
2819,2235
2838,2216
2863,2209
2879,2176
2896,2143
2916,2116
2926,2099
2923,2079
2903,2054
2856,2030
2785,2022
2694,2020
2576,2017
2446,2003
2309,1977
2165,1945
2015,1901
1857,1848
1695,1803
1533,1778
1355,1779
1156,1787
955,1817
758,1866
595,1910
508,1960
518,2016
632,2063
850,2109
1144,2151
1469,2184
1788,2198
2070,2204
2308,2210
2491,2219
2627,2229
2722,2241
2781,2256
2815,2259
2843,2256
2860,2241
2876,2218
2895,2181
2916,2153
2952,2126
2942,2096
2934,2064
2905,2029
2852,2002
2775,1986
2679,1976
2561,1966
2431,1948
2294,1925
2154,1893
2009,1849
1860,1806
1707,1769
1557,1764
1388,1770
1193,1794
996,1830
810,1868
657,1914
587,1965
606,2017
730,2065
950,2112
1236,2150
1544,2176
1846,2184
2115,2195
2333,2203
2502,2210
2630,2220
2712,2229
2769,2233
2801,2229
2825,2219
2844,2208
2863,2187
2881,2153
2902,2125
2917,2101
2923,2069
2912,2044
2880,2027
2825,2017
2745,2014
2642,2009
2523,2004
2390,1991
2248,1963
2103,1930
1953,1890
1797,1843
1637,1804
1469,1791
1285,1791
1078,1810
875,1847
680,1889
544,1936
487,1987
537,2037
690,2085
943,2130
1251,2163
1578,2168
1887,2201
2159,2213
2373,2218
2540,2228
2656,2240
2739,2251
2795,2259
2826,2255
2846,2249
2864,2238
2883,2212
2903,2172
2922,2143
2937,2114
2940,2085
2926,2059
2887,2030
2824,2005
2737,1987
2632,1974
2510,1958
2377,1940
2234,1910
2096,1868
1951,1825
1800,1779
1645,1759
1488,1759
1310,1770
1114,1797
921,1839
744,1886
621,1934
584,1986
642,2039
804,2087
1056,2132
1354,2162
1662,2183
1955,2195
2203,2199
2405,2203
2557,2216
2667,2228
2738,2236
2786,2243
2813,2236
2836,2224
2855,2206
2870,2173
2890,2135
2912,2110
2919,2080
2919,2051
2899,2026
2857,2002
2792,1989
2700,1991
2592,1995
2469,1990
2332,1974
2192,1948
2047,1913
1896,1870
1741,1825
1580,1803
1414,1795
1215,1801
1008,1823
805,1862
621,1911
506,1961
488,2007
570,2054
762,2105
1042,2147
1365,2176
1691,2189
1990,2202
2245,2210
2443,2222
2590,2237
2696,2248
2766,2257
2814,2255
2834,2252
2855,2242
2873,2228
2891,2195
2911,2156
2930,2135
2941,2106
2935,2080
2913,2053
2869,2031
2800,2015
2705,2004
2591,1993
2461,1970
2328,1941
2185,1906
2039,1864
1895,1814
1744,1767
1588,1750
1418,1749
1229,1759
1032,1797
841,1850
681,1899
584,1954
586,2004
688,2051
887,2102
1166,2144
1483,2174
1790,2196
2069,2205
2303,2209
2480,2217
2615,2224
2704,2226
2767,2234
2802,2240
2824,2240
2843,2226
2861,2201
2860,2163
2892,2129
2910,2095
2915,2066
2907,2041
2879,2013
2831,1993
2758,1986
2661,1985
2544,1982
2417,1976
2280,1958
2136,1930
1991,1897
1841,1851
1682,1815
1521,1798
1345,1798
1143,1812
936,1850
741,1893
576,1940
491,1987
510,2035
635,2082
866,2128
1171,2163
1497,2187
1815,2201
2099,2209
2327,2217
2504,2224
2632,2236
2721,2244
2782,2261
2815,2257
2838,2250
2859,2237
2876,2211
2893,2176
2914,2144
2929,2121
2936,2096
2929,2070
2897,2046
2843,2025
2763,2018
2660,2010
2541,1997
2410,1978
2271,1947
2128,1902
1986,1851
1833,1791
1679,1754
1524,1743
1349,1751
1148,1775
953,1820
771,1863
632,1911
571,1965
613,2018
748,2073
984,2122
1280,2162
1598,2186
1900,2200
2164,2205
2374,2212
2540,2223
2655,2229
2734,2238
2781,2242
2809,2236
2828,2226
2848,2216
2864,2188
2883,2151
2903,2118
2916,2090
2916,2060
2905,2028
2866,1996
2806,1976
2723,1970
2620,1969
2498,1968
2367,1964
2224,1930
2079,1897
1932,1862
1778,1815
1620,1788
1456,1785
1269,1796
1060,1822
857,1866
664,1913
531,1966
484,2023
549,2055
717,2098
978,2140
1296,2174
1623,2195
1930,2210
2192,2215
2404,2225
2561,2234
2674,2237
2751,2245
2797,2252
2823,2250
2844,2242
2861,2222
2880,2191
2901,2156
2921,2132
2935,2106
2936,2086
2917,2060
2874,2036
2810,2021
2719,2015
2612,2010
2488,1998
2359,1972
2221,1941
2080,1897
1935,1848
1779,1790
1625,1761
1462,1748
1278,1752
1078,1777
884,1824
712,1870
598,1922
574,1977
659,2031
834,2082
1099,2124
1403,2159
1716,2187
1998,2198
2248,2205
2440,2213
2586,2224
2689,2239
2757,2246
2801,2247
2820,2237
2840,2222
2852,2198
2870,2166
2889,2137
2906,2109
2913,2083
2913,2051
2891,2023
2845,1993
2779,1979
2684,1973
2570,1967
2447,1955
2313,1934
2170,1904
2026,1868
1877,1828
1724,1791
1564,1779
1388,1780
1188,1798
975,1834
774,1878
599,1922
499,1973
498,2027
604,2080
814,2125
1104,2165
1429,2196
1750,2213
2039,2217
2279,2214
2467,2221
2607,2233
2705,2245
2770,2254
2809,2253
2834,2244
2852,2224
2869,2203
2888,2173
2904,2142
2921,2113
2930,2090
2923,2073
2897,2047
2848,2026
2778,2014
2683,2011
2571,2005
2442,1989
2306,1965
2164,1932
2017,1886
1872,1832
1718,1790
1564,1768
1392,1761
1199,1771
999,1799
807,1845
648,1892
570,1941
586,1996
711,2043
926,2092
1214,2135
1526,2165
1830,2189
2100,2204
2321,2211
2495,2221
2623,2230
2712,2240
2771,2247
2804,2244
2829,2237
2850,2228
2865,2203
2878,2164
2897,2125
2912,2093
2915,2067
2907,2040
2877,2018
2825,1996
2742,1982
2644,1970
2524,1962
2397,1948
2258,1927
2114,1887
1971,1852
1818,1809
1658,1774
1490,1763
1314,1772
1106,1801
899,1844
706,1895
553,1947
483,2002
519,2052
661,2101
911,2147
1220,2186
1548,2209
1857,2228
2129,2226
2350,2228
2521,2236
2645,2244
2729,2249
2789,2252
2823,2254
2843,2241
2858,2224
2878,2194
2896,2158
2915,2130
2927,2108
2930,2083
2917,2078
2882,2033
2822,2013
2741,2009
2639,2003
2518,1999
2386,1982
2250,1955
2107,1915
1963,1868
1809,1816
1655,1786
1500,1776
1322,1780
1123,1794
923,1828
740,1866
611,1907
567,1954
622,2007
777,2059
1022,2107
1324,2146
1637,2174
1934,2189
2191,2201
2399,2212
2553,2224
2663,2237
2739,2244
2777,2250
2813,2245
2835,2236
2855,2218
2870,2185
2887,2146
2906,2117
2916,2092
2913,2055
2895,2024
2857,2002
2795,1988
2709,1982
2602,1979
2481,1964
2348,1941
2210,1910
2063,1872
1915,1832
1762,1781
1594,1756
1434,1753
1242,1758
1034,1797
820,1849
633,1904
508,1962
469,2019
555,2073
740,2119
1014,2160
1340,2196
1671,2218
1971,2229
2226,2236
2427,2240
2578,2246
2685,2252
2758,2256
2802,2261
2827,2254
2848,2241
2866,2223
2884,2186
2905,2150
2924,2120
2934,2092
2933,2064
2916,2049
2873,2031
2801,2015
2708,2014
2601,2009
2473,1993
2335,1967
2197,1933
2052,1903
1901,1858
1746,1804
1591,1787
1427,1781
1242,1789
1042,1817
852,1856
688,1898
587,1944
578,1992
670,2038
862,2084
1138,2121
1454,2152
1764,2173
2050,2183
2285,2192
2469,2203
2607,2215
2702,2230
2763,2240
2799,2245
2825,2239
2846,2226
2863,2203
2880,2177
2901,2143
2916,2114
2924,2082
2919,2053
2896,2025
2844,1999
2772,1985
2677,1978
2560,1971
2433,1958
2297,1934
2154,1901
2010,1857
1861,1805
1703,1771
1544,1750
1364,1753
1164,1772
955,1811
749,1859
583,1911
496,1969
508,2027
623,2080
843,2133
1139,2176
1465,2208
1788,2226
2073,2234
2308,2240
2491,2249
2628,2255
2718,2257
2778,2263
2815,2260
2839,2249
2858,2236
2874,2212
2895,2170
2911,2140
2927,2107
2936,2084
2922,2053
2894,2030
2839,2011
2765,2009
2669,2005
2546,1997
2419,1980
2283,1956
2139,1919
1990,1878
1843,1832
1687,1795
1531,1783
1357,1784
1156,1797
962,1831
775,1878
636,1932
576,1983
610,2026
742,2066
972,2104
1258,2138
1578,2162
1875,2179
2142,2187
2357,2192
2526,2203
2646,2216
2727,2227
2778,2241
2815,2237
2833,2243
2848,2228
2866,2195
2880,2158
2899,2129
2918,2103
2924,2074
2915,2048
2882,2015
2823,1994
2741,1986
2634,1976
2514,1967
2381,1953
2246,1918
2102,1884
1951,1841
1797,1791
1639,1756
1480,1752
1302,1757
1096,1774
889,1817
695,1877
552,1925
489,1980
538,2033
690,2078
945,2138
1254,2177
1584,2215
1892,2230
2164,2234
2378,2241
2551,2254
2663,2266
2743,2274
2794,2278
2824,2271
2845,2256
2865,2237
2882,2205
2901,2162
2917,2136
2930,2105
2933,2080
2920,2042
2878,2018
2814,2005
2726,1999
2620,1999
2498,1993
2363,1974
2222,1939
2076,1898
1934,1857
1781,1813
1627,1783
1465,1785
1284,1791
1081,1816
887,1854
706,1900
588,1952
564,2003
642,2049
813,2094
1073,2133
1379,2162
1696,2179
1987,2184
2235,2188
2433,2197
2582,2206
2679,2217
2751,2227
2793,2229
2820,2230
2838,2227
2860,2212
2879,2180
2896,2147
2911,2114
2924,2086
2925,2064
2904,2037
2864,2011
2797,1987
2705,1990
2595,1982
2469,1966
2333,1936
2192,1903
2049,1870
1900,1828
1741,1772
1584,1755
1422,1744
1223,1761
1018,1787
812,1837
633,1886
518,1937
506,1994
592,2046
785,2097
1068,2142
1390,2179
1714,2209
2009,2224
2253,2237
2446,2252
2593,2260
2695,2270
2763,2276
2809,2280
2834,2273
2853,2265
2871,2238
2888,2196
2906,2159
2923,2126
2931,2094
2926,2064
2904,2039
2854,2017
2782,2006
2690,2002
2570,1995
2444,1981
2306,1962
2165,1926
2024,1885
1876,1835
1718,1790
1562,1780
1395,1782
1198,1801
998,1834
806,1881
643,1929
562,1975
567,2024
678,2072
888,2120
1180,2160
1503,2185
1815,2200
2091,2199
2322,2202
2499,2207
2627,2210
2713,2221
2769,2226
2803,2231
2827,2221
2847,2215
2866,2189
2885,2157
2905,2129
2922,2104
2932,2075
2922,2047
2894,2026
2841,2005
2766,1998
2668,1994
2553,1983
2427,1966
2293,1939
2146,1898
1997,1854
1845,1804
1688,1769
1526,1756
1344,1757
1172,1777
937,1807
741,1854
584,1904
508,1956
536,2009
663,2060
888,2104
1190,2152
1519,2182
1831,2201
2108,2214
2337,2231
2507,2248
2637,2260
2725,2271
2778,2278
2817,2277
2840,2267
2858,2254
2879,2223
2899,2183
2917,2150
2932,2121
2931,2098
2917,2066
2884,2036
2826,2015
2743,2011
2638,2004
2520,1988
2391,1968
2255,1945
2107,1909
1963,1864
1812,1815
1656,1785
1497,1773
1317,1782
1113,1804
910,1843
723,1889
588,1943
543,1992
595,2041
755,2087
1001,2135
1307,2170
1629,2180
1933,2211
2192,2214
2401,2220
2573,2223
2671,2222
2745,2228
2790,2230
2815,2227
2839,2213
2856,2203
2871,2176
2889,2131
2909,2110
2926,2082
2926,2058
2912,2041
2874,2015
2816,2002
2730,1998
2628,1992
2508,1983
2378,1960
2239,1931
2100,1897
1948,1844
1791,1786
1630,1753
1470,1752
1277,1764
1073,1793
872,1825
677,1870
557,1922
520,1994
577,2026
747,2076
1008,2121
1320,2154
1646,2181
1946,2193
2199,2211
2406,2223
2559,2238
2673,2250
2740,2264
2791,2275
2819,2270
2839,2263
2863,2246
2885,2212
2905,2176
2926,2150
2938,2123
2931,2091
2908,2061
2865,2034
2795,2011
2706,2005
2596,1995
2469,1985
2331,1964
2193,1929
2050,1888
1900,1840
1746,1791
1589,1771
1423,1774
1235,1782
1034,1808
841,1855
672,1903
567,1959
555,2015
649,2063
844,2108
1113,2148
1425,2178
1743,2199
2031,2208
2273,2221
2462,2226
2606,2232
2704,2236
2768,2241
2802,2244
2825,2234
2843,2215
2854,2194
2874,2152
2894,2119
2914,2095
2923,2077
2920,2033
2899,2024
2856,2001
2785,1987
2692,1988
2581,1983
2454,1975
2322,1946
2185,1919
2043,1877
1893,1830
1738,1773
1579,1755
1407,1755
1209,1763
1003,1794
798,1842
627,1892
528,1948
527,1997
628,2045
835,2092
1124,2128
1445,2158
1757,2182
2041,2196
2275,2204
2464,2219
2604,2228
2698,2246
2763,2255
2798,2265
2831,2256
2848,2251
2865,2232
2884,2192
2911,2169
2923,2142
2931,2112
2925,2080
2889,2052
2842,2031
2764,2018
2664,2010
2538,1996
2410,1975
2274,1947
2131,1914
1986,1873
1837,1826
1681,1783
1519,1767
1345,1769
1147,1785
947,1826
754,1875
610,1922
538,1977
565,2027
701,2080
931,2128
1220,2167
1543,2193
1853,2208
2121,2219
2351,2223
2523,2240
2642,2245
2730,2251
2787,2251
2817,2250
2839,2236
2855,2218
2872,2186
2885,2144
2905,2107
2916,2076
2924,2061
2920,2036
2886,2013
2834,1996
2758,1983
2655,1982
2537,1978
2411,1965
2274,1939
2134,1904
1992,1858
1841,1799
1686,1773
1525,1760
1342,1764
1144,1787
935,1823
732,1863
583,1904
525,1960
564,2009
708,2058
953,2108
1258,2147
1592,2174
1877,2190
2136,2200
2354,2206
2521,2216
2641,2228
2723,2236
2776,2248
2811,2253
2831,2250
2851,2234
2872,2204
2892,2180
2916,2147
2926,2123
2930,2097
2916,2078
2875,2058
2813,2037
2729,2034
2622,2022
2496,2007
2363,1984
2220,1942
2074,1899
1927,1854
1774,1805
1614,1780
1453,1772
1265,1777
1063,1799
864,1833
679,1881
555,1937
518,1987
584,2050
757,2092
1027,2141
1341,2171
1664,2192
1969,2205
2224,2209
2425,2220
2579,2236
2681,2250
2755,2261
2801,2263
2826,2259
2848,2244
2868,2220
2881,2180
2900,2142
2918,2111
2927,2078
2928,2050
2910,2022
2864,2000
2801,1989
2716,1987
2612,1980
2491,1974
2363,1953
2219,1927
2082,1889
1935,1835
1785,1792
1629,1769
1477,1769
1282,1775
1077,1804
875,1844
692,1884
572,1943
546,1980
618,2021
795,2078
1065,2125
1377,2161
1698,2182
1982,2195
2233,2201
2428,2209
2581,2215
2675,2227
2747,2236
2786,2241
2818,2240
2836,2231
2859,2216
2881,2189
2898,2155
2917,2137
2931,2106
2919,2081
2897,2062
2852,2037
2784,2029
2691,2025
2580,2019
2450,2001
2314,1975
2166,1938
2018,1895
1866,1842
1707,1786
1545,1775
1375,1774
1179,1783
976,1814
782,1853
610,1900
509,1954
514,2009
629,2062
834,2114
1123,2152
1448,2178
1774,2201
2059,2210
2295,2220
2486,2232
2621,2242
2712,2252
2776,2260
2813,2256
2835,2251
2855,2238
2873,2216
2889,2176
2913,2140
2925,2109
2929,2073
2923,2049
2896,2019
2850,1982
2776,1972
2681,1970
2567,1966
2445,1956
2309,1931
2167,1890
2029,1862
1879,1823
1728,1777
1571,1773
1396,1776
1196,1782
998,1817
807,1864
649,1912
568,1965
583,2011
692,2060
903,2100
1188,2132
1509,2166
1812,2186
2090,2203
2319,2212
2497,2220
2622,2227
2709,2232
2767,2237
2803,2234
2825,2220
2845,2215
2862,2192
2878,2157
2896,2132
2920,2107
2930,2085
2916,2067
2882,2045
2829,2029
2749,2019
2646,2025
2526,2010
2396,1993
2261,1967
2112,1935
1962,1887
1808,1832
1648,1793
1485,1783
1292,1785
1088,1804
883,1845
692,1881
549,1919
491,1976
539,2029
685,2081
935,2126
1248,2168
1576,2197
1884,2206
2154,2209
2373,2225
2539,2229
2661,2240
2744,2249
2797,2260
2827,2261
2845,2254
2865,2236
2885,2208
2903,2171
2924,2139
2941,2111
2939,2085
2921,2055
2885,2018
2826,1993
2744,1978
2638,1975
2520,1952
2390,1942
2255,1913
2111,1875
1966,1833
1818,1797
1661,1764
1507,1755
1326,1770
1128,1795
926,1836
749,1875
624,1931
578,1982
633,2035
788,2080
1034,2121
1332,2154
1643,2176
1935,2182
2191,2198
2393,2210
2549,2218
2663,2227
2736,2230
2781,2233
2818,2228
2834,2220
2849,2212
2870,2178
2888,2138
2905,2109
2918,2086
2919,2060
2896,2042
2860,2023
2798,2012
2711,2016
2603,2006
2481,2002
2343,1975
2198,1963
2055,1913
1902,1864
1746,1820
1584,1796
1411,1783
1218,1791
1012,1815
808,1854
623,1898
507,1949
486,2001
569,2052
758,2094
1033,2134
1357,2167
1682,2191
1989,2207
2239,2219
2435,2225
2585,2231
2697,2244
2763,2254
2809,2256
2832,2252
2852,2246
2865,2228
2888,2195
2906,2160
2927,2132
2938,2106
2935,2082
2920,2053
2869,2024
2799,1999
2708,1988
2595,1981
2471,1964
2333,1935
2195,1903
2056,1868
1911,1814
1760,1769
1603,1750
1443,1753
1256,1775
1060,1808
858,1853
692,1901
589,1949
579,2000
678,2055
873,2106
1143,2141
1452,2173
1763,2192
2044,2201
2280,2204
2461,2210
2601,2222
2696,2233
2757,2245
2797,2237
2819,2228
2841,2212
2855,2193
2874,2156
2891,2120
2907,2095
2914,2072
2910,2041
2883,2024
2833,2004
2759,1995
2669,1998
2555,1996
2423,1995
2286,1967
2147,1940
2001,1901
1845,1857
1689,1815
1524,1801
1340,1794
1137,1803
920,1837
716,1879
555,1924
463,1974
491,2024
619,2076
850,2118
1154,2156
1482,2180
1803,2201
2086,2211
2319,2213
2491,2236
2630,2241
2721,2244
2783,2253
2817,2255
2842,2251
2862,2237
2884,2217
2897,2182
2910,2152
2938,2123
2944,2098
2931,2072
2901,2046
2846,2028
2767,2000
2670,2003
2551,1985
2423,1962
2286,1929
2143,1889
1999,1842
1850,1792
1698,1755
1537,1739
1363,1749
1170,1775
976,1815
792,1867
648,1915
588,1969
620,2017
762,2076
983,2122
1274,2157
1588,2182
1874,2200
2149,2206
2364,2222
2525,2218
2644,2233
2722,2231
2774,2239
2804,2240
2827,2228
2845,2216
2860,2186
2881,2148
2897,2112
2912,2081
2913,2054
2901,2027
2867,2004
2811,1996
2728,1989
2627,1987
2504,1981
2375,1967
2234,1944
2092,1918
1940,1881
1789,1833
1629,1801
1465,1795
1275,1803
1067,1826
856,1862
664,1901
521,1952
467,2000
521,2046
689,2088
949,2137
1272,2171
1603,2192
1914,2213
2177,2216
2393,2221
2548,2228
2665,2236
2744,2244
2794,2256
2822,2254
2845,2241
2865,2229
2884,2199
2905,2161
2924,2135
2938,2114
2940,2091
2921,2064
2880,2039
2821,2021
2733,2015
2628,2008
2504,1994
2374,1970
2234,1940
2088,1884
1942,1834
1790,1778
1634,1750
1471,1742
1288,1755
1098,1783
900,1828
725,1869
611,1922
588,1980
661,2038
831,2085
1089,2131
1393,2167
1704,2193
1993,2206
2240,2208
2434,2220
2580,2230
2681,2238
2749,2237
2791,2237
2814,2232
2834,2220
2853,2202
2869,2171
2889,2138
2901,2108
2910,2075
2907,2046
2887,2019
2843,1991
2774,1977
2685,1975
2577,1970
2455,1969
2321,1948
2176,1919
2036,1883
1886,1844
1729,1805
1564,1790
1393,1790
1198,1803
988,1835
782,1874
606,1919
494,1972
481,2027
576,2073
776,2114
1059,2153
1386,2180
1712,2200
2011,2211
2259,2217
2456,2226
2600,2231
2700,2243
2766,2253
2806,2252
2827,2247
2850,2238
2867,2214
2886,2169
2911,2144
2926,2117
2935,2100
2927,2079
2906,2056
2860,2035
2786,2017
2690,2011
2577,2006
2450,1992
2316,1965
2176,1928
2034,1885
1885,1831
1730,1777
1578,1749
1405,1745
1213,1754
1023,1789
822,1837
662,1888
583,1938
592,1991
704,2051
919,2100
1201,2141
1512,2171
1814,2194
2087,2203
2318,2209
2494,2217
2621,2229
2717,2243
2775,2255
2808,2245
2826,2237
2846,2219
2859,2188
2874,2157
2889,2132
2910,2098
2915,2069
2902,2037
2874,2006
2823,1983
2747,1975
2647,1973
2531,1967
2403,1958
2264,1925
2119,1901
1972,1857
1822,1810
1668,1786
1508,1781
1328,1789
1125,1813
913,1852
715,1895
553,1949
483,1996
507,2048
644,2098
883,2141
1187,2174
1513,2198
1834,2209
2110,2213
2339,2219
2513,2228
2639,2239
2726,2250
2779,2254
2815,2249
2839,2238
2855,2223
2877,2199
2892,2168
2914,2136
2936,2110
2935,2085
2926,2065
2893,2039
2838,2023
2754,2019
2653,2018
2534,2003
2401,1987
2263,1964
2118,1925
1978,1877
1827,1822
1671,1775
1516,1757
1336,1757
1142,1773
941,1814
755,1856
615,1901
562,1958
617,2009
767,2058
1010,2104
1311,2141
1629,2172
1926,2196
2184,2209
2389,2216
2556,2219
2667,2230
2744,2240
2795,2251
2819,2248
2840,2237
2855,2221
2871,2187
2886,2148
2904,2117
2916,2092
2918,2066
2903,2041
2867,2003
2800,1986
2713,1975
2607,1972
2485,1959
2353,1943
2216,1911
2073,1873
1927,1835
1771,1793
1610,1770
1446,1768
1254,1787
1051,1816
853,1853
658,1910
529,1961
490,2014
561,2069
737,2119
1005,2156
1325,2189
1647,2214
1946,2232
2205,2231
2410,2238
2563,2238
2674,2241
2746,2252
2795,2257
2824,2250
2858,2236
2865,2215
2883,2180
2901,2149
2918,2124
2929,2106
2928,2080
2907,2055
2867,2031
2803,2020
2713,2016
2602,2011
2479,1999
2346,1975
2207,1941
2063,1903
1916,1861
1764,1816
1605,1786
1442,1774
1250,1778
1051,1806
856,1842
686,1883
580,1928
566,1977
657,2023
844,2076
1116,2122
1427,2154
1742,2174
2025,2189
2265,2201
2453,2214
2595,2218
2690,2231
2757,2244
2799,2250
2827,2241
2848,2227
2866,2206
2880,2182
2901,2141
2918,2109
2922,2077
2917,2042
2892,2015
2844,1996
2770,1984
2680,1981
2567,1973
2441,1958
2306,1931
2164,1894
2023,1855
1865,1810
1707,1773
1550,1756
1376,1758
1176,1779
964,1814
767,1862
601,1916
499,1977
501,2032
614,2086
826,2135
1113,2176
1440,2203
1771,2225
2056,2234
2292,2239
2480,2244
2613,2250
2706,2256
2767,2258
2805,2253
2830,2247
2852,2233
2871,2207
2888,2159
2911,2136
2921,2109
2926,2084
2917,2063
2892,2045
2840,2024
2766,2008
2672,2001
2556,1993
2429,1979
2286,1957
2152,1929
2005,1888
1858,1841
1709,1798
1547,1785
1370,1784
1177,1799
982,1832
792,1875
644,1917
570,1958
594,2005
714,2049
939,2095
1232,2126
1543,2166
1847,2182
2117,2192
2335,2204
2505,2212
2635,2222
2720,2245
2776,2242
2809,2242
2830,2237
2850,2230
2869,2202
2886,2166
2907,2133
2922,2100
2925,2079
2916,2046
2881,2015
2824,1986
2745,1978
2645,1980
2527,1972
2399,1959
2259,1935
2112,1886
1970,1841
1811,1795
1651,1759
1488,1752
1301,1755
1099,1778
895,1820
696,1866
552,1923
491,1983
535,2048
684,2097
929,2146
1234,2190
1567,2218
1885,2232
2151,2239
2370,2245
2538,2254
2658,2261
2736,2265
2794,2267
2825,2263
2843,2256
2864,2237
2884,2207
2903,2163
2914,2130
2923,2100
2928,2074
2911,2056
2876,2025
2813,2012
2733,2011
2623,2004
2506,1994
2374,1979
2241,1948
2095,1911
1947,1867
1795,1823
1636,1793
1485,1785
1296,1788
1104,1808
910,1849
730,1893
605,1942
571,1992
626,2032
785,2073
1042,2116
1342,2148
1657,2169
1956,2184
2207,2193
2410,2199
2561,2208
2666,2218
2741,2230
2790,2238
2818,2236
2836,2233
2855,2216
2873,2184
2889,2147
2912,2135
2925,2093
2923,2066
2908,2039
2869,2006
2803,1988
2716,1985
2606,1978
2477,1969
2345,1947
2206,1914
2064,1870
1911,1824
1755,1770
1591,1751
1425,1747
1228,1753
1019,1795
818,1843
631,1892
512,1938
482,1991
562,2043
749,2096
1028,2142
1352,2191
1680,2216
1984,2236
2237,2242
2437,2250
2587,2257
2696,2263
2765,2269
2804,2273
2830,2266
2840,2250
2864,2224
2884,2188
2906,2150
2932,2122
2933,2092
2927,2070
2903,2043
2857,2017
2791,2001
2691,1999
2580,1994
2455,1992
2321,1959
2180,1929
2036,1894
1889,1849
1734,1806
1577,1781
1408,1779
1221,1787
1025,1821
832,1865
676,1914
574,1964
580,2018
683,2065
885,2111
1164,2151
1471,2168
1781,2180
2061,2185
2294,2194
2477,2198
2613,2211
2705,2228
2767,2231
2806,2234
2826,2227
2843,2216
2861,2204
2876,2169
2893,2138
2913,2112
2925,2087
2917,2038
2894,2029
2848,2007
2775,1999
2677,1986
2564,1977
2435,1984
2297,1936
2158,1909
2009,1865
1859,1816
1700,1775
1547,1752
1366,1747
1164,1765
955,1797
753,1847
592,1897
503,1950
516,2005
633,2066
855,2113
1148,2157
1473,2190
1795,2207
2077,2228
2317,2238
2495,2250
2629,2269
2723,2271
2785,2283
2819,2282
2843,2267
2866,2253
2872,2222
2890,2179
2909,2149
2921,2116
2925,2085
2919,2058
2892,2033
2833,2015
2755,2005
2652,1997
2533,1991
2401,1973
2261,1947
2118,1917
1969,1871
1823,1821
1671,1786
1515,1783
1339,1787
1137,1805
940,1833
753,1878
616,1928
553,1983
594,2042
738,2091
977,2129
1279,2171
1596,2190
1900,2194
2164,2200
2377,2208
2539,2209
2658,2215
2730,2223
2786,2230
2811,2231
2826,2224
2851,2212
2869,2184
2885,2152
2905,2120
2921,2103
2922,2069
2913,2049
2882,2022
2826,2002
2749,1994
2642,1990
2523,1978
2387,1959
2248,1928
2105,1886
1954,1832
1805,1786
1646,1765
1483,1755
1298,1758
1097,1780
888,1841
694,1864
553,1911
495,1969
547,2021
712,2071
982,2119
1278,2159
1604,2190
1910,2209
2174,2222
2387,2233
2547,2246
2664,2260
2743,2272
2794,2279
2826,2274
2847,2264
2869,2252
2890,2215
2904,2172
2920,2143
2936,2112
2931,2080
2912,2059
2871,2028
2806,2007
2719,2003
2610,1995
2487,1988
2356,1960
2212,1930
2083,1888
1918,1845
1763,1809
1608,1785
1445,1776
1263,1784
1059,1813
861,1854
679,1906
564,1958
547,2012
629,2056
814,2103
1086,2149
1402,2179
1721,2202
2011,2213
2258,2223
2449,2223
2592,2221
2693,2226
2756,2226
2795,2232
2817,2223
2838,2216
2854,2199
2869,2159
2890,2122
2909,2103
2922,2082
2922,2057
2909,2034
2860,2011
2795,2000
2707,1995
2597,1989
2471,1973
2341,1950
2202,1915
2054,1874
1907,1830
1751,1780
1584,1750
1416,1750
1223,1762
1015,1793
814,1836
641,1880
531,1936
518,1988
607,2031
803,2090
1088,2132
1406,2166
1728,2186
2018,2198
2260,2211
2450,2221
2590,2236
2692,2255
2760,2264
2806,2282
2829,2273
2850,2256
2874,2236
2892,2202
2912,2169
2927,2140
2938,2115
2925,2086
2899,2051
2845,2024
2777,2002
2677,1999
2562,1993
2428,1975
2283,1956
2148,1918
2001,1880
1849,1827
1693,1782
1539,1772
1367,1779
1174,1798
968,1823
779,1871
626,1914
548,1969
567,2024
686,2074
905,2121
1195,2158
1515,2177
1833,2199
2105,2216
2335,2222
2512,2230
2641,2242
2730,2238
2786,2237
2816,2238
2836,2226
2852,2212
2871,2183
2889,2147
2907,2108
2923,2088
2931,2065
2923,2054
2891,2018
2840,2004
2765,1996
2665,1990
2552,1988
2431,1972
2287,1942
2148,1907
2004,1862
1853,1811
1697,1768
1540,1754
1353,1750
1151,1772
949,1811
755,1856
602,1903
523,1955
553,2005
680,2056
915,2108
1215,2139
1542,2178
1849,2188
2119,2198
2345,2208
2513,2216
2639,2232
2725,2247
2781,2252
2815,2259
2842,2258
2858,2240
2875,2201
2899,2183
2919,2156
2932,2131
2935,2107
2922,2080
2884,2059
2824,2027
2738,2013
2633,2005
2515,1991
2383,1977
2243,1944
2096,1914
1946,1862
1792,1811
1635,1776
1470,1766
1288,1771
1086,1797
884,1839
697,1885
570,1935
527,1990
592,2039
754,2090
1006,2139
1320,2170
1642,2194
1943,2209
2197,2220
2410,2226
2566,2238
2675,2246
2758,2248
2801,2253
2832,2246
2847,2231
2864,2205
2877,2177
2896,2135
2910,2104
2919,2077
2924,2051
2912,2018
2874,1997
2815,1985
2729,1983
2624,1983
2501,1975
2371,1955
2234,1927
2094,1888
1949,1847
1794,1798
1642,1773
1481,1761
1293,1765
1092,1784
887,1825
702,1868
576,1922
543,1983
614,2031
782,2077
1040,2121
1346,2157
1666,2182
1962,2194
2211,2197
2412,2206
2563,2216
2670,2233
2749,2240
2791,2249
2817,2249
2841,2243
2861,2230
2876,2206
2893,2169
2912,2144
2923,2120
2920,2099
2904,2061
2864,2042
2795,2029
2702,2021
2589,2003
2456,1993
2324,1973
2179,1933
2031,1894
1882,1852
1726,1796
1567,1773
1398,1771
1209,1783
1004,1811
802,1854
634,1900
530,1956
524,2005
620,2055
823,2110
1102,2156
1421,2188
1747,2212
2031,2216
2274,2219
2464,2226
2609,2243
2710,2253
2776,2261
2815,2258
2837,2247
2855,2235
2871,2208
2886,2176
2905,2136
2920,2096
2926,2066
2923,2036
2896,2012
2853,1998
2784,1985
2696,1976
2584,1968
2461,1960
2326,1936
2181,1912
2039,1875
1889,1830
1734,1787
1578,1771
1408,1765
1213,1782
1014,1810
818,1852
650,1893
558,1953
555,1998
656,2043
865,2096
1154,2138
1475,2171
1787,2192
2071,2199
2301,2205
2481,2211
2611,2214
2707,2225
2768,2236
2805,2248
2830,2235
2850,2231
2868,2212
2886,2178
2903,2149
2916,2130
2926,2105
2920,2080
2890,2057
2841,2033
2764,2023
2660,2019
2541,2013
2413,1994
2273,1967
2124,1926
1975,1879
1817,1823
1656,1785
1501,1777
1324,1780
1130,1790
930,1822
738,1865
588,1918
516,1969
548,2027
684,2083
919,2129
1214,2170
1546,2195
1859,2210
2134,2213
2353,2223
2534,2235
2652,2245
2735,2256
2793,2263
2823,2260
2841,2244
2862,2236
2882,2206
2899,2169
2914,2135
2929,2103
2931,2061
2919,2037
2886,2006
2834,1983
2753,1974
2656,1971
2538,1967
2408,1947
2269,1919
2127,1895
1986,1861
1836,1813
1677,1782
1526,1769
1344,1765
1137,1781
941,1824
756,1876
611,1923
558,1976
604,2017
740,2062
979,2100
1275,2147
1593,2184
1898,2193
2163,2198
2378,2206
2539,2213
2654,2222
2735,2233
2788,2240
2814,2237
2839,2218
2857,2207
2874,2182
2889,2156
2909,2129
2921,2111
2922,2088
2906,2064
2869,2037
2806,2020
2719,2022
2618,2019
2493,2005
2358,1984
2215,1954
2071,1929
1917,1874
1751,1827
1594,1794
1431,1773
1238,1779
1028,1813
825,1848
646,1894
524,1943
499,1989
583,2031
767,2080
1041,2134
1356,2180
1672,2208
1967,2219
2220,2223
2417,2229
2574,2229
2686,2241
2762,2254
2807,2253
2833,2249
2851,2242
2870,2232
2889,2201
2904,2171
2917,2144
2931,2108
2932,2070
2907,2036
2866,2011
2800,1989
2712,1986
2606,1976
2484,1956
2357,1930
2217,1897
2077,1863
1928,1832
1779,1785
1618,1764
1450,1772
1255,1779
1059,1801
867,1837
698,1887
600,1941
588,1996
665,2050
840,2097
1108,2134
1417,2163
1722,2183
2008,2190
2249,2204
2440,2219
2581,2229
2678,2232
2751,2233
2795,2234
2820,2223
2842,2216
2864,2197
2878,2173
2890,2135
2905,2098
2914,2081
2906,2055
2887,2032
2841,2013
2776,2008
2682,2015
2568,2007
2439,1997
2303,1981
2157,1951
2011,1906
1860,1857
1696,1809
1528,1791
1350,1787
1145,1794
935,1826
743,1863
590,1909
503,1960
505,2022
624,2073
835,2112
1120,2149
1444,2181
1770,2204
2058,2212
2297,2216
2487,2224
2623,2234
2717,2249
2774,2257
2810,2259
2837,2252
2857,2247
2872,2224
2890,2184
2911,2152
2927,2126
2934,2096
2923,2064
2901,2038
2850,2018
2776,2000
2680,1983
2566,1979
2436,1963
2294,1926
2153,1883
2008,1848
1856,1798
1712,1749
1557,1741
1391,1764
1201,1792
997,1817
799,1858
645,1912
571,1974
597,2019
719,2069
939,2121
1225,2154
1541,2169
1841,2181
2116,2198
2342,2209
2515,2219
2635,2233
2720,2240
2774,2242
2802,2232
2819,2222
2840,2213
2866,2183
2879,2149
2894,2121
2916,2095
2925,2069
2911,2032
2873,2006
2810,1993
2738,2001
2637,2012
2514,2014
2383,1992
2244,1954
2097,1910
1949,1872
1800,1837
1642,1817
1479,1805
1290,1804
1081,1815
870,1849
665,1895
512,1940
468,1985
527,2039
677,2087
925,2132
1245,2173
1581,2192
1890,2200
2158,2200
2381,2213
2551,2242
2664,2250
2735,2254
2788,2255
2815,2251
2840,2236
2861,2224
2883,2199
2907,2169
2932,2143
2943,2115
2948,2097
2926,2074
2887,2042
2825,2019
2742,2014
2640,2010
2515,1984
2379,1950
2241,1915
2104,1876
1960,1831
1808,1787
1655,1767
1503,1757
1323,1752
1113,1775
908,1828
730,1882
600,1929
556,1980
629,2034
807,2093
1061,2132
1364,2161
1677,2177
1973,2190
2219,2202
2414,2221
2561,2237
2669,2243
2741,2238
2785,2231
2814,2221
2839,2217
2852,2217
2869,2189
2890,2148
2913,2109
2916,2070
2912,2037
2894,2006
2853,1986
2785,1982
2694,1987
2586,1988
2465,1979
2331,1950
2192,1927
2054,1891
1908,1854
1754,1818
1589,1801
1417,1802
1214,1813
999,1832
793,1862
614,1904
502,1962
480,2019
572,2071
772,2120
1049,2157
1366,2174
1694,2183
1993,2192
2244,2205
2440,2224
2582,2232
2683,2239
2756,2256
2796,2259
2823,2252
2848,2246
2877,2228
2892,2187
2910,2152
2925,2127
2932,2105
2932,2076
2909,2052
2866,2038
2798,2023
2708,2017
2593,2012
2468,1997
2333,1959
2187,1911
2038,1863
1889,1820
1737,1770
1584,1746
1420,1738
1235,1748
1039,1785
844,1837
674,1896
585,1952
592,2001
695,2051
889,2099
1172,2146
1487,2182
1783,2202
2060,2208
2298,2204
2482,2211
2614,2221
2707,2233
2774,2239
2810,2243
2825,2229
2838,2221
2857,2197
2873,2165
2890,2135
2906,2091
2917,2054
2910,2026
2883,2005
2831,1983
2759,1982
2664,1988
2555,1975
2433,1957
2291,1932
2139,1908
1989,1874
1831,1835
1670,1810
1513,1793
1343,1795
1149,1807
948,1849
751,1894
582,1936
488,1991
494,2048
611,2085
841,2120
1151,2156
1487,2187
1813,2200
2090,2212
2328,2225
2504,2234
2634,2242
2725,2239
2780,2245
2812,2243
2841,2234
2854,2231
2873,2214
2896,2183
2915,2139
2928,2119
2936,2092
2931,2064
2905,2039
2849,2021
2765,2017
2659,2013
2544,2003
2413,1989
2277,1957
2141,1918
1989,1871
1846,1819
1689,1767
1528,1749
1353,1752
1149,1772
959,1802
788,1845
648,1905
585,1964
627,2013
761,2067
990,2112
1272,2156
1589,2180
1894,2200
2159,2208
2375,2205
2542,2216
2661,2220
2736,2241
2786,2246
2814,2242
2831,2235
2849,2216
2868,2172
2889,2140
2902,2107
2911,2092
2918,2064
2905,2038
2866,2018
2807,1991
2729,1970
2628,1964
2504,1960
2370,1939
2229,1917
2082,1887
1922,1851
1781,1805
1625,1781
1461,1781
1274,1791
1073,1820
862,1865
657,1915
518,1961
480,2002
544,2057
714,2104
980,2145
1298,2176
1621,2207
1923,2223
2188,2230
2402,2223
2557,2228
2676,2241
2753,2247
2799,2250
2826,2247
2840,2240
2855,2218
2878,2197
2900,2163
2918,2123
2934,2099
2937,2084
2913,2062
2869,2031
2804,2016
2722,2009
2613,2010
2489,1998
2361,1975
2223,1946
2076,1917
1926,1860
1778,1814
1622,1784
1460,1762
1273,1757
1075,1782
875,1828
702,1874
586,1921
559,1973
642,2024
823,2069
1097,2117
1400,2162
1721,2192
2007,2210
2244,2205
2440,2230
2577,2228
2684,2239
2754,2243
2800,2248
2829,2241
2852,2228
2861,2214
2873,2187
2889,2132
2907,2098
2918,2071
2915,2047
2894,2021
2852,1997
2776,1983
2679,1974
2576,1969
2452,1959
2318,1940
2180,1897
2037,1864
1887,1822
1724,1774
1559,1756
1386,1768
1193,1791
980,1828
788,1878
618,1927
504,1981
500,2026
600,2076
798,2132
1089,2172
1419,2207
1743,2219
2036,2224
2281,2231
2469,2233
2610,2237
2704,2254
2773,2259
2811,2253
2836,2245
2851,2239
2872,2206
2886,2167
2900,2129
2921,2110
2931,2098
2929,2078
2902,2053
2851,2026
2772,2002
2685,1997
2570,2007
2443,1987
2304,1964
2168,1930
2021,1895
1875,1848
1722,1799
1566,1781
1388,1779
1200,1778
1003,1813
810,1858
646,1903
569,1946
585,1990
698,2039
918,2085
1217,2130
1528,2167
1829,2196
2102,2206
2322,2210
2499,2213
2624,2208
2712,2237
2772,2244
2803,2253
2831,2248
2851,2232
2867,2203
2882,2163
2902,2123
2915,2091
2923,2064
2915,2044
2885,2015
2825,1991
2747,1980
2644,1977
2529,1969
2404,1956
2268,1920
2124,1881
1973,1845
1824,1806
1661,1763
1496,1754
1317,1755
1126,1783
911,1834
716,1889
564,1941
482,2014
513,2045
660,2100
909,2145
1219,2183
1553,2213
1871,2234
2139,2232
2356,2240
2522,2242
2643,2250
2730,2256
2790,2269
2824,2257
2846,2247
2863,2226
2883,2194
2898,2155
2916,2134
2930,2101
2929,2083
2926,2065
2886,2034
2824,2011
2740,1998
2639,2006
2518,1999
2385,1986
2254,1952
2116,1922
1964,1869
1820,1822
1658,1781
1500,1775
1317,1782
1116,1813
921,1851
740,1894
605,1924
561,1963
616,2014
770,2064
1015,2109
1321,2146
1637,2159
1934,2171
2191,2176
2398,2199
2551,2216
2663,2243
2740,2245
2785,2256
2818,2244
2837,2228
2858,2214
2880,2188
2896,2154
2916,2129
2926,2094
2923,2065
2910,2029
2865,2003
2799,1976
2712,1986
2607,1978
2480,1973
2348,1942
2206,1911
2064,1857
1914,1824
1768,1785
1613,1772
1445,1764
1249,1787
1030,1785
814,1830
640,1880
512,1944
485,2011
564,2074
748,2118
1017,2158
1338,2190
1669,2209
1971,2229
2228,2243
2444,2255
2582,2261
2688,2269
2753,2252
2801,2255
2828,2248
2858,2254
2872,2240
2890,2207
2906,2154
2923,2110
2935,2065
2930,2051
2910,2036
2871,2029
2801,2019
2708,2018
2592,1996
2464,1985
2329,1958
2196,1936
2053,1897
1910,1861
1754,1809
1595,1785
1421,1775
1230,1782
1034,1820
854,1867
691,1925
592,1968
581,2012
659,2040
850,2085
1136,2112
1449,2155
1769,2168
2052,2179
2291,2196
2472,2198
2609,2200
2697,2210
2762,2232
2802,2248
2825,2241
2845,2234
2860,2207
2881,2178
2897,2142
2919,2113
2933,2082
2926,2065
2898,2030
2847,1996
2777,1981
2673,1972
2563,1971
2439,1963
2304,1952
2163,1902
2019,1861
1866,1795
1706,1759
1542,1747
1373,1747
1172,1776
968,1805
766,1855
613,1905
514,1961
526,2013
632,2074
853,2131
1139,2176
1463,2203
1786,2215
2070,2224
2308,2234
2493,2257
2635,2271
2721,2280
2785,2277
2815,2267
2839,2252
2853,2233