2048,2490
2453,1934
2760,1847
2984,1773
3119,1727
3143,1720
3033,1757
2830,1833
2560,1942
2253,2067
1930,2175
1621,2266
1355,2334
1170,2396
1088,2415
1082,2403
1166,2378
1334,2315
1580,2244
1874,2155
2192,2040
2495,1921
2768,1826
2980,1755
3110,1712
3147,1707
3039,1749
2834,1830
2542,1937
2237,2067
1912,2176
1608,2267
1365,2339
1162,2390
1072,2416
1069,2408
1161,2375
1337,2319
1588,2250
1878,2166
2189,2045
2495,1936
2770,1838
2984,1773
3108,1736
3130,1743
3017,1779
2812,1853
2546,1972
2233,2100
1903,2213
1592,2302
1327,2368
1152,2414
1067,2431
1063,2431
1154,2391
1328,2340
1579,2263
1876,2176
2192,2052
2497,1947
2771,1852
2973,1780
3094,1734
3121,1743
3015,1778
2809,1860
2535,1968
2221,2099
1899,2208
1599,2295
1338,2376
1157,2414
1066,2437
1062,2424
1158,2385
1349,2324
1602,2255
1890,2159
2202,2042
2507,1924
2782,1828
2993,1756
3110,1713
3125,1710
3007,1747
2814,1823
2530,1935
2214,2066
1894,2176
1594,2263
1339,2335
1158,2389
1072,2401
1076,2395
1170,2358
1343,2299
1602,2226
1896,2131
2202,2015
2505,1908
2783,1814
2991,1745
3112,1706
3124,1710
3001,1747
2791,1832
2512,1941
2203,2069
1889,2181
1580,2268
1319,2339
1139,2387
1059,2416
1069,2404
1164,2368
1340,2309
1593,2237
1892,2148
2209,2029
2517,1919
2788,1830
2990,1763
3090,1728
3124,1734
3006,1777
2791,1855
2510,1961
2191,2098
1870,2203
1570,2293
1314,2364
1142,2411
1060,2436
1064,2425
1163,2381
1340,2327
1602,2248
1904,2158
2200,2039
2514,1929
2786,1835
2993,1769
3114,1739
3112,1735
2991,1779
2781,1861
2502,1969
2192,2108
1869,2214
1560,2301
1301,2367
1138,2411
1062,2437
1072,2412
1169,2376
1349,2317
1608,2236
1907,2139
2224,2025
2528,1912
2798,1815
2993,1751
3096,1711
3109,1708
2993,1752
2778,1833
2495,1943
2182,2072
1864,2176
1564,2267
1315,2337
1143,2380
1059,2397
1069,2392
1172,2348
1361,2289
1623,2214
1915,2118
2232,2003
2533,1890
2796,1798
3004,1729
3112,1701
3110,1708
2982,1753
2763,1831
2476,1944
2182,2069
1861,2177
1551,2266
1296,2336
1129,2381
1057,2403
1071,2394
1172,2357
1358,2297
1615,2223
1919,2129
2240,2012
2539,1906
2800,1824
2997,1752
3109,1724
3105,1731
2977,1774
2759,1860
2477,1983
2159,2106
1839,2207
1540,2295
1286,2365
1108,2413
1038,2432
1066,2416
1170,2369
1356,2313
1618,2235
1914,2140
2235,2024
2539,1914
2802,1823
2996,1760
3102,1733
3099,1743
2979,1784
2757,1865
2470,1979
2154,2107
1835,2216
1537,2298
1292,2370
1125,2410
1044,2426
1067,2413
1174,2374
1369,2306
1642,2231
1943,2123
2254,2003
2551,1891
2815,1800
3007,1737
3117,1704
3100,1709
2970,1755
2750,1842
2469,1956
2157,2077
1838,2179
1537,2265
1286,2332
1126,2383
1058,2392
1073,2377
1184,2347
1376,2281
1638,2204
1943,2114
2261,1983
2563,1873
2822,1789
3007,1737
3101,1694
3089,1708
2959,1750
2739,1840
2454,1954
2139,2083
1821,2185
1524,2267
1281,2338
1122,2381
1049,2402
1067,2391
1176,2347
1365,2285
1640,2213
1940,2117
2256,2001
2558,1891
2818,1803
3012,1745
3113,1719
3092,1729
2956,1779
2728,1870
2443,1983
2138,2107
1828,2210
1519,2300
1274,2369
1115,2407
1046,2421
1066,2413
1180,2367
1371,2301
1634,2225
1940,2124
2263,2007
2570,1903
2832,1816
3015,1757
3110,1730
3090,1732
2953,1784
2727,1873
2439,1990
2121,2114
1806,2218
1514,2302
1277,2368
1119,2408
1046,2430
1067,2408
1178,2364
1384,2305
1650,2219
1953,2120
2271,1995
2573,1885
2832,1789
3022,1727
3119,1699
3094,1714
2950,1759
2728,1846
2436,1960
2119,2084
1800,2186
1504,2271
1270,2340
1117,2377
1052,2391
1080,2376
1195,2335
1395,2275
1669,2195
1981,2097
2285,1969
2578,1859
2836,1782
3023,1717
3122,1691
3091,1706
2947,1760
2714,1855
2424,1967
2109,2090
1794,2188
1504,2269
1259,2335
1108,2380
1043,2397
1081,2383
1197,2342
1394,2272
1664,2198
1970,2102
2283,1985
2582,1879
2840,1795
3017,1736
3103,1718
3075,1733
2938,1786
2707,1875
2416,1997
2092,2117
1778,2216
1488,2303
1250,2371
1099,2411
1044,2422
1074,2406
1188,2358
1380,2298
1660,2223
1970,2116
2284,1997
2581,1892
2836,1805
3020,1749
3115,1723
3080,1740
2937,1790
2701,1883
2411,1999
2100,2122
1790,2228
1490,2306
1252,2374
1101,2413
1040,2423
1080,2398
1202,2355
1403,2291
1671,2210
1977,2108
2294,1982
2601,1871
2861,1785
3031,1724
3118,1698
3082,1707
2935,1763
2706,1856
2412,1972
2095,2095
1780,2195
1488,2279
1258,2338
1112,2381
1043,2403
1076,2397
1196,2332
1409,2263
1685,2186
1986,2080
2302,1963
2599,1858
2853,1768
3032,1714
3121,1693
3084,1707
2927,1765
2683,1859
2389,1975
2084,2096
1770,2194
1477,2275
1243,2343
1092,2390
1042,2390
1083,2377
1203,2334
1410,2275
1680,2194
1985,2089
2299,1974
2605,1870
2856,1788
3030,1736
3119,1716
3074,1728
2924,1787
2681,1884
2392,2004
2071,2129
1763,2213
1484,2306
1243,2368
1095,2405
1035,2423
1079,2399
1204,2352
1409,2293
1677,2208
1991,2109
2307,1991
2606,1878
2860,1801
3033,1735
3110,1716
3065,1737
2919,1795
2680,1886
2386,2011
2069,2134
1754,2232
1468,2316
1239,2377
1098,2408
1040,2411
1081,2401
1201,2350
1410,2288
1692,2205
2002,2099
2323,1974
2616,1869
2867,1780
3044,1721
3125,1697
3075,1709
2918,1767
2676,1863
2380,1980
2064,2107
1754,2203
1471,2279
1241,2344
1100,2381
1047,2390
1094,2373
1220,2326
1431,2257
1705,2180
2012,2071
2322,1946
2631,1846
2887,1760
3057,1708
3126,1686
3075,1706
2917,1766
2669,1866
2374,1982
2051,2106
1735,2198
1447,2278
1227,2343
1097,2380
1049,2393
1094,2372
1217,2326
1430,2259
1706,2187
2019,2079
2329,1965
2620,1863
2872,1780
3045,1726
3126,1711
3067,1733
2905,1796
2651,1900
2355,2018
2039,2136
1729,2229
1442,2315
1218,2378
1084,2406
1035,2413
1089,2393
1219,2349
1431,2285
1708,2203
2007,2093
2321,1979
2622,1871
2870,1790
3039,1742
3119,1722
3063,1738
2904,1798
2658,1901
2362,2021
2038,2145
1726,2239
1437,2318
1217,2376
1100,2408
1048,2417
1095,2393
1226,2344
1443,2269
1723,2196
2035,2085
2342,1969
2636,1856
2880,1770
3047,1716
3130,1698
3071,1715
2909,1779
2656,1870
2359,1993
2038,2113
1722,2207
1440,2287
1221,2352
1089,2385
1044,2390
1100,2368
1223,2316
1439,2256
1733,2176
2044,2065
2361,1943
2645,1838
2888,1754
3052,1701
3125,1688
3059,1709
2895,1773
2640,1871
2342,1992
2011,2117
1714,2215
1431,2294
1209,2351
1083,2384
1036,2393
1093,2364
1232,2320
1454,2255
1734,2177
2044,2073
2356,1958
2650,1860
2902,1775
3064,1721
3123,1708
3053,1738
2883,1798
2634,1896
2338,2022
2014,2144
1702,2238
1420,2326
1205,2378
1077,2411
1041,2410
1100,2385
1236,2338
1452,2277
1731,2197
2047,2084
2359,1961
2649,1863
2892,1781
3054,1731
3126,1717
3052,1742
2881,1805
2626,1914
2330,2033
2008,2151
1701,2245
1422,2327
1204,2384
1082,2414
1037,2415
1101,2391
1242,2341
1466,2269
1743,2191
2053,2083
2359,1952
2625,1848
2903,1769
3060,1713
3129,1698
3051,1721
2880,1779
2628,1883
2329,2004
2008,2123
1695,2214
1417,2297
1197,2355
1081,2385
1045,2386
1107,2364
1247,2310
1470,2244
1756,2163
2068,2048
2384,1932
2668,1836
2905,1750
3061,1701
3133,1688
3091,1711
2886,1775
2622,1881
2316,2007
1995,2124
1685,2214
1409,2291
1198,2356
1075,2385
1034,2393
1106,2363
1249,2308
1489,2246
1765,2169
2073,2059
2386,1943
2670,1847
2910,1767
3061,1723
3130,1710
3042,1737
2866,1809
2607,1913
2300,2034
1971,2156
1666,2249
1399,2329
1186,2381
1065,2411
1035,2412
1104,2388
1253,2337
1480,2271
1763,2185
2066,2071
2381,1959
2669,1849
2910,1782
3063,1729
3126,1709
3036,1742
2863,1814
2607,1916
2306,2037
1982,2161
1671,2257
1393,2329
1184,2388
1072,2415
1044,2416
1125,2385
1262,2330
1490,2261
1769,2178
2086,2064
2397,1943
2680,1842
2915,1763
3065,1711
3129,1698
3048,1721
2869,1789
2610,1890
2299,2010
1980,2129
1670,2224
1396,2299
1190,2356
1074,2386
1040,2385
1116,2366
1266,2301
1501,2238
1786,2148
2092,2052
2404,1927
2682,1813
2923,1745
3071,1699
3130,1688
3036,1721
2855,1788
2598,1893
2293,2016
1967,2133
1657,2225
1384,2304
1180,2359
1056,2385
1035,2384
1110,2359
1264,2310
1496,2242
1783,2155
2100,2048
2410,1934
2693,1837
2921,1761
3065,1713
3123,1705
3029,1738
2856,1816
2592,1918
2286,2047
1959,2164
1648,2257
1379,2333
1178,2385
1062,2416
1029,2410
1111,2382
1255,2339
1506,2259
1801,2178
2112,2064
2408,1948
2693,1847
2924,1772
3068,1737
3125,1720
3024,1748
2841,1817
2582,1923
2281,2052
1961,2166
1647,2264
1371,2341
1169,2390
1064,2415
1042,2427
1115,2387
1271,2331
1507,2261
1799,2171
2116,2054
2427,1937
2708,1836
2931,1759
3063,1711
3112,1700
3025,1732
2838,1798
2578,1902
2277,2027
1956,2142
1646,2231
1374,2305
1174,2363
1067,2389
1062,2389
1139,2357
1286,2301
1515,2228
1800,2147
2120,2031
2436,1913
2717,1818
2938,1740
3081,1696
3126,1689
3025,1716
2842,1794
2582,1903
2266,2018
1938,2138
1634,2229
1363,2308
1172,2363
1064,2388
1041,2385
1123,2358
1279,2306
1519,2235
1812,2145
2124,2036
2426,1926
2707,1829
2941,1759
3080,1718
3125,1709
3016,1746
2827,1815
2561,1927
2256,2053
1932,2166
1625,2257
1357,2336
1149,2393
1045,2418
1050,2418
1122,2379
1284,2325
1522,2254
1810,2169
2126,2052
2433,1939
2715,1844
2936,1768
3076,1729
3115,1715
3014,1750
2830,1830
2559,1932
2251,2058
1927,2176
1611,2267
1354,2344
1161,2396
1060,2421
1042,2408
1127,2380
1292,2322
1544,2248
1843,2155
2150,2045
2446,1925
2726,1830
2947,1755
3085,1708
3124,1700
3017,1732
2824,1803
2555,1911
2251,2039
1932,2143
1629,2233
1356,2317
1163,2367
1064,2390
1055,2385
1136,2350
1298,2293
1543,2223
1835,2135
2149,2021
2458,1901
2735,1808
2951,1737
3073,1702
3106,1697
3012,1727
2818,1801
2551,1910
2239,2038
1915,2150
1616,2234
1351,2312
1155,2365
1057,2387
1044,2391
1127,2357
1285,2298
1541,2233
1836,2137
2151,2025
2457,1916
2733,1822
2952,1751
3085,1713
3115,1714
3004,1748
2804,1828
2554,1937
2240,2061
1906,2170
1596,2269
1336,2342
1150,2394
1055,2413
1040,2407
1131,2380
1299,2328
1544,2250
1846,2162
2162,2039
2472,1925
2738,1831
2953,1763
3082,1726
3112,1725
2997,1759
2800,1838
2530,1948
2223,2075
1904,2184
1601,2273
1337,2345
1143,2394
1038,2419
1045,2416
1140,2386
1310,2324
1557,2250
1849,2151
2167,2035
2478,1919
2753,1818
2962,1748
3089,1710
3109,1704
2992,1736
2793,1817
2527,1925
2220,2046
1902,2157
1596,2245
1338,2316
1154,2368
1064,2391
1055,2383
1143,2350
1309,2292
1563,2220
1860,2132
2183,2008
2484,1904
2758,1800
2962,1722
3096,1689
3117,1693
2997,1736
2792,1816
2517,1923
2202,2054
1891,2155
1595,2241
1336,2321
1148,2365
1052,2388
1045,2377
1145,2347
1315,2293
1563,2221
1858,2135
2178,2017
2486,1907
2764,1813
2976,1749
3094,1713
3110,1714
2990,1755
2788,1831
2512,1947
2197,2076
1875,2186
1571,2277
1318,2347
1139,2390
1051,2414
1050,2407
1136,2375
1302,2315
1554,2246
1865,2144
2178,2033
2485,1917
2759,1825
2970,1756
3094,1723
3110,1723
2985,1760
2783,1847
2503,1963
2183,2086
1862,2187
1573,2279
1315,2353
1135,2401
1052,2416
1056,2413
1154,2364
1337,2312
1580,2238
1878,2143
2191,2024
2500,1907
2779,1808
2992,1740
3101,1704
3109,1705
2986,1745
2780,1821
2500,1933
2187,2063
1871,2168
1572,2254
1321,2325
1141,2370
1042,2391
1057,2383
1159,2348
1339,2285
1603,2213
1887,2116
2206,2001
2511,1889
2781,1788
2985,1722
3101,1688
3100,1689
2972,1742
2766,1823
2491,1940
2185,2064
1859,2168
1559,2253
1303,2325
1130,2373
1048,2392
1057,2380
1154,2346
1333,2291
1584,2217
1888,2127
2209,2011
2512,1895
2778,1805
2991,1743
3096,1709
3117,1715
2977,1757
2766,1839
2483,1958
2171,2085
1851,2195
1562,2282
1312,2352
1124,2394
1043,2412
1051,2402
1154,2365
1342,2308
1595,2234
1895,2138
2206,2025
2510,1917
2786,1816
2990,1753
3105,1728
3093,1725
2971,1773
2757,1855
2482,1965
2168,2096
1849,2201
1547,2287
1296,2356
1126,2399
1052,2416
1062,2407
1152,2374
1338,2312
1594,2244
1909,2136
2225,2014
2524,1900
2793,1804
2992,1734
3101,1702
3102,1711
2971,1746
2755,1834
2473,1949
2150,2074
1801,2172
1545,2259
1301,2329
1130,2375
1051,2390
1065,2380
1172,2345
1355,2280
1613,2201
1914,2106
2231,1986
2530,1873
2798,1775
3005,1714
3107,1691
3103,1690
2965,1746
2751,1827
2468,1948
2152,2070
1831,2176
1534,2260
1285,2329
1120,2368
1052,2384
1076,2377
1178,2338
1350,2281
1612,2207
1914,2109
2232,1993
2535,1885
2801,1793
2998,1736
3104,1705
3098,1714
2966,1763
2747,1855
2458,1972
2143,2098
1820,2203
1526,2288
1279,2363
1111,2403
1044,2414
1064,2404
1169,2361
1353,2301
1607,2226
1902,2136
2232,2018
2556,1906
2801,1807
2997,1750
3105,1720
3093,1729
2959,1777
2735,1861
2450,1977
2135,2104
1809,2210
1523,2295
1288,2361
1119,2401
1048,2412
1068,2400
1174,2365
1371,2301
1627,2225
1929,2123
2243,2007
2543,1894
2813,1799
3011,1741
3126,1700
3103,1700
2955,1748
2733,1839
2453,1955
2137,2077
1817,2182
1521,2265
1276,2330
1119,2377
1052,2390
1077,2381
1193,2336
1389,2267
1635,2196
1939,2097
2254,1977
2554,1868
2814,1774
3005,1716
3111,1689
3095,1682
2958,1746
2733,1837
2445,1963
2117,2085
1790,2185
1510,2260
1271,2332
1112,2378
1042,2397
1069,2379
1182,2335
1380,2273
1637,2198
1941,2106
2255,1986
2552,1874
2813,1786
3007,1731
3109,1707
3090,1720
2948,1771
2722,1862
2437,1979
2120,2104
1801,2210
1501,2295
1257,2364
1101,2405
1036,2410
1074,2395
1190,2360
1378,2293
1640,2221
1944,2120
2261,2005
2561,1895
2815,1806
3005,1749
3104,1719
3083,1729
2947,1773
2728,1872
2439,1992
2115,2114
1794,2214
1501,2296
1259,2366
1108,2407
1040,2424
1068,2403
1184,2360
1387,2296
1658,2220
1963,2120
2272,2001
2578,1888
2832,1796
3018,1730
3116,1704
3084,1712
2941,1760
2714,1851
2425,1961
2107,2090
1785,2190
1492,2277
1265,2340
1113,2378
1048,2392
1076,2376
1194,2334
1395,2270
1662,2189
1970,2093
2286,1969
2580,1861
2835,1775
3028,1714
3131,1684
3094,1695
2935,1746
2701,1847
2411,1962
2099,2086
1782,2189
1489,2273
1253,2346
1099,2378
1039,2389
1078,2371
1200,2330
1404,2259
1665,2186
1967,2090
2288,1977
2585,1866
2842,1781
3022,1722
3111,1702
3081,1718
2929,1775
2698,1870
2408,1992
2064,2118
1759,2222
1477,2304
1247,2370
1099,2405
1036,2415
1064,2396
1193,2351
1399,2286
1669,2216
1974,2108
2287,1996
2582,1887
2830,1805
3016,1739
3117,1719
3077,1727
2931,1787
2689,1882
2400,2000
2086,2120
1765,2222
1477,2306
1244,2369
1093,2412
1033,2416
1087,2395
1209,2356
1411,2288
1678,2208
1983,2106
2296,1985
2597,1876
2850,1789
3030,1730
3119,1700
3076,1712
2931,1762
2698,1850
2409,1973
2083,2099
1760,2195
1474,2276
1247,2328
1104,2379
1047,2386
1085,2370
1211,2325
1419,2256
1695,2179
2000,2076
2319,1960
2602,1851
2854,1764
3034,1706
3121,1681
3079,1703
2938,1760
2682,1851
2392,1970
2074,2099
1756,2196
1467,2271
1234,2352
1083,2386
1031,2385
1086,2365
1210,2323
1417,2262
1687,2184
1993,2077
2310,1961
2606,1860
2855,1774
3028,1724
3110,1706
3062,1719
2907,1776
2674,1882
2380,2002
2060,2123
1745,2224
1456,2307
1225,2369
1084,2402
1030,2411
1082,2391
1224,2346
1434,2284
1700,2197
2001,2096
2316,1982
2613,1876
2861,1791
3029,1737
3111,1718
3061,1731
2910,1795
2675,1886
2379,2006
2049,2129
1739,2225
1450,2310
1224,2372
1088,2410
1034,2418
1084,2396
1215,2353
1433,2283
1718,2199
2021,2088
2334,1973
2620,1870
2857,1781
3032,1732
3114,1709
3065,1718
2904,1772
2665,1867
2372,1988
2056,2109
1737,2204
1453,2283
1229,2346
1086,2384
1031,2392
1085,2373
1224,2328
1441,2253
1717,2172
2024,2064
2344,1942
2635,1837
2879,1758
3045,1702
3122,1684
3059,1704
2901,1757
2663,1862
2374,1986
2050,2114
1724,2205
1441,2289
1222,2348
1088,2380
1033,2387
1089,2365
1220,2322
1433,2262
1716,2169
2033,2067
2355,1953
2634,1847
2877,1768
3043,1720
3121,1704
3060,1730
2866,1791
2639,1884
2349,2012
2034,2130
1720,2231
1442,2314
1219,2378
1078,2411
1025,2416
1087,2392
1221,2343
1439,2277
1714,2194
2025,2090
2342,1970
2635,1869
2880,1783
3048,1735
3117,1722
3046,1745
2880,1807
2642,1899
2345,2020
2028,2144
1713,2238
1432,2316
1215,2376
1082,2410
1035,2415
1094,2390
1226,2345
1445,2273
1728,2195
2048,2082
2358,1966
2646,1864
2888,1778
3053,1724
3127,1705
3071,1723
2890,1783
2641,1879
2347,2003
2036,2116
1716,2207
1428,2286
1212,2353
1087,2385
1042,2387
1103,2370
1237,2320
1459,2248
1742,2164
2052,2056
2366,1937
2655,1831
2887,1756
3049,1707
3129,1689
3055,1708
2887,1772
2635,1877
2336,1999
2015,2120
1699,2213
1418,2293
1207,2349
1077,2384
1027,2390
1086,2373
1235,2320
1465,2251
1745,2166
2050,2061
2363,1947
2653,1843
2889,1765
3050,1717
3127,1703
3047,1731
2872,1798
2625,1904
2334,2025
2006,2141
1694,2237
1410,2321
1197,2383
1076,2413
1032,2418
1097,2392
1235,2343
1462,2274
1742,2190
2060,2084
2381,1961
2664,1859
2894,1783
3048,1734
3123,1724
3048,1744
2896,1806
2620,1911
2318,2030
2002,2150
1690,2241
1415,2320
1206,2382
1075,2419
1027,2417
1103,2390
1247,2338
1475,2273
1755,2187
2068,2074
2381,1957
2670,1851
2907,1772
3063,1722
3128,1713
3033,1734
2857,1794
2617,1884
2318,2013
1999,2128
1684,2222
1409,2299
1198,2359
1078,2388
1040,2392
1110,2364
1255,2316
1473,2246
1757,2159
2076,2044
2391,1926
2678,1825
2908,1748
3061,1698
3133,1685
3043,1708
2867,1781
2611,1889
2309,2010
1987,2125
1677,2213
1413,2295
1198,2357
1071,2384
1029,2387
1105,2361
1254,2310
1482,2244
1765,2168
2076,2050
2389,1933
2678,1829
2910,1749
3074,1706
3135,1705
3036,1732
2856,1801
2603,1909
2299,2034
1979,2150
1673,2244
1394,2321
1191,2381
1069,2409
1026,2404
1090,2386
1248,2336
1481,2271
1771,2180
2081,2073
2393,1955
2680,1852
2913,1777
3061,1725
3126,1719
3030,1747
2850,1815
2588,1918
2293,2052
1975,2159
1666,2248
1390,2328
1183,2387
1070,2415
1035,2408
1110,2386
1260,2334
1490,2265
1771,2181
2092,2069
2418,1951
2701,1841
2920,1760
3068,1716
3130,1702
3035,1729
2855,1796
2595,1897
2288,2022
1968,2135
1661,2227
1393,2301
1198,2357
1088,2380
1044,2381
1118,2356
1269,2305
1503,2235
1787,2146
2098,2036
2410,1926
2698,1818
2927,1738
3077,1694
3140,1688
3030,1717
2844,1791
2589,1889
2286,2015
1963,2134
1654,2222
1379,2305
1179,2359
1072,2387
1041,2385
1119,2358
1269,2296
1496,2243
1773,2155
2094,2037
2411,1925
2696,1828
2925,1753
3070,1707
3131,1702
3029,1730
2841,1807
2578,1916
2280,2042
1948,2163
1636,2251
1371,2325
1177,2382
1066,2410
1037,2411
1117,2381
1275,2328
1504,2261
1788,2174
2103,2061
2412,1950
2694,1846
2922,1766
3078,1720
3140,1712
3028,1742
2839,1822
2576,1923
2275,2052
1954,2164
1640,2256
1366,2334
1170,2389
1063,2415
1037,2409
1128,2380
1282,2328
1513,2258
1801,2170
2112,2064
2424,1943
2706,1837
2930,1761
3073,1717
3130,1706
3031,1733
2842,1807
2577,1909
2261,2033
1951,2148
1642,2231
1373,2308
1172,2360
1066,2388
1046,2388
1126,2355
1283,2304
1519,2230
1804,2140
2115,2028
2431,1913
2717,1811
2942,1737
3077,1689
3126,1689
3024,1719
2834,1787
2572,1893
2263,2023
1940,2140
1632,2239
1365,2310
1177,2359
1077,2379
1043,2380
1120,2354
1283,2302
1528,2230
1812,2142
2125,2030
2431,1918
2716,1820
2938,1747
3077,1709
3126,1704
3025,1736
2827,1809
2561,1922
2251,2050
1935,2165
1630,2256
1356,2336
1161,2386
1059,2414
1040,2407
1123,2378
1283,2322
1520,2252
1803,2172
2121,2056
2434,1936
2718,1839
2942,1768
3074,1722
3117,1723
3015,1748
2822,1831
2558,1936
2253,2066
1930,2182
1612,2267
1340,2341
1161,2389
1062,2415
1041,2411
1126,2381
1287,2328
1531,2257
1824,2166
2137,2051
2447,1936
2730,1835
2946,1755
3087,1708
3130,1704
3021,1738
2817,1813
2549,1918
2244,2044
1925,2153
1621,2240
1357,2315
1162,2363
1062,2390
1052,2381
1139,2348
1314,2295
1549,2224
1830,2132
2145,2018
2457,1904
2736,1806
2956,1732
3086,1691
3126,1693
3015,1721
2818,1800
2552,1909
2245,2040
1916,2154
1607,2236
1347,2316
1157,2369
1063,2387
1048,2385
1135,2354
1301,2294
1544,2221
1835,2126
2152,2025
2447,1915
2725,1823
2938,1743
3081,1703
3122,1704
3004,1743
2808,1820
2538,1929
2229,2062
1901,2173
1596,2259
1329,2337
1147,2392
1065,2414
1045,2403
1131,2375
1299,2317
1545,2248
1839,2155
2151,2046
2457,1931
2731,1836
2949,1763
3083,1722
3121,1721
3018,1757
2812,1831
2530,1938
2222,2074
1903,2185
1596,2277
1333,2344
1146,2396
1056,2416
1049,2412
1139,2377
1312,2315
1561,2246
1850,2150
2164,2035
2470,1919
2750,1826
2962,1751
3089,1714
3115,1714
3005,1743
2804,1816
2533,1925
2222,2057
1900,2156
1585,2247
1319,2323
1145,2368
1059,2393
1055,2384
1145,2348
1315,2290
1565,2218
1862,2125
2178,2007
2483,1896
2755,1803
2963,1727
3085,1686
3116,1691
3002,1724
2800,1807
2524,1919
2214,2050
1892,2159
1588,2232
1326,2319
1147,2369
1050,2389
1046,2379
1140,2344
1332,2285
1580,2214
1861,2127
2177,2014
2471,1896
2755,1807
2964,1739
3086,1701
3108,1704
2989,1748
2786,1838
2510,1936
2215,2068
1892,2181
1582,2270
1321,2345
1137,2395
1051,2418
1048,2408
1139,2370
1317,2312
1569,2236
1865,2152
2184,2032
2494,1923
2755,1833
2957,1764
3083,1722
3105,1723
2986,1764
2780,1844
2505,1957
2193,2087
1877,2187
1576,2275
1319,2349
1140,2404
1048,2420
1036,2409
1137,2370
1323,2308
1576,2237
1874,2146
2191,2024
2494,1896
2771,1820
2976,1749
3094,1711
3105,1712
2983,1750
2775,1823
2511,1925
2192,2063
1873,2165
1573,2254
1319,2327
1138,2373
1056,2391
1058,2382
1156,2344
1335,2288
1599,2212
1895,2110
2201,1983
2508,1886
2779,1787
2984,1720
3103,1684
3106,1688
2985,1733
2772,1813
2496,1925
2178,2054
1867,2162
1562,2245
1302,2322
1131,2371
1054,2394
1064,2379
1156,2340
1329,2285
1589,2209
1886,2118
2200,2002
2511,1890
2779,1796
2974,1735
3082,1707
3084,1710
2978,1755
2768,1838
2488,1951
2176,2080
1854,2190
1556,2278
1306,2352
1133,2396
1045,2411
1049,2401
1146,2369
1324,2301
1596,2234
1890,2133
2203,2023
2509,1910
2775,1817
2981,1759
3097,1722
3098,1729
2970,1769
2759,1854
2482,1963
2177,2092
1863,2191
1552,2282
1297,2353
1128,2399
1052,2418
1060,2405
1158,2367
1348,2308
1598,2235
1896,2135
2222,2022
2525,1906
2796,1814
2993,1748
3104,1710
3104,1709
2977,1751
2760,1835
2479,1945
2166,2072
1846,2172
1550,2261
1300,2331
1131,2375
1057,2397
1060,2383
1163,2335
1355,2281
1613,2207
1908,2103
2226,1988
2529,1875
2794,1785
2996,1719
3108,1690
3103,1698
2976,1739
2749,1835
2468,1935
2158,2061
1841,2177
1540,2262
1288,2330
1120,2375
1047,2390
1063,2377
1164,2339
1355,2279
1609,2204
1908,2107
2245,1983
2538,1879
2797,1794
2992,1726
3094,1701
3097,1711
2968,1755
2749,1843
2465,1965
2146,2087
1838,2195
1545,2281
1296,2347
1118,2394
1041,2416
1059,2404
1166,2371
1357,2300
1616,2226
1916,2132
2230,2008
2537,1908
2804,1817
2992,1745
3088,1722
3085,1735
2958,1779
2744,1863
2459,1974
2145,2103
1825,2205
1529,2291
1285,2369
1118,2402
1044,2420
1060,2406
1170,2371
1348,2308
1616,2237
1927,2129
2240,2010
2546,1896
2809,1806
3005,1740
3108,1710
3092,1719
2956,1761
2732,1847
2453,1961
2143,2085
1831,2186
1529,2265
1282,2336
1121,2378
1050,2390
1073,2376
1181,2339
1371,2274
1630,2201
1933,2103
2244,1983
2562,1864
2836,1775
3018,1718
3114,1681
3096,1697
2957,1747
2733,1841
2454,1946
2130,2078
1815,2179
1518,2264
1278,2331
1120,2375
1051,2389
1069,2381
1170,2337
1370,2273
1633,2201
1936,2098
2257,1981
2554,1879
2818,1785
3010,1726
3111,1696
3091,1711
2948,1764
2714,1858
2422,1978
2119,2103
1804,2207
1510,2294
1271,2364
1104,2402
1042,2417
1068,2398
1180,2361
1376,2299
1635,2223
1929,2121
2245,2004
2551,1897
2813,1816
3006,1750
3105,1719
3086,1734
2948,1779
2720,1869
2433,1987
2115,2114
1793,2212
1499,2295
1262,2355
1121,2399
1054,2418
1072,2404
1181,2352
1379,2299
1646,2219
1949,2121
2264,2002
2563,1901
2822,1801
3014,1735
3117,1704
3094,1717
2956,1768
2721,1854
2430,1968
2112,2091
1793,2188
1503,2273
1261,2342
1115,2380
1050,2390
1077,2375
1194,2334
1372,2271
1654,2199
1965,2092
2272,1972
2573,1858
2835,1771
3018,1714
3108,1685
3089,1696
2945,1748
2710,1837
2426,1957
2100,2097
1787,2191
1496,2273
1259,2338
1102,2378
1042,2391
1061,2370
1192,2332
1389,2270
1658,2189
1964,2090
2291,1973
2579,1868
2849,1779
3023,1721
3113,1692
3076,1713
2939,1771
2705,1866
2411,1984
2096,2107
1777,2208
1484,2293
1248,2361
1102,2400
1046,2412
1080,2393
1196,2348
1392,2290
1663,2214
1965,2110
2279,1995
2578,1889
2832,1797
3013,1746
3109,1716
3078,1732
2933,1783
2696,1883
2403,2000
2093,2118
1776,2218
1490,2301
1250,2354
1098,2407
1038,2417
1074,2400
1197,2352
1403,2293
1672,2219
1974,2120
2285,1996
2574,1883
2845,1788
3025,1733
3114,1706
3076,1718
2927,1773
2698,1862
2409,1979
2090,2102
1769,2200
1478,2281
1244,2341
1104,2377
1047,2392
1084,2376
1203,2329
1409,2266
1680,2186
1988,2079
2300,1960
2598,1846
2852,1766
3049,1711
3120,1684
3087,1692
2940,1765
2693,1854
2400,1969
2081,2097
1767,2193
1475,2278
1243,2345
1100,2381
1038,2388
1079,2369
1202,2322
1415,2257
1689,2184
1989,2080
2304,1962
2601,1854
2851,1770
3027,1715
3115,1698
3072,1715
2917,1771
2681,1867
2390,1991
2052,2122
1744,2224
1467,2308
1230,2368
1092,2405
1040,2414
1071,2397
1206,2352
1414,2293
1679,2212
1986,2102
2300,1990
2591,1882
2848,1804
3034,1748
3115,1723
3058,1734
2913,1791
2674,1885
2383,2007
2062,2129
1744,2224
1459,2309
1232,2374
1093,2411
1049,2419
1097,2396
1211,2347
1419,2289
1690,2206
2003,2103
2318,1985
2614,1877
2863,1788
3038,1734
3118,1710
3078,1723
2922,1769
2681,1871
2387,1985
2065,2112
1742,2204
1460,2287
1229,2348
1098,2381
1042,2392
1092,2370
1221,2324
1434,2257
1709,2179
2011,2069
2320,1947
2613,1843
2867,1761
3044,1702
3126,1681
3071,1703
2912,1757
2671,1856
2377,1988
2055,2106
1735,2202
1446,2289
1212,2351
1078,2388
1036,2391
1090,2370
1222,2321
1428,2254
1708,2174
2014,2062
2330,1953
2620,1849
2865,1766
3032,1715
3118,1692
3070,1709
2913,1780
2662,1879
2364,2001
2040,2129
1725,2225
1444,2308
1220,2369
1082,2409
1031,2416
1083,2394
1215,2340
1435,2274
1729,2193
2031,2088
2331,1976
2625,1878
2869,1787
3034,1736
3114,1727
3056,1738
2899,1800
2655,1897
2357,2008
2040,2134
1730,2237
1441,2322
1210,2376
1085,2409
1033,2416
1089,2396
1225,2347
1434,2283
1719,2203
2031,2093
2344,1971
2639,1873
2882,1789
3034,1738
3106,1714
3056,1725
2898,1785
2653,1883
2358,2002
2035,2117
1718,2216
1441,2294
1216,2354
1080,2387
1040,2393
1102,2370
1232,2318
1453,2253
1730,2173
2042,2060
2350,1942
2643,1835
2888,1759
3053,1701
3123,1684
3053,1704
2897,1769
2657,1867
2359,1983
2026,2110
1714,2208
1432,2296
1212,2353
1083,2385
1034,2389
1098,2368
1230,2317
1451,2249
1736,2164
2052,2054
2364,1934
2648,1840
2889,1759
3050,1711
3120,1695
3050,1718
2882,1786
2632,1888
2356,2014
2017,2135
1707,2242
1422,2314
1195,2374
1062,2408
1032,2417
1094,2390
1233,2343
1457,2275
1733,2189
2045,2081
2362,1970
2651,1866
2892,1783
3046,1743
3110,1723
3037,1740
2873,1810
2628,1904
2329,2028
2007,2151
1709,2238
1419,2322
1202,2380
1078,2413
1034,2418
1094,2396
1235,2341
1464,2265
1754,2187
2060,2082
2370,1962
2660,1860
2899,1775
3060,1726
3127,1710
3049,1731
2878,1791
2624,1896
2325,2013
2008,2126
1702,2222
1429,2301
1208,2357
1076,2387
1041,2390
1109,2364
1248,2315
1473,2245
1753,2162
2068,2050
2376,1929
2668,1827
2909,1751
3059,1706
3122,1687
3050,1711
2877,1778
2625,1880
2321,2003
1999,2122
1686,2217
1409,2295
1197,2356
1081,2387
1037,2389
1101,2367
1236,2312
1466,2241
1758,2155
2070,2046
2380,1929
2666,1831
2901,1755
3060,1711
3130,1699
3043,1727
2863,1791
2608,1897
2302,2020
1988,2137
1675,2240
1396,2319
1188,2379
1069,2412
1030,2413
1104,2383
1247,2336
1473,2268
1763,2184
2083,2073
2397,1950
2672,1842
2902,1777
3053,1733
3120,1716
3038,1743
2862,1810
2606,1914
2304,2042
1982,2150
1672,2250
1398,2323
1184,2379
1058,2411
1031,2416
1109,2388
1241,2336
1486,2266
1771,2184
2082,2067
2396,1959
2684,1851
2919,1770
3066,1721
3119,1708
3023,1738
2852,1809
2603,1909
2301,2023
1982,2140
1669,2231
1395,2308
1192,2360
1075,2391
1040,2384
1113,2363
1259,2311
1485,2240
1774,2155
2094,2044
2407,1923
2691,1821
2920,1741
3074,1694
3129,1684
3037,1715
2855,1781
2594,1889
2293,2014
1974,2129
1671,2218
1401,2300
1184,2361
1068,2391
1036,2390
1112,2359
1261,2306
1499,2236
1783,2149
2096,2041
2408,1922
2690,1821
2929,1742
3082,1711
3135,1695
3029,1728
2846,1800
2580,1908
2284,2039
1963,2152
1651,2244
1380,2327
1177,2379
1073,2410
1038,2410
1116,2386
1257,2334
1489,2257
1783,2174
2102,2064
2416,1948
2695,1848
2920,1773
3069,1735
3125,1721
3029,1748
2841,1825
2572,1933
2263,2058
1937,2166
1639,2257
1377,2331
1175,2388
1064,2416
1065,2412
1118,2384
1271,2331
1506,2261
1794,2182
2103,2065
2415,1951
2705,1841
2948,1769
3076,1723
3127,1710
3025,1740
2846,1810
2579,1912
2274,2038
1950,2148
1646,2239
1369,2312
1189,2365
1076,2387
1044,2384
1122,2356
1279,2304
1515,2233
1804,2143
2119,2031
2429,1914
2711,1814
2944,1736
3085,1693
3136,1682
3017,1715
2835,1787
2575,1903
2267,2021
1944,2137
1634,2224
1365,2312
1171,2363
1065,2390
1045,2384
1128,2351
1282,2298
1510,2228
1794,2160
2118,2032
2433,1916
2714,1817
2937,1742
3076,1701
3125,1700
3019,1734
2828,1805
2561,1919
2254,2041
1929,2161
1620,2254
1357,2333
1165,2385
1064,2413
1040,2405
1124,2376
1287,2324
1523,2252
1812,2166
2123,2053
2430,1942
2710,1841
2939,1760
3089,1725
3129,1719
3015,1749
2812,1828
2555,1939
2249,2065
1931,2171
1627,2263
1350,2344
1158,2392
1060,2412
1046,2410
1135,2377
1295,2328
1538,2258
1820,2165
2138,2058
2445,1937
2726,1835
2940,1756
3080,1724
3123,1711
3013,1747
2828,1816
2554,1927
2241,2053
1912,2158
1631,2245
1356,2319
1164,2372
1065,2394
1045,2392
1135,2357
1299,2299
1541,2227
1835,2136
2146,2023
2449,1906
2727,1806
2929,1736
3087,1693
3123,1682
3013,1720
2826,1796
2551,1911
2244,2035
1919,2146
1614,2249
1344,2317
1154,2368
1052,2390
1051,2378
1141,2351
1296,2297
1543,2222
1835,2132
2149,2014
2460,1902
2735,1808
2950,1738
3090,1698
3118,1694
3007,1731
2818,1812
2550,1926
2233,2058
1910,2167
1602,2257
1339,2333
1156,2384
1057,2410
1047,2412
1137,2372
1296,2314
1540,2246
1829,2151
2153,2044
2463,1927
2739,1835
2982,1765
3078,1725
3113,1726
2999,1759
2801,1832
2531,1945
2221,2069
1893,2188
1583,2270
1330,2353
1150,2394
1056,2414
1043,2407
1135,2376
1307,2320
1551,2254
1856,2159
2163,2042
2472,1933
2744,1832
2962,1754
3101,1726
3126,1709
3002,1746
2796,1833
2527,1936
2217,2061
1897,2165
1595,2248
1333,2325
1151,2375
1080,2395
1054,2386
1154,2352
1330,2288
1566,2218
1856,2126
2170,2013
2481,1896
2757,1798
2970,1726
3092,1686
3118,1692
3004,1727
2801,1804
2530,1916
2220,2049
1882,2158
1587,2244
1326,2312
1148,2369
1058,2388
1047,2384
1144,2349
1319,2288
1567,2214
1868,2123
2178,2011
2475,1901
2747,1804
2953,1730
3091,1691
3112,1699
2994,1741
2790,1825
2513,1933
2199,2062
1880,2175
1577,2268
1303,2344
1134,2395
1044,2412
1050,2402
1145,2365
1320,2307
1569,2239
1859,2151
2181,2031
2483,1924
2758,1826
2966,1760
3084,1724
3101,1720
2987,1759
2792,1837
2518,1955
2200,2084
1874,2193
1569,2278
1314,2385
1137,2399
1049,2419
1052,2403
1148,2373
1320,2312
1574,2240
1871,2148
2204,2033
2501,1923
2768,1827
2973,1759
3093,1729
3111,1709
2990,1758
2765,1835
2505,1945
2194,2067
1870,2171
1548,2256
1304,2334
1136,2385
1054,2398
1057,2385
1155,2349
1337,2284
1589,2214
1888,2115
2204,1997
2507,1887
2771,1793
2973,1721
3094,1694
3108,1693
2989,1733
2777,1814
2499,1926
2189,2056
1863,2164
1570,2253
1307,2321
1131,2372
1045,2392
1052,2385
1154,2340
1346,2284
1595,2205
1894,2112
2204,1996
2509,1887
2779,1793
2975,1729
3095,1695
3101,1698
2975,1746
2768,1829
2494,1948
2191,2076
1859,2181
1538,2268
1301,2346
1127,2395
1050,2414
1064,2403
1154,2368
1335,2308
1595,2235
1895,2139
2199,2024
2517,1912
2778,1826
2976,1755
3095,1723
3099,1722
2972,1767
2756,1851
2473,1968
2168,2095
1849,2202
1549,2282
1305,2348
1123,2401
1037,2418
1041,2408
1153,2375
1345,2309
1597,2234
1899,2142
2218,2026
2524,1908
2793,1815
2991,1740
3100,1718
3098,1722
2964,1764
2755,1837
2478,1953
2166,2078
1845,2184
1549,2269
1295,2333
1130,2381
1054,2395
1063,2388
1165,2344
1348,2283
1603,2205
1914,2105
2243,1985
2543,1875
2799,1791
3000,1721
3107,1689
3104,1694
2973,1739
2742,1826
2472,1934
2156,2062
1836,2172
1548,2251
1305,2328
1133,2379
1051,2395
1063,2376
1156,2343
1359,2278
1611,2203
1909,2106
2229,1979
2535,1869
2802,1786
3001,1726
3109,1696
3092,1707
2954,1753
2742,1840
2462,1957
2146,2087
1823,2193
1528,2282
1281,2351
1119,2394
1043,2411
1056,2399
1164,2363
1359,2307
1621,2224
1922,2126
2233,2011
2538,1906
2800,1816
2995,1753
3103,1724
3088,1729
2955,1779
2733,1866
2448,1981
2153,2102
1826,2202
1522,2289
1275,2354
1112,2401
1046,2414
1063,2400
1175,2366
1362,2304
1625,2229
1926,2130
2246,2014
2556,1905
2815,1808
3006,1738
3106,1711
3096,1724
2961,1769
2736,1849
2449,1966
2133,2089
1821,2192
1526,2276
1284,2340
1123,2380
1044,2393
1060,2380
1178,2342
1374,2280
1636,2200
1933,2101
2252,1984
2554,1870
2816,1778
3017,1713
3112,1694
3096,1698
2952,1751
2718,1831
2443,1942
2137,2080
1817,2177
1518,2268
1273,2336
1114,2379
1045,2392
1071,2378
1177,2344
1376,2277
1629,2197
1931,2089
2261,1972
2558,1879
2813,1781
3004,1725
3104,1687
3089,1707
2954,1759
2729,1845
2444,1970
2128,2095
1806,2196
1515,2288
1281,2350
1117,2397
1044,2416
1065,2391
1176,2361
1375,2298
1637,2223
1941,2127
2254,2015
2554,1898
2815,1809
3007,1751
3115,1719
3085,1737
2943,1778
2719,1873
2435,1983
2121,2110
1802,2213
1506,2294
1266,2367
1109,2399
1040,2417
1067,2401
1184,2361
1375,2305
1629,2229
1935,2124
2264,2007
2567,1897
2826,1805
3013,1746
3111,1717
3088,1725
2945,1771
2719,1861
2435,1981
2117,2102
1799,2200
1510,2274
1266,2342
1111,2383
1046,2397
1082,2378
1188,2336
1383,2271
1651,2192
1952,2096
2280,1976
2579,1862
2845,1769
3021,1707
3117,1683
3086,1698
2943,1747
2716,1842
2426,1958
2106,2088
1792,2187
1501,2272
1266,2340
1115,2380
1047,2388
1072,2373
1189,2332
1386,2267
1655,2187
1960,2086
2271,1972
2576,1853
2835,1772
3020,1714
3115,1691
3086,1704
2936,1757
2697,1855
2405,1983
2098,2112
1783,2207
1489,2292
1254,2356
1103,2398
1040,2412
1075,2394
1192,2353
1393,2287
1656,2220
1954,2117
2261,1999
2576,1891
2834,1806
3014,1755
3109,1721
3081,1730
2931,1789
2700,1875
2408,1994
2090,2125
1768,2221
1479,2295
1247,2358
1109,2407
1042,2419
1076,2399
1194,2357
1398,2290
1666,2214
1973,2114
2287,1997
2582,1890
2838,1799
3024,1737
3125,1709
3097,1723
2939,1780
2697,1869
2404,1983
2089,2108
1773,2202
1479,2285
1248,2348
1105,2388
1045,2397
1086,2373
1207,2327
1412,2269
1677,2192
1979,2082
2295,1963
2596,1853
2848,1769
3026,1708
3122,1687
3083,1700
2933,1758
2694,1843
2408,1970
2085,2100
1756,2197
1458,2283
1241,2341
1099,2384
1038,2393
1084,2375
1204,2329
1413,2259
1683,2180
1988,2080
2302,1961
2596,1854
2841,1767
3018,1712
3114,1689
3075,1708
2924,1765
2684,1862
2391,1983
2074,2110
1755,2210
1464,2295
1239,2365
1099,2399
1053,2406
1090,2386
1204,2346
1413,2283
1685,2207
1998,2103
2310,1982
2602,1876
2852,1797
3025,1744
3112,1724
3076,1738
2916,1789
2678,1874
2382,2004
2063,2134
1749,2226
1463,2306
1231,2372
1089,2406
1037,2416
1085,2399
1206,2348
1422,2288
1692,2205
1992,2101
2301,1981
2606,1884
2864,1799
3039,1737
3120,1715
3068,1729
2910,1785
2675,1878
2383,1992
2064,2114
1746,2208
1457,2290
1223,2352
1098,2390
1044,2396
1090,2372
1216,2325
1427,2264
1702,2178
2010,2077
2327,1954
2619,1844
2867,1761
3036,1700
3127,1678
3086,1696
2922,1759
2671,1854
2377,1981
2059,2104
1746,2202
1457,2282
1228,2348
1092,2388
1037,2392
1088,2371
1221,2320
1440,2253
1712,2180
2018,2066
2328,1952
2624,1847
2871,1763
3039,1713
3120,1689
3063,1711
2900,1772
2660,1873
2364,1995
2051,2125
1726,2228
1436,2307
1221,2368
1086,2405
1037,2411
1088,2391
1217,2346
1430,2280
1708,2201
2019,2093
2334,1975
2630,1874
2866,1797
3023,1742
3111,1718
3059,1739
2899,1801
2654,1898
2358,2021
2035,2139
1724,2232
1440,2315
1217,2381
1084,2412
1032,2415
1083,2389
1226,2342
1438,2279
1716,2198
2022,2095
2337,1977
2633,1873
2883,1784
3054,1734
3122,1715
3060,1736
2893,1790
2650,1881
2362,2004
2046,2126
1719,2220
1438,2302
1220,2363
1088,2395
1037,2396
1097,2370
1230,2321
1453,2254
1734,2171
2036,2058
2347,1942
2639,1839
2886,1755
3053,1703
3130,1682
3063,1701
2897,1769
2651,1866
2353,1990
2032,2112
1715,2203
1430,2293
1197,2351
1075,2391
1041,2391
1100,2368
1237,2316
1451,2251
1732,2167
2043,2057
2355,1942
2643,1836
2880,1763
3039,1708
3114,1691
3051,1722
2892,1784
2640,1883
2339,2005
2019,2128
1703,2221
1426,2308
1205,2371
1075,2404
1031,2408
1093,2388
1233,2337
1465,2276
1748,2189
2049,2076
2358,1971
2646,1863
2887,1784
3045,1740
3119,1722
3048,1740
2882,1804
2633,1899
2333,2024
2020,2141
1711,2238
1420,2322
1200,2378
1074,2410
1035,2410
1094,2386
1235,2341
1460,2275
1743,2189
2056,2082
2367,1961
2659,1863
2896,1787
3045,1727
3114,1713
3051,1737
2880,1800
2622,1896
2331,2017
2015,2133
1698,2229
1421,2305
1206,2361
1083,2393
1038,2397
1092,2372
1231,2319
1467,2248
1754,2162
2065,2051
2377,1937
2668,1830
2905,1748
3062,1699
3127,1683
3051,1706
2874,1772
2620,1880
2330,1992
2015,2112
1698,2215
1415,2295
1200,2358
1077,2386
1039,2392
1102,2366
1244,2314
1471,2245
1751,2156
2065,2043
2383,1926
2683,1828
2912,1751
3056,1701
3124,1686
3043,1716
2865,1788
2610,1889
2310,2019
1993,2139
1684,2230
1406,2309
1188,2370
1066,2405
1032,2413
1111,2382
1249,2332
1476,2263
1759,2185
2072,2074
2389,1959
2673,1860
2904,1778
3054,1730
3110,1717
3022,1747
2857,1821
2609,1919
2304,2039
1986,2161
1671,2246
1398,2326
1188,2377
1072,2412
1033,2410
1103,2383
1245,2334
1477,2269
1766,2190
2076,2076
2390,1959
2677,1864
2915,1777
3067,1722
3130,1716
3041,1737
2860,1804
2601,1906
2297,2023
1986,2148
1689,2231
1409,2304
1193,2361
1076,2374
1044,2393
1116,2363
1261,2310
1491,2233
1773,2155
2086,2044
2400,1925
2693,1822
2927,1747
3076,1698
3136,1684
3040,1714
2862,1782
2605,1882
2299,2011
1975,2128
1668,2221
1394,2300
1190,2355
1076,2390
1043,2390
1103,2365
1255,2311
1491,2236
1784,2150
2092,2037
2401,1922
2685,1819
2916,1744
3067,1699
3132,1692
3037,1725
2852,1798
2585,1903
2276,2030
1966,2141
1653,2238
1384,2322
1176,2376
1071,2404
1028,2404
1116,2380
1263,2327
1489,2258
1782,2174
2088,2063
2412,1942
2700,1841
2926,1774
3064,1729
3124,1719
3029,1754
2846,1820
2584,1921
2281,2052
1960,2165
1647,2256
1384,2328
1179,2377
1072,2408
1049,2410
1117,2382
1267,2326
1503,2249
1794,2176
2104,2065
2411,1950
2698,1848
2927,1769
3072,1726
3136,1703
3034,1745
2841,1816
2578,1917
2276,2037
1957,2153
1645,2243
1378,2317
1177,2371
1072,2395
1043,2392
1120,2360
1271,2305
1500,2237
1799,2153
2119,2039
2427,1915
2710,1817
2935,1740
3078,1694
3130,1687
3026,1717
2839,1790
2576,1898
2268,2017
1953,2141
1650,2229
1380,2306
1176,2357
1063,2384
1042,2387
1122,2358
1279,2305
1513,2233
1809,2145
2120,2031
2430,1913
2717,1815
2946,1738
3088,1693
3127,1685
3027,1724
2827,1804
2565,1913
2261,2039
1934,2146
1631,2250
1362,2325
1166,2383
1062,2406
1045,2406
1124,2374
1270,2322
1515,2255
1810,2167
2125,2056
2436,1940
2714,1839
2937,1768
3075,1730
3124,1726
3018,1758
2826,1835
2553,1945
2235,2067
1926,2171
1626,2259
1361,2338
1165,2388
1057,2415
1040,2412
1126,2378
1287,2325
1522,2260
1816,2170
2123,2059
2432,1942
2721,1838
2943,1766
3083,1727
3124,1718
3015,1750
2828,1821
2557,1928
2249,2054
1931,2164
1624,2250
1353,2323
1165,2370
1072,2389
1061,2389
1135,2358
1293,2302
1546,2228
1825,2141
2140,2024
2451,1910
2730,1810
2948,1734
3086,1690
3125,1684
3013,1719
2840,1794
2557,1903
2247,2037
1919,2148
1618,2240
1354,2313
1165,2363
1066,2391
1048,2396
1137,2351
1300,2297
1545,2227
1836,2135
2133,2024
2447,1903
2729,1805
2950,1735
3082,1691
3117,1690
3011,1741
2817,1807
2543,1917
2236,2051
1909,2159
1585,2255
1342,2337
1155,2382
1056,2401
1046,2402
1134,2373
1301,2316
1546,2248
1836,2158
2146,2044
2456,1932
2734,1838
2955,1769
3090,1726
3116,1719
3003,1757
2806,1836
2535,1944
2225,2071
1905,2182
1599,2267
1335,2337
1146,2392
1054,2418
1051,2408
1152,2373
1306,2312
1547,2247
1842,2157
2159,2043
2463,1932
2734,1832
2955,1761
3086,1725
3119,1719
3012,1751
2811,1829
2533,1931
2220,2054
1897,2166
1603,2259
1339,2328
1153,2376
1058,2396
1049,2389
1145,2353
1315,2299
1561,2215
1857,2129
2168,2013
2463,1900
2737,1808
2959,1729
3091,1691
3118,1690
3008,1728
2803,1810
2534,1911
2220,2041
1894,2152
1593,2245
1329,2319
1144,2373
1058,2387
1053,2387
1141,2352
1311,2294
1564,2221
1859,2124
2175,2007
2476,1895
2752,1797
2962,1730
3084,1691
3106,1691
2996,1725
2807,1812
2530,1927
2206,2060
1890,2167
1585,2261
1323,2338
1141,2388
1053,2410
1046,2405
1139,2367
1315,2311
1560,2240
1869,2149
2177,2039
2480,1922
2756,1830
2965,1763
3089,1723
3108,1726
2988,1768
2781,1850
2512,1957
2203,2074
1882,2189
1580,2276
1315,2356
1126,2394
1049,2410
1050,2404
1142,2369
1313,2315
1565,2240
1868,2146
2183,2032
2490,1919
2768,1829
2972,1728
3088,1724
3101,1722
2985,1761
2784,1839
2506,1947
2196,2070
1883,2176
1576,2261
1320,2330
1136,2377
1044,2394
1065,2392
1162,2352
1341,2286
1581,2212
1878,2120
2194,2005
2499,1891
2763,1791
2981,1723
3097,1687
3115,1688
3000,1733
2789,1810
2513,1922
2200,2044
1868,2158
1569,2249
1317,2319
1141,2368
1054,2390
1058,2382
1154,2348
1335,2287
1586,2208
1884,2114
2198,1993
2495,1885
2758,1796
2978,1743
3097,1694
3108,1694
2982,1739
2781,1822
2493,1938
2180,2069
1860,2171
1561,2265
1305,2342
1127,2389
1050,2413
1050,2406
1155,2368
1334,2304
1589,2235
1886,2139
2198,2023
2505,1915
2775,1819
2977,1757
3093,1724
3098,1729
2967,1765
2761,1845
2493,1961
2176,2088
1852,2196
1548,2281
1298,2354
1126,2402
1047,2412
1053,2404
1153,2364
1335,2304
1595,2229
1905,2136
2221,2025
2515,1912
2784,1821
2983,1751
3100,1720
3106,1726
2977,1763
2764,1847
2484,1959
2172,2080
1848,2185
1558,2270
1305,2341
1129,2382
1047,2398
1064,2384
1175,2345
1351,2285
1605,2208
1902,2114
2222,1995
2524,1882
2793,1788
2991,1725
3098,1695
3092,1699
2971,1737
2764,1820
2486,1933
2168,2060
1846,2171
1549,2257
1298,2330
1126,2380
1049,2399
1062,2379
1167,2346
1342,2282
1596,2205
1910,2109
2224,1991
2524,1877
2789,1786
2989,1721
3102,1689
3096,1697
2968,1753
2749,1838
2467,1949
2155,2074
1841,2177
1535,2271
1288,2348
1119,2393
1047,2411
1057,2400
1162,2362
1352,2298
1614,2224
1922,2131
2237,2019
2543,1903
2796,1812
2995,1748
3108,1724
3091,1728
2957,1774
2741,1861
2458,1979
2146,2103
1830,2204
1534,2286
1289,2357
1114,2396
1029,2416
1052,2406
1165,2370
1356,2302
1606,2228
1917,2130
2236,2018
2542,1909
2806,1813
3000,1752
3103,1721
3090,1725
2948,1774
2732,1861
2454,1975
2145,2096
1828,2194
1527,2280
1285,2345
1122,2389
1050,2399
1069,2382
1175,2343
1362,2280
1622,2204
1930,2108
2253,1983
2552,1865
2809,1781
3005,1720
3111,1695
3099,1684
2963,1741
2740,1832
2453,1942
2135,2076
1821,2177
1533,2262
1294,2332
1127,2379
1047,2392
1069,2377
1175,2343
1371,2279
1630,2199
1931,2100
2251,1980
2553,1869
2815,1778
3012,1709
3112,1701
3083,1707
2946,1751
2725,1843
2439,1957
2124,2090
1802,2191
1512,2284
1273,2355
1113,2395
1044,2410
1067,2397
1175,2364
1363,2304
1618,2222
1935,2122
2253,2004
2553,1897
2817,1810
3007,1747
3107,1722
3089,1732
2950,1782
2722,1869
2435,1993
2114,2113
1793,2205
1502,2295
1267,2361
1109,2402
1037,2416
1067,2400
1180,2357
1376,2293
1641,2218
1942,2126
2256,2008
2553,1899
2821,1815
3026,1744
3123,1719
3092,1727
2949,1776
2718,1864
2439,1981
2117,2103
1798,2202
1506,2281
1271,2351
1117,2387
1047,2395
1075,2374
1189,2334
1389,2273
1653,2197
1956,2097
2271,1973
2576,1862
2832,1777
3014,1710
3121,1686
3088,1694
2938,1744
2705,1839
2431,1952
2115,2085
1796,2182
1501,2267
1260,2339
1107,2381
1045,2389
1074,2373
1193,2336
1389,2272
1652,2192
1950,2094
2274,1973
2575,1861
2830,1773
3015,1714
3107,1691
3088,1701
2941,1747
2707,1847
2420,1968
2104,2095
1778,2198
1491,2290
1270,2355
1111,2394
1038,2402
1070,2390
1189,2352
1388,2293
1659,2213
1963,2116
2275,1996
2578,1890
2832,1805
3015,1741
3122,1716
3088,1735
2929,1784
2702,1880
2411,1996
2096,2122
1778,2219
1485,2295
1248,2365
1102,2406
1034,2412
1072,2396
1192,2355
1392,2294
1654,2216
1972,2111
2287,1997
2584,1888
2842,1802
3021,1744
3106,1719
3081,1731
2930,1781
2700,1877
2409,1994
2089,2120
1758,2206
1476,2293
1254,2352
1106,2389
1042,2400
1080,2378
1199,2332
1405,2270
1674,2188
1978,2088
2294,1968
2591,1859
2840,1766
3024,1705
3122,1685
3080,1699
2932,1751
2692,1845
2406,1964
2091,2091
1754,2194
1481,2280
1251,2347
1098,2381
1039,2383
1089,2365
1215,2325
1410,2260
1674,2190
1983,2081
2299,1961
2597,1847
2848,1765
3027,1709
3116,1689
3071,1702
2922,1757
2693,1853
2405,1980
2082,2106
1758,2206
1467,2292
1239,2360
1097,2398
1040,2408
1082,2392
1209,2349
1407,2281
1677,2204
1977,2108
2288,1995
2604,1890
2856,1796
3027,1736
3112,1718
3074,1739
2915,1794
2681,1885
2386,2009
2065,2129
1748,2226
1455,2311
1230,2373
1096,2408
1040,2413
1082,2394
1203,2346
1413,2286
1678,2206
1996,2104
2305,1990
2602,1886
2854,1803
3032,1743
3129,1721
3084,1733
2922,1785
2679,1881
2384,2003
2063,2122
1750,2214
1460,2297
1232,2354
1095,2392
1042,2398
1088,2378
1223,2329
1439,2261
1708,2176
2006,2070
2322,1958
2614,1850
2865,1765
3037,1711
3124,1685
3077,1700
2920,1759
2681,1857
2387,1976
2063,2108
1748,2205
1449,2280
1230,2341
1093,2378
1040,2388
1088,2372
1218,2327
1428,2260
1703,2176
2013,2069
2327,1948
2612,1849
2851,1767
3018,1710
3117,1692
3062,1707
2906,1767
2664,1864
2370,1990
2051,2113
1738,2215
1452,2299
1222,2361
1085,2403
1028,2410
1077,2388
1221,2341
1433,2278
1706,2201
2012,2096
2326,1976
2623,1876
2869,1793
3034,1735
3115,1723
3055,1737
2898,1795
2666,1893
2377,2013
2057,2136
1727,2236
1442,2314
1220,2374
1085,2409
1030,2413
1083,2393
1217,2349
1433,2280
1711,2196
2024,2093
2342,1983
2637,1876
2875,1791
3041,1739
3123,1721
3061,1736
2900,1797
2656,1891
2360,2012
2041,2132
1728,2224
1431,2301
1207,2363
1084,2403
1039,2401
1093,2375
1223,2325
1445,2258
1721,2166
2030,2065
2347,1944
2637,1839
2880,1757
3042,1706
3122,1693
3065,1709
2901,1764
2650,1863
2358,1987
2038,2107
1722,2201
1444,2291
1217,2351
1088,2376
1037,2388
1090,2376
1230,2321
1460,2252
1734,2169
2036,2057
2350,1943
2638,1839
2885,1755
3049,1702
3120,1687
3054,1708
2888,1775
2641,1866
2345,1998
2034,2122
1723,2216
1428,2297
1208,2365
1083,2401
1037,2409
1090,2385
1230,2337
1450,2272
1727,2194
2037,2088
2357,1970
2648,1858
2885,1783
3033,1738
3119,1718
3039,1740
2884,1801
2635,1912
2336,2027
2016,2146
1704,2240
1424,2323
1208,2374
1081,2413
1026,2412
1079,2393
1225,2340
1450,2272
1733,2193
2042,2085
2355,1972
2649,1866
2891,1786
3053,1736
3128,1718
3054,1739
2882,1803
2633,1897
2336,2017
2015,2137
1704,2230
1422,2310
1208,2369
1084,2396
1042,2398
1103,2372
1239,2321
1462,2250
1741,2166
2053,2052
2375,1933
2669,1835
2895,1752
3056,1702
3129,1689
3058,1705
2889,1770
2635,1872
2334,1993
2013,2115
1700,2212
1417,2288
1211,2345
1095,2386
1043,2392
1101,2365
1246,2315
1467,2247
1745,2166
2058,2053
2368,1934
2655,1830
2895,1749
3056,1695
3128,1690
3047,1717
2869,1783
2617,1879
2328,2004
2005,2124
1691,2224
1412,2304
1198,2368
1074,2402
1034,2406
1097,2378
1233,2338
1470,2268
1753,2188
2058,2072
2371,1961
2658,1859
2897,1783
3055,1734
3122,1719
3043,1747
2871,1810
2617,1909
2319,2033
2011,2152
1699,2241
1412,2314
1194,2377
1072,2410
1030,2418
1099,2390
1241,2337
1468,2268
1749,2186
2062,2080
2377,1963
2671,1866
2910,1782
3066,1731
3122,1722
3045,1751
2873,1805
2620,1908
2316,2029
1996,2145
1687,2234
1410,2315
1203,2370
1080,2395
1039,2391
1101,2367
1244,2320
1478,2252
1767,2163
2075,2050
2390,1934
2674,1830
2911,1750
3066,1701
3132,1685
3049,1714
2870,1782
2605,1882
2305,2001
1994,2122
1683,2219
1407,2301
1196,2355
1074,2387
1039,2388
1108,2366
1253,2313
1481,2245
1763,2156
2077,2042
2390,1919
2681,1820
2913,1746
3062,1696
3125,1689
3035,1720
2860,1783
2601,1892
2299,2013
1982,2136
1668,2231
1390,2310
1191,2369
1086,2398
1044,2409
1107,2379
1251,2331
1485,2263
1768,2181
2081,2072
2395,1956
2678,1853
2913,1772
3063,1729
3129,1716
3045,1754
2859,1823
2590,1917
2294,2040
1974,2160
1664,2252
1391,2329
1182,2384
1072,2411
1035,2412
1108,2384
1261,2331
1489,2266
1763,2186
2071,2072
2397,1956
2685,1857
2920,1779
3071,1731
3128,1721
3037,1747
2857,1814
2597,1917
2296,2039
1968,2157
1655,2248
1389,2321
1185,2372
1073,2397
1040,2397
1118,2369
1272,2314
1501,2233
1785,2156
2094,2043
2409,1931
2701,1823
2942,1742
3088,1689
3134,1683
3036,1718
2854,1782
2595,1887
2288,2014
1964,2130
1655,2222
1383,2302
1182,2356
1072,2386
1051,2387
1122,2358
1249,2304
1505,2234
1790,2149
2104,2035
2414,1918
2695,1814
2924,1735
3075,1695
3133,1688
3032,1716
2849,1790
2574,1901
2266,2024
1952,2145
1646,2239
1375,2317
1171,2375
1067,2402
1038,2400
1117,2373
1273,2320
1510,2254
1795,2168
2100,2061
2404,1951
2696,1849
2927,1774
3069,1727
3124,1723
3024,1757
2839,1821
2576,1928
2268,2052
1946,2171
1636,2259
1360,2338
1164,2377
1066,2407
1045,2409
1116,2379
1273,2324
1510,2257
1797,2171
2114,2061
2423,1947
2703,1847
2929,1772
3067,1726
3130,1715
3036,1754
2850,1829
2576,1925
2268,2052
1945,2161
1638,2248
1370,2325
1173,2377
1066,2398
1041,2397
1124,2362
1290,2301
1530,2232
1818,2149
2118,2029
2431,1915
2714,1816
2940,1740
3079,1696
3127,1687
3023,1719
2840,1789
2575,1896
2270,2022
1948,2140
1629,2234
1355,2310
1163,2361
1064,2384
1042,2390
1125,2354
1284,2301
1525,2227
1817,2139
2130,2023
2436,1911
2722,1813
2935,1738
3068,1693
3120,1682
3014,1723
2825,1797
2559,1904
2254,2035
1931,2152
1628,2241
1355,2323
1158,2378
1059,2407
1049,2405
1139,2369
1291,2314
1527,2244
1819,2164
2133,2043
2443,1931
2723,1831
2945,1768
3078,1729
3116,1728
3016,1754
2821,1827
2558,1934
2239,2061
1922,2174
1619,2263
1353,2340
1157,2389
1058,2410
1043,2404
1128,2375
1288,2329
1532,2250
1829,2165
2135,2051
2438,1939
2720,1849
2950,1775
3083,1729
3125,1720
3012,1755
2816,1827
2546,1938
2241,2064
1920,2170
1618,2255
1348,2329
1151,2379
1053,2404
1045,2401
1136,2361
1302,2306
1542,2231
1837,2138
2151,2023
2458,1910
2741,1807
2957,1736
3085,1696
3123,1681
3016,1716
2826,1797
2550,1910
2237,2038
1913,2149
1609,2240
1347,2311
1157,2367
1063,2391
1049,2379
1134,2354
1301,2297
1553,2223
1860,2132
2164,2014
2460,1904
2739,1799
2956,1741
3087,1689
3118,1682
3002,1724
2805,1811
2534,1919
2225,2040
1907,2161
1601,2255
1329,2336
1145,2382
1057,2404
1049,2402
1135,2371
1306,2316
1550,2243
1843,2151
2160,2035
2466,1925
2745,1830
2958,1766
3076,1732
3097,1721
2995,1756
2799,1838
2527,1948
2215,2080
1895,2187
1591,2269
1329,2344
1144,2390
1053,2416
1044,2407
1131,2374
1298,2316
1554,2243
1850,2155
2166,2037
2467,1929
2746,1836
2960,1769
3088,1727
3116,1727
2998,1760
2796,1841
2522,1941
2218,2065
1904,2177
1596,2262
1329,2337
1144,2384
1057,2399
1052,2394
1146,2356
1319,2299
1568,2227
1869,2133
2184,2009
2487,1895
2756,1800
2968,1741
3094,1695
3117,1693
3002,1728
2799,1810
2525,1918
2215,2044
1892,2152
1589,2241
1328,2320
1134,2366
1037,2389
1050,2390
1146,2344
1325,2288
1573,2217
1868,2123
2184,2009
2486,1894
2763,1796
2971,1722
3089,1688
3098,1692
2979,1736
2786,1815
2510,1930
2201,2058
1878,2164
1573,2254
1319,2332
1140,2383
1050,2404
1052,2402
1138,2370
1316,2308
1576,2234
1889,2143
2196,2029
2491,1915
2760,1825
2969,1755
3091,1719
3106,1720
2983,1764
2774,1846
2500,1962
2192,2085
1874,2187
1580,2271
1326,2349
1139,2393
1048,2414
1050,2406
1144,2369
1321,2311
1575,2236
1871,2149
2193,2029
2495,1915
2774,1826
2981,1761
3099,1726
3099,1728
2983,1764
2775,1843
2501,1956
2189,2083
1869,2190
1570,2271
1316,2340
1142,2384
1059,2402
1057,2393
1148,2360
1319,2297
1575,2217
1883,2120
2202,2028
2507,1889
2778,1793
2984,1727
3101,1687
3114,1693
2984,1735
2778,1816
2494,1931
2178,2050
1861,2159
1572,2251
1314,2331
1138,2373
1052,2378
1059,2380
1158,2344
1338,2292
1589,2211
1888,2117
2202,1990
2509,1880
2791,1782
2998,1716
3098,1683
3104,1691
2977,1734
2764,1824
2485,1937
2170,2066
1849,2173
1553,2264
1306,2337
1134,2378
1044,2401
1058,2397
1161,2361
1343,2299
1601,2231
1895,2134
2209,2021
2516,1911
2783,1818
2987,1751
3103,1717
3093,1723
2959,1769
2746,1861
2477,1967
2164,2095
1841,2198
1541,2284
1291,2352
1123,2396
1045,2413
1059,2400
1161,2361
1341,2305
1589,2230
1889,2138
2217,2024
2520,1913
2788,1818
2991,1755
3101,1719
3103,1720
2974,1771
2758,1856
2475,1965
2160,2093
1842,2198
1549,2280
1302,2347
1130,2383
1051,2404
1065,2393
1169,2350
1356,2286
1614,2215
1912,2110
2228,1991
2531,1882
2799,1788
3005,1719
3119,1691
3110,1695
2976,1739
2756,1819
2476,1937
2164,2061
1837,2170
1540,2261
1291,2329
1125,2370
1049,2388
1070,2378
1174,2347
1358,2284
1613,2204
1918,2107
2236,1990
2537,1875
2800,1781
2994,1714
3100,1683
3093,1693
2965,1743
2749,1833
2460,1946
2143,2079
1808,2185
1525,2270
1283,2341
1118,2390
1042,2407
1060,2397
1168,2357
1362,2297
1622,2226
1920,2126
2233,2011
2533,1903
2796,1804
2994,1745
3103,1718
3090,1727
2953,1773
2734,1862
2454,1983
2139,2108
1816,2213
1519,2293
1277,2357
1108,2397
1044,2411
1079,2399
1177,2364
1359,2298
1622,2225
1927,2127
2244,2009
2545,1901
2806,1811
3000,1750
3105,1717
3091,1725
2960,1769
2743,1866
2451,1988
2137,2107
1812,2204
1523,2284
1276,2348
1119,2392
1049,2406
1073,2387
1182,2344
1369,2279
1622,2200
1926,2108
2253,1990
2560,1873
2820,1778
3010,1715
3111,1687
3093,1699
2958,1749
2731,1831
2448,1950
2129,2071
1807,2178
1510,2271
1280,2336
1119,2373
1050,2391
1072,2379
1183,2336
1376,2273
1643,2201
1946,2097
2261,1977
2558,1868
2819,1775
3013,1713
3123,1689
3097,1696
2946,1743
2718,1838
2431,1955
2116,2086
1797,2190
1505,2274
1263,2345
1109,2390
1040,2405
1076,2390
1195,2352
1390,2285
1645,2209
1943,2110
2260,2003
2564,1892
2824,1806
3009,1744
3107,1717
3085,1725
2945,1778
2722,1873
2431,1995
2106,2121
1780,2218
1495,2300
1262,2364
1107,2402
1042,2415
1068,2401
1182,2359
1382,2292
1646,2216
1951,2117
2265,2005
2558,1900
2811,1809
3009,1750
3114,1720
3086,1727
2941,1782
2715,1873
2426,1992
2107,2117
1788,2208
1496,2292
1261,2358
1102,2396
1041,2401
1076,2381
1197,2341
1391,2275
1658,2196
1961,2093
2278,1974
2578,1864
2833,1776
3016,1714
3118,1689
3086,1698
2943,1745
2727,1836
2437,1957
2110,2085
1789,2181
1493,2271
1257,2340
1108,2380
1043,2390
1079,2378
1199,2329
1398,2266
1670,2191
1977,2088
2296,1969
2580,1862
2834,1774
3017,1714
3114,1687
3081,1699
2932,1753
2702,1838
2412,1965
2096,2091
1780,2190
1490,2278
1238,2356
1099,2398
1040,2407
1074,2393
1196,2350
1401,2285
1669,2208
1975,2105
2298,1994
2588,1885
2832,1802
3015,1744
3109,1719
3078,1731
2927,1789
2695,1880
2402,2000
2085,2123
1769,2219
1477,2306
1240,2368
1093,2404
1031,2417
1069,2397
1201,2355
1415,2288
1673,2206
1979,2107
2294,1992
2590,1887
2848,1802
3023,1743
3113,1724
3072,1734
2921,1789
2693,1884
2412,1998
2097,2119
1773,2206
1475,2293
1243,2361
1101,2399
1041,2407
1078,2383
1203,2338
1411,2269
1684,2190
1996,2083
2308,1961
2603,1851
2844,1766
3023,1715
3120,1685
3079,1704
2927,1759
2689,1851
2397,1970
2081,2089
1768,2193
1479,2276
1246,2341
1100,2384
1031,2393
1071,2368
1206,2328
1417,2282
1685,2189
1993,2077
2311,1963
2606,1854
2859,1765
3029,1709
3115,1687
3066,1700
2912,1757
2672,1851
2392,1977
2066,2101
1750,2201
1465,2288
1233,2355
1095,2393
1037,2404
1080,2387
1202,2342
1413,2278
1684,2199
2002,2093
2332,1975
2621,1880
2858,1791
3030,1737
3117,1719
3064,1732
2908,1797
2671,1890
2374,2012
2053,2134
1738,2227
1457,2308
1238,2373
1092,2410
1029,2413
1081,2394
1209,2345
1422,2282
1694,2201
2000,2098
2315,1982
2596,1882
2867,1793
3037,1740
3121,1727
3062,1744
2896,1798
2666,1889
2376,2011
2054,2132
1738,2224
1452,2309
1230,2370
1094,2398
1041,2401
1086,2380
1215,2336
1439,2269
1710,2183
2015,2074
2330,1955
2623,1850
2872,1762
3048,1707
3124,1685
3069,1708
2910,1762
2664,1868
2372,1973
2067,2102
1746,2192
1450,2279
1225,2353
1089,2383
1045,2390
1096,2369
1222,2323
1441,2259
1715,2179
2024,2072
2341,1959
2640,1842
2883,1753
3044,1700
3118,1687
3061,1705
2900,1758
2654,1865
2357,1991
2037,2114
1719,2209
1439,2294
1218,2359
1089,2395
1032,2408
1077,2385
1222,2342
1444,2273
1718,2197
2027,2087
2339,1971
2633,1870
2878,1785
3043,1736
3119,1717
3056,1746
2892,1807
2636,1905
2344,2024
2033,2145
1717,2236
1435,2320
1210,2380
1079,2408
1032,2416
1090,2395
1225,2344
1443,2277
1715,2194
2026,2084
2350,1969
2641,1870
2881,1790
3044,1739
3119,1721
3054,1742
2891,1812
2647,1894
2348,2023
2026,2142
1709,2231
1433,2308
1221,2363
1097,2400
1041,2405
1096,2380
1231,2327
1455,2258
1734,2174
2042,2067
2358,1948
2649,1839
2889,1756
3053,1701
3131,1688
3066,1713
2893,1769
2644,1872
2348,1993
2031,2108
1714,2209
1431,2289
1212,2351
1085,2384
1040,2389
1100,2365
1238,2319
1455,2257
1724,2173
2042,2059
2366,1939
2653,1834
2894,1752
3049,1698
3122,1685
3049,1707
2882,1772
2634,1876
2333,2001
2010,2125
1685,2220
1402,2297
1206,2362
1079,2396
1034,2404
1102,2380
1238,2333
1453,2265
1739,2188
2045,2077
2367,1963
2665,1857
2909,1778
3055,1725
3123,1713
3047,1743
2875,1806
2625,1910
2321,2035
2001,2150
1692,2245
1414,2321
1199,2375
1083,2410
1045,2408
1100,2382
1237,2336
1461,2265
1743,2191
2053,2082
2365,1963
2660,1863
2904,1781
3057,1734
3133,1722
3052,1742
2874,1805
2612,1909
2314,2035
1999,2155
1690,2240
1411,2317
1201,2373
1076,2402
1038,2401
1110,2375
1252,2324
1480,2254
1753,2168
2053,2056
2366,1940
2668,1835
2907,1749
3066,1704
3133,1689
3047,1713
2878,1780
2622,1878
2323,2008
1999,2114
1683,2220
1401,2294
1195,2350
1089,2389
1040,2390
1110,2363
1252,2311
1479,2245
1766,2160
2073,2053
2383,1933
2667,1829
2903,1748
3046,1697
3133,1677
3057,1703
2875,1777
2610,1882
2308,2014
1987,2127
1672,2223
1396,2304
1189,2368
1070,2399
1033,2401
1112,2376
1258,2321
1487,2265
1770,2178
2075,2068
2386,1952
2674,1855
2908,1776
3063,1729
3124,1716
3040,1744
2862,1809
2602,1914
2304,2049
1982,2162
1660,2253
1382,2333
1182,2384
1068,2412
1032,2407
1106,2382
1251,2333
1484,2263
1768,2178
2078,2073
2391,1955
2676,1859
2901,1773
3049,1731
3120,1721
3042,1747
2861,1813
2614,1916
2299,2034
1982,2157
1671,2246
1393,2328
1183,2381
1075,2407
1048,2403
1123,2368
1263,2317
1494,2246
1782,2160
2098,2046
2407,1929
2693,1827
2922,1747
3070,1698
3133,1689
3039,1718
2867,1786
2609,1881
2295,2008
1976,2125
1667,2220
1391,2300
1185,2358
1072,2386
1040,2385
1115,2362
1268,2315
1508,2241
1794,2152
2097,2035
2400,1919
2694,1826
2923,1747
3064,1697
3128,1686
3025,1716
2847,1787
2590,1891
2285,2017
1965,2133
1655,2228
1375,2311
1164,2370
1061,2405
1038,2403
1117,2373
1265,2323
1500,2251
1794,2166
2107,2058
2414,1944
2696,1841
2921,1770
3063,1727
3120,1715
3022,1740
2846,1824
2579,1929
2273,2052
1955,2167
1645,2254
1377,2335
1173,2384
1063,2413
1032,2412
1110,2379
1262,2322
1512,2255
1806,2167
2107,2061
2418,1945
2700,1847
2927,1769
3070,1729
3127,1722
3025,1752
2840,1825
2579,1928
2270,2050
1959,2165
1657,2255
1374,2332
1174,2383
1069,2407
1043,2404
1125,2368
1279,2311
1513,2240
1803,2149
2120,2031
2430,1918
2717,1817
2933,1747
3071,1701
3123,1692
3029,1719
2841,1794
2580,1898
2269,2024
1950,2138
1643,2226
1376,2302
1177,2360
1073,2386
1043,2390
1116,2361
1267,2304
1515,2233
1811,2142
2124,2029
2432,1918
2715,1815
2940,1735
3079,1694
3124,1686
3014,1722
2826,1793
2563,1895
2257,2021
1940,2142
1629,2235
1360,2314
1165,2368
1063,2396
1042,2400
1124,2369
1281,2318
1524,2250
1822,2161
2139,2044
2442,1927
2713,1835
2937,1764
3076,1727
3120,1716
3017,1752
2825,1828
2555,1936
2251,2064
1932,2176
1625,2262
1352,2334
1150,2387
1050,2413
1042,2421
1122,2376
1287,2321
1524,2250
1814,2165
2132,2052
2441,1937
2722,1838
2943,1762
3075,1728
3107,1725
3000,1761
2821,1836
2556,1937
2248,2071
1927,2174
1619,2261
1354,2334
1160,2386
1061,2409
1047,2399
1128,2365
1290,2311
1532,2236
1834,2146
2147,2024
2453,1911
2728,1812
2952,1737
3082,1696
3123,1687
3016,1724
2820,1802
2551,1905
2242,2031
1929,2136
1632,2230
1366,2311
1158,2361
1061,2388
1046,2385
1133,2352
1305,2299
1545,2225
1834,2135
2151,2017
2473,1899
2740,1800
2961,1736
3089,1693
3113,1690
3006,1721
2805,1798
2540,1908
2234,2036
1910,2152
1614,2241
1343,2315
1155,2373
1060,2398
1050,2396
1128,2373
1288,2314
1546,2237
1839,2150
2153,2038
2461,1929
2739,1828
2954,1761
3084,1726
3115,1717
3002,1756
2802,1838
2527,1951
2214,2074
1897,2185
1598,2271
1337,2345
1149,2394
1055,2414
1047,2406
1130,2372
1299,2319
1545,2249
1839,2157
2154,2031
2463,1921
2742,1831
2964,1761
3088,1725
3112,1726
2999,1761
2801,1837
2531,1947
2222,2076
1903,2181
1597,2262
1334,2341
1161,2384
1057,2401
1051,2397
1141,2366
1330,2303
1561,2231
1854,2139
2172,2017
2480,1901
2757,1803
2971,1736
3099,1693
3121,1689
2993,1730
2798,1810
2526,1916
2219,2043
1898,2152
1596,2239
1336,2311
1152,2366
1065,2392
1057,2378
1146,2345
1308,2287
1551,2222
1850,2136
2176,2015
2484,1899
2756,1799
2969,1727
3094,1693
3115,1687
2994,1727
2787,1807
2502,1918
2198,2045
1877,2159
1581,2251
1330,2324
1147,2375
1054,2398
1052,2393
1142,2361
1316,2304
1565,2235
1860,2144
2171,2031
2477,1918
2756,1825
2976,1757
3104,1714
3112,1723
2997,1762
2787,1840
2514,1947
2204,2079
1878,2190
1575,2281
1320,2347
1139,2397
1051,2411
1056,2403
1149,2372
1319,2314
1562,2235
1858,2154
2171,2033
2479,1920
2752,1828
2967,1761
3092,1726
3114,1725
2996,1763
2794,1849
2513,1965
2191,2089
1873,2188
1577,2273
1319,2345
1140,2393
1056,2410
1057,2395
1150,2359
1327,2301
1576,2226
1875,2132
2183,2015
2485,1901
2752,1800
2976,1730
3098,1694
3113,1695
2997,1735
2792,1814
2514,1922
2201,2052
1879,2161
1579,2246
1319,2323
1136,2368
1051,2387
1065,2378
1151,2343
1331,2289
1581,2215
1878,2127
2194,2006
2500,1891
2766,1797
2972,1734
3092,1693
3107,1686
2989,1726
2795,1814
2510,1930
2187,2058
1865,2162
1565,2257
1310,2321
1134,2379
1050,2400
1055,2395
1157,2356
1334,2298
1578,2230
1874,2144
2196,2028
2502,1913
2773,1818
2976,1750
3093,1718
3103,1719
2978,1765
2771,1847
2495,1962
2181,2092
1848,2196
1544,2287
1299,2359
1130,2400
1042,2415
1051,2417
1150,2370
1329,2313
1573,2236
1887,2138
2200,2026
2503,1911
2770,1824
2978,1758
3086,1727
3105,1727
2976,1771
2766,1851
2490,1966
2177,2089
1861,2193
1557,2282
1302,2351
1131,2394
1046,2410
1064,2398
1174,2358
1354,2293
1599,2210
1899,2120
2214,2002
2519,1887
2785,1795
2986,1724
3105,1691
3106,1692
2981,1735
2772,1819
2494,1935
2180,2064
1855,2165
1554,2253
1300,2321
1135,2371
1052,2392
1062,2377
1158,2342
1349,2272
1603,2202
1905,2112
2223,1995
2518,1893
2768,1794
2987,1723
3101,1688
3099,1690
2969,1736
2756,1815
2475,1935
2164,2065
1844,2161
1545,2261
1296,2338
1120,2387
1034,2402
1051,2390
1164,2356
1346,2297
1604,2227
1906,2131
2219,2013
2525,1899
2790,1809
2992,1747
3094,1717
3089,1724
2963,1769
2755,1852
2472,1971
2152,2099
1832,2206
1534,2289
1286,2356
1122,2397
1037,2415
1059,2401
1160,2366
1344,2300
1606,2223
1918,2124
2234,2014
2526,1908
2791,1817
2993,1756
3105,1724
3097,1733
2967,1778
2747,1862
2463,1975
2150,2100
1829,2201
1538,2290
1298,2357
1122,2398
1051,2409
1067,2395
1174,2352
1364,2288
1623,2214
1926,2110
2239,1993
2539,1881
2794,1786
2985,1722
3101,1698
3104,1700
2969,1742
2746,1824
2465,1939
2152,2069
1831,2174
1531,2258
1285,2326
1123,2372
1046,2390
1064,2377
1180,2342
1373,2279
1628,2198
1930,2106
2245,1986
2542,1875
2808,1783
2993,1719
3099,1688
3092,1697
2953,1742
2732,1835
2457,1957
2150,2067
1817,2168
1518,2263
1273,2337
1111,2383
1042,2402
1065,2392
1173,2351
1369,2289
1627,2219
1938,2120
2254,2003
2554,1892
2814,1802
3003,1743
3102,1713
3089,1729
2951,1772
2731,1866
2444,1980
2127,2105
1811,2206
1516,2293
1272,2363
1109,2407
1028,2420
1052,2402
1168,2355
1368,2292
1632,2221
1934,2122
2249,2003
2552,1897
2813,1805
3007,1746
3107,1720
3086,1736
2939,1785
2716,1872
2442,1986
2128,2108
1808,2211
1514,2291
1270,2355
1113,2398
1043,2409
1071,2389
1180,2352
1374,2285
1636,2207
1948,2098
2269,1978
2564,1875
2823,1784
3012,1716
3111,1688
3091,1696
2952,1749
2722,1839
2440,1952
2119,2079
1810,2177
1519,2262
1287,2330
1127,2375
1045,2389
1073,2375
1186,2336
1382,2274
1646,2192
1955,2096
2269,1973
2567,1866
2827,1772
3017,1704
3114,1688
3086,1700
2939,1749
2711,1836
2423,1953
2112,2083
1793,2186
1499,2264
1261,2338
1110,2386
1044,2397
1060,2387
1169,2350
1383,2289
1653,2216
1957,2112
2275,1992
2572,1890
2832,1798
3015,1742
3111,1718
3080,1729
2934,1779
2703,1873
2408,1994
2100,2125
1782,2221
1493,2296
1254,2366
1098,2408
1040,2409
1071,2402
1184,2356
1386,2286
1648,2208
1956,2114
2276,1996
2587,1891
2843,1795
3018,1739
3112,1721
3080,1742
2938,1786
2705,1877
2413,1997
2095,2119
1778,2214
1488,2301
1260,2364
1115,2402
1055,2407
1078,2386
1194,2343
1403,2281
1669,2201
1974,2096
2286,1977
2584,1867
2842,1777
3028,1716
3123,1690
3087,1704
2936,1759
2700,1850
2413,1967
2097,2087
1778,2187
1489,2271
1254,2338
1107,2380
1046,2389
1084,2375
1205,2331
1403,2272
1667,2196
1965,2090
2287,1971
2590,1854
2842,1772
3024,1713
3114,1688
3079,1701
2928,1752
2695,1846
2401,1966
2082,2095
1760,2196
1471,2276
1243,2341
1103,2389
1040,2400
1081,2385
1200,2345
1405,2283
1675,2200
1982,2103
2295,1984
2591,1882
2842,1795
3027,1732
3122,1708
3089,1728
2926,1784
2689,1888
2394,2003
2078,2124
1761,2225
1471,2311
1239,2369
1088,2414
1033,2416
1079,2393
1207,2347
1419,2286
1680,2205
1980,2107
2299,1987
2594,1880
2845,1798
3030,1742
3115,1721
3073,1735
2924,1793
2687,1886
2398,2006
2075,2137
1749,2230
1463,2308
1239,2369
1096,2407
1040,2411
1083,2388
1212,2343
1417,2275
1689,2191
1998,2088
2308,1970
2607,1863
2859,1777
3035,1710
3121,1690
3073,1704
2919,1763
2685,1858
2389,1977
2070,2099
1754,2193
1465,2278
1239,2344
1102,2380
1056,2388
1091,2365
1211,2329
1423,2267
1701,2187
2006,2076
2322,1956
2616,1853
2861,1766
3035,1711
3124,1691
3074,1702
2919,1757
2674,1850
2371,1979
2057,2103
1740,2198
1454,2284
1229,2348
1092,2389
1036,2401
1086,2383
1214,2339
1430,2275
1701,2195
1999,2094
2316,1974
2620,1873
2868,1783
3035,1735
3118,1716
3063,1735
2903,1796
2663,1890
2368,2017
2049,2142
1736,2238
1435,2321
1208,2378
1081,2400
1035,2415
1084,2393
1211,2346
1424,2283
1702,2199
2009,2097
2328,1979
2624,1875
2864,1788
3032,1732
3115,1715
3067,1738
2904,1796
2661,1898
2365,2019
2044,2138
1729,2225
1446,2309
1223,2371
1088,2402
1036,2408
1085,2382
1228,2327
1455,2266
1727,2184
2023,2077
2340,1956
2632,1847
2879,1763
3048,1707
3126,1687
3066,1711
2903,1765
2659,1863
2368,1984
2052,2109
1734,2205
1443,2287
1227,2349
1093,2381
1041,2388
1100,2367
1227,2317
1445,2252
1723,2176
2032,2068
2346,1946
2637,1846
2870,1766
3033,1707
3118,1683
3058,1703
2899,1765
2647,1864
2349,1989
2030,2110
1714,2207
1434,2292
1217,2361
1076,2392
1038,2401
1099,2376
1230,2331
1447,2269
1726,2187
2038,2080
2346,1967
2642,1860
2880,1783
3041,1731
3121,1715
3060,1738
2901,1799
2651,1894
2345,2023
2020,2144
1708,2238
1425,2318
1203,2380
1075,2410
1020,2411
1091,2388
1228,2340
1452,2273
1738,2193
2052,2082
2351,1965
2643,1866
2881,1789
3046,1738
3123,1721
3052,1743
2886,1805
2642,1910
2344,2028
2025,2145
1710,2235
1423,2318
1198,2372
1080,2406
1035,2411
1101,2387
1242,2332
1463,2262
1748,2178
2054,2068
2363,1947
2656,1840
2893,1758
3042,1706
3112,1692
3047,1710
2890,1773
2643,1875
2341,1997
2017,2118
1709,2206
1426,2288
1209,2351
1084,2384
1037,2389
1094,2370
1235,2310
1460,2243
1752,2161
2059,2054
2369,1939
2660,1832
2897,1750
3053,1705
3121,1689
3041,1709
2872,1780
2623,1869
2326,1989
2015,2115
1708,2214
1419,2299
1199,2357
1078,2390
1031,2397
1098,2374
1239,2326
1463,2264
1750,2177
2060,2070
2372,1952
2668,1855
2913,1775
3058,1730
3122,1716
3044,1739
2872,1811
2622,1909
2318,2034
1999,2155
1687,2248
1411,2322
1200,2383
1078,2413
1028,2418
1087,2394
1228,2335
1462,2271
1748,2185
2065,2078
2373,1958
2662,1860
2901,1778
3057,1730
3132,1722
3048,1746
2865,1817
2606,1915
2304,2039
1997,2156
1690,2243
1412,2323
1198,2380
1076,2407
1036,2409
1107,2379
1247,2326
1477,2256
1767,2170
2086,2060
2391,1935
2674,1830
2911,1755
3064,1702
3132,1689
3048,1711
2870,1781
2612,1880
2313,2008
1993,2126
1688,2202
1422,2293
1202,2346
1081,2377
1041,2387
1109,2362
1255,2311
1485,2240
1763,2157
2078,2047
2390,1930
2689,1828
2904,1748
3073,1695
3122,1684
3033,1716
2861,1784
2604,1881
2304,2005
1978,2128
1666,2222
1395,2304
1189,2361
1075,2390
1040,2394
1107,2371
1244,2321
1469,2260
1764,2179
2085,2066
2395,1951
2677,1843
2914,1771
3061,1727
3130,1717
3036,1743
2854,1817
2595,1924
2290,2039
1967,2154
1663,2249
1386,2334
1179,2387
1066,2416
1033,2414
1106,2384
1257,2331
1485,2266
1772,2182
2082,2070
2394,1946
2685,1847
2930,1773
3074,1732
3126,1722
3034,1749
2853,1818
2597,1925
2291,2046
1967,2163
1655,2252
1384,2327
1179,2382
1074,2406
1050,2407
1124,2375
1267,2322
1500,2253
1784,2163
2101,2051
2410,1928
2689,1828
2923,1748
3068,1700
3132,1689
3041,1715
2858,1789
2594,1897
2282,2014
1967,2130
1662,2222
1388,2302
1182,2354
1070,2383
1042,2386
1121,2361
1276,2309
1509,2237
1795,2151
2101,2042
2402,1924
2694,1821
2925,1741
3070,1696
3124,1688
3025,1715
2844,1785
2585,1892
2280,2020
1956,2134
1641,2231
1371,2297
1171,2357
1065,2390
1038,2394
1115,2367
1270,2318
1509,2248
1797,2161
2111,2036
2419,1938
2704,1841
2930,1765
3082,1719
3137,1711
3025,1738
2834,1819
2574,1929
2269,2052
1948,2164
1634,2256
1369,2332
1170,2387
1061,2418
1038,2413
1119,2381
1270,2323
1502,2251
1794,2173
2113,2062
2424,1942
2708,1842
2931,1760
3076,1729
3126,1719
3024,1753
2837,1823
2573,1931
2261,2053
1931,2167
1627,2264
1367,2339
1173,2388
1067,2410
1045,2406
1123,2375
1284,2321
1523,2243
1809,2157
2126,2037
2432,1919
2708,1822
2938,1747
3084,1701
3128,1687
3023,1722
2832,1793
2568,1899
2261,2025
1942,2141
1635,2230
1368,2307
1172,2360
1066,2384
1053,2386
1143,2351
1291,2302
1526,2223
1817,2137
2132,2027
2442,1914
2722,1815
2943,1737
3081,1695
3122,1686
3022,1715
2831,1791
2570,1901
2254,2028
1926,2144
1619,2231
1358,2319
1165,2365
1060,2394
1043,2392
1126,2362
1286,2309
1533,2242
1822,2154
2133,2050
2440,1934
2721,1833
2948,1762
3081,1722
3122,1715
3013,1750
2819,1826
2550,1936
2236,2064
1919,2176
1614,2268
1348,2347
1145,2398
1041,2418
1036,2409
1126,2376
1286,2322
1530,2245
1825,2164
2138,2050
2445,1931
2724,1841
2945,1767
3078,1731
3115,1722
3007,1754
2828,1834
2549,1941
2238,2068
1918,2178
1607,2259
1349,2340
1157,2395
1057,2414
1051,2402
1142,2370
1318,2313
1556,2234
1838,2140
2150,2028
2460,1912
2737,1813
2952,1741
3086,1697
3123,1688
3011,1727
2819,1798
2548,1910
2244,2035
1919,2146
1604,2237
1347,2313
1155,2365
1062,2389
1050,2386
1139,2346
1306,2299
1555,2222
1850,2130
2162,2014
2467,1898
2733,1804
2940,1739
3082,1707
3115,1697
3004,1723
2805,1802
2534,1912
2225,2041
1907,2138
1600,2240
1336,2309
1149,2370
1048,2395
1036,2397
1131,2365
1307,2308
1556,2234
1847,2144
2163,2023
2471,1922
2743,1825
2958,1754
3088,1723
3110,1718
2991,1757
2801,1833
2535,1938
2226,2073
1894,2185
1589,2270
1328,2350
1143,2398
1051,2413
1042,2410
1131,2374
1304,2319
1551,2240
1854,2150
2176,2033
2483,1926
2749,1830
2959,1759
3080,1724
3115,1722
2995,1765
2793,1846
2520,1954
2212,2077
1892,2182
1592,2272
1332,2346
1148,2396
1047,2415
1049,2404
1148,2367
1318,2308
1569,2235
1862,2140
2171,2018
2487,1903
2763,1801
2972,1734
3094,1698
3106,1697
2980,1735
2786,1807
2521,1918
2212,2053
1893,2159
1587,2245
1324,2316
1150,2368
1063,2387
1059,2380
1144,2344
1318,2292
1561,2223
1871,2120
2190,1993
2495,1897
2767,1797
2970,1729
3091,1692
3111,1690
2989,1732
2784,1811
2504,1927
2190,2052
1884,2154
1585,2237
1334,2319
1144,2375
1054,2392
1056,2391
1147,2357
1323,2293
1574,2227
1874,2135
2190,2025
2501,1910
2778,1815
2969,1750
3093,1715
3105,1721
2988,1763
2774,1846
2498,1959
2186,2083
1864,2194
1568,2281
1310,2347
1136,2399
1044,2415
1039,2406
1139,2372
1326,2316
1579,2235
1874,2143
2188,2034
2499,1919
2766,1825
2976,1755
3097,1722
3105,1726
2978,1769
2766,1850
2488,1970
2182,2090
1863,2194
1565,2280
1304,2348
1138,2397
1056,2414
1061,2404
1168,2367
1337,2301
1585,2226
1887,2128
2211,2011
2513,1898
2780,1790
2983,1730
3097,1695
3109,1691
2989,1734
2772,1821
2503,1933
2183,2061
1847,2164
1566,2247
1312,2327
1149,2373
1065,2386
1062,2378
1156,2366
1346,2282
1596,2212
1895,2118
2209,1991
2512,1874
2778,1786
2985,1723
3104,1689
3111,1699
2969,1738
2758,1817
2484,1933
2165,2049
1853,2164
1551,2255
1296,2330
1127,2381
1045,2393
1057,2386
1163,2353
1355,2298
1588,2228
1883,2129
2213,2012
2520,1901
2787,1812
2983,1746
3096,1719
3098,1730
2973,1766
2757,1850
2479,1965
2162,2086
1837,2197
1542,2281
1292,2355
1121,2402
1042,2418
1053,2404
1161,2361
1344,2305
1603,2228
1900,2136
2215,2018
2514,1907
2783,1814
2990,1747
3116,1716
3106,1727
2966,1775
2754,1860
2478,1988
2162,2097
1842,2203
1543,2285
1287,2352
1123,2401
1058,2422
1064,2397
1163,2355
1353,2295
1616,2221
1916,2122
2235,2006
2534,1881
2798,1791
2998,1726
3107,1693
3100,1693
2969,1739
2739,1828
2458,1944
2155,2069
1841,2169
1544,2255
1302,2327
1129,2374
1053,2385
1069,2380
1170,2342
1362,2278
1618,2206
1913,2100
2231,1985
2539,1882
2806,1785
3002,1719
3106,1685
3093,1696
2962,1742
2741,1827
2461,1939
2140,2064
1821,2174
1525,2261
1276,2336
1130,2381
1056,2388
1064,2380
1165,2346
1367,2290
1617,2213
1923,2120
2244,2008
2541,1896
2803,1806
3002,1744
3110,1710
3103,1725
2970,1774
2735,1855
2450,1981
2135,2104
1814,2206
1520,2292
1277,2359
1114,2400
1045,2415
1064,2402
1169,2362
1366,2301
1623,2225
1917,2128
2238,2021
2544,1903
2807,1806
2997,1752
3104,1717
3093,1730
2958,1778
2734,1869
2449,1986
2137,2114
1808,2207
1505,2301
1270,2361
1118,2406
1048,2414
1072,2399
1175,2357
1375,2293
1636,2213
1943,2114
2251,1993
2551,1883
2810,1790
3007,1720
3110,1690
3094,1700
2958,1749
2729,1835
2449,1957
2136,2074
1815,2179
1518,2265
1277,2325
1115,2376
1047,2386
1072,2370
1192,2334
1391,2269
1644,2196
1944,2098
2258,1977
2558,1867
2819,1785
3009,1716
3114,1693
3087,1699
2949,1747
2722,1832
2440,1946
2134,2077
1808,2180
1505,2270
1265,2336
1109,2378
1044,2394
1071,2384
1177,2340
1384,2281
1649,2208
1946,2111
2248,1992
2555,1887
2821,1803
3009,1740
3110,1712
3084,1726
2943,1773
2719,1868
2436,1981
2116,2114
1800,2212
1493,2299
1251,2368
1099,2408
1033,2422
1067,2401
1181,2349
1377,2293
1647,2213
1951,2118
2265,1997
2565,1891
2819,1806
3004,1746
3105,1729
3086,1732
2953,1780
2716,1870
2426,1988
2110,2115
1793,2216
1500,2300
1267,2368
1107,2405
1038,2415
1070,2397
1192,2351
1397,2288
1675,2205
1972,2099
2277,1983
2578,1875
2834,1785
3019,1716
3114,1688
3082,1702
2940,1755
2715,1845
2427,1959
2128,2084
1801,2190
1500,2273
1260,2335
1110,2376
1048,2390
1078,2372
1188,2329
1391,2267
1664,2190
1972,2085
2284,1951
2588,1857
2841,1777
3010,1723
3107,1687
3077,1697
2932,1752
2703,1843
2406,1958
2100,2088
1779,2184
1487,2269
1256,2345
1101,2384
1038,2402
1067,2382
1187,2333
1389,2276
1665,2203
1975,2104
2287,1989
2585,1875
2839,1793
3022,1735
3113,1713
3073,1726
2926,1781
2689,1872
2400,1990
2098,2123
1783,2220
1479,2301
1245,2370
1101,2396
1038,2420
1072,2399
1187,2355
1390,2284
1656,2210
1967,2109
2290,2024
2595,1887
2850,1802
3023,1743
3111,1721
3078,1732
2926,1789
2694,1884
2401,2001
2088,2128
1772,2223
1485,2306
1258,2367
1108,2407
1040,2415
1081,2397
1201,2347
1402,2281
1674,2202
1983,2096
2295,1978
2602,1869
2854,1775
3029,1718
3110,1691
3072,1708
2923,1767
2697,1855
2405,1969
2084,2092
1766,2190
1481,2275
1249,2338
1109,2376
1044,2389
1080,2370
1203,2332
1410,2263
1693,2188
1999,2078
2302,1963
2601,1855
2853,1765
3031,1707
3120,1686
3073,1702
2922,1755
2679,1849
2391,1970
2070,2096
1765,2193
1481,2276
1238,2334
1095,2384
1038,2392
1082,2376
1205,2331
1413,2269
1682,2196
1993,2098
2309,1980
2598,1871
2858,1786
3029,1731
3114,1712
3071,1731
2915,1786
2680,1883
2381,2004
2065,2136
1750,2226
1462,2309
1230,2374
1096,2408
1039,2417
1076,2405
1194,2356
1403,2280
1689,2203
1994,2101
2309,1986
2605,1879
2851,1793
3027,1739
3115,1719
3069,1740
2918,1797
2673,1893
2375,2009
2056,2133
1748,2229
1461,2311
1233,2375
1091,2408
1037,2416
1089,2394
1217,2344
1425,2278
1703,2196
2003,2089
2318,1964
2619,1853
2872,1770
3038,1715
3117,1692
3071,1708
2911,1767
2677,1857
2384,1981
2063,2101
1746,2199
1460,2279
1233,2339
1101,2385
1057,2388
1096,2370
1217,2323
1430,2258
1706,2175
2013,2068
2328,1950
2622,1845
2869,1760
3039,1708
3124,1692
3067,1706
2906,1771
2658,1866
2365,1979
2050,2102
1737,2203
1451,2281
1224,2345
1084,2383
1035,2390
1084,2373
1209,2330
1423,2267
1698,2193
2017,2090
2337,1970
2627,1863
2870,1779
3036,1733
3121,1713
3062,1730
2896,1795
2652,1892
2358,2015
2041,2143
1715,2239
1450,2312
1221,2374
1085,2409
1035,2415
1085,2394
1216,2346
1431,2277
1709,2201
2015,2091
2332,1973
2624,1875
2877,1790
3055,1734
3130,1711
3057,1734
2896,1797
2652,1896
2355,2020
2037,2141
1723,2234
1443,2316
1222,2378
1086,2410
1043,2414
1099,2388
1228,2337
1444,2268
1718,2190
2031,2081
2345,1959
2640,1853
2882,1765
3050,1711
3127,1691
3061,1710
2902,1773
2651,1875
2348,2001
2019,2116
1716,2208
1444,2285
1225,2348
1090,2382
1042,2387
1099,2358
1233,2317
1451,2250
1725,2167
2036,2061
2347,1945
2637,1833
2881,1756
3053,1700
3126,1688
3057,1707
2889,1770
2640,1868
2343,1990
2022,2111
1707,2206
1428,2289
1202,2349
1082,2378
1044,2384
1107,2370
1235,2326
1454,2262
1729,2181
2041,2072
2353,1960
2642,1859
2889,1776
3050,1725
3119,1709
3055,1728
2895,1791
2646,1901
2336,2023
2011,2144
1698,2240
1418,2321
1203,2381
1076,2414
1033,2414
1094,2390
1235,2343
1456,2274
1739,2189
2045,2082
2347,1965
2643,1863
2888,1787
3049,1731
3124,1720
3051,1738
2882,1809
2633,1907
2336,2027
2013,2149
1700,2249
1416,2330
1188,2384
1069,2412
1036,2417
1104,2388
1244,2333
1471,2265
1749,2180
2059,2068
2372,1948
2655,1843
2898,1762
3065,1711
3137,1690
3053,1711
2883,1777
2626,1874
2329,2002
2012,2121
1697,2213
1416,2295
1202,2354
1078,2387
1038,2390
1117,2368
1264,2308
1478,2240
1756,2156
2066,2051
2381,1958
2668,1836
2902,1755
3058,1699
3125,1688
3041,1712
2872,1776
2626,1876
2323,1996
1991,2115
1682,2214
1402,2303
1199,2354
1073,2388
1032,2392
1099,2368
1246,2319
1474,2253
1761,2171
2075,2061
2381,1948
2660,1849
2896,1775
3057,1730
3124,1709
3038,1735
2860,1807
2582,1909
2310,2036
1992,2157
1676,2253
1404,2327
1184,2389
1059,2418
1018,2415
1099,2387
1245,2337
1474,2266
1758,2181
2070,2072
2386,1956
2671,1855
2902,1780
3059,1734
3120,1721
3034,1745
2866,1809
2613,1917
2308,2042
1989,2162
1674,2255
1399,2324
1191,2385
1074,2406
1037,2421
1110,2384
1265,2332
1480,2257
1776,2169
2100,2057
2405,1942
2681,1839
2909,1757
3069,1709
3130,1696
3041,1721
2862,1785
2605,1889
2304,2011
1987,2128
1680,2221
1410,2302
1202,2360
1075,2384
1042,2387
1116,2359
1264,2306
1495,2241
1773,2154
2091,2042
2406,1927
2691,1820
2926,1745
3067,1704
3121,1697
3018,1723
2851,1783
2593,1888
2291,2012
1966,2128
1658,2219
1390,2301
1187,2368
1073,2393
1031,2385
1116,2366
1270,2318
1496,2247
1782,2164
2094,2057
2404,1937
2693,1843
2921,1770
3070,1722
3128,1714
3028,1748
2844,1813
2588,1924
2297,2046
1969,2156
1647,2248
1377,2330
1177,2387
1065,2413
1036,2412
1113,2382
1266,2327
1498,2261
1785,2174
2102,2064
2417,1943
2679,1844
2923,1770
3064,1728
3120,1723
3030,1750
2845,1819
2582,1929
2278,2052
1958,2168
1649,2261
1377,2336
1177,2388
1065,2413
1030,2427
1118,2385
1276,2328
1511,2256
1802,2164
2113,2053
2420,1933
2707,1829
2931,1749
3076,1705
3128,1694
3021,1725
2831,1794
2579,1897
2275,2022
1956,2137
1646,2229
1374,2307
1174,2362
1068,2388
1046,2389
1126,2356
1284,2305
1515,2232
1808,2141
2129,2025
2435,1917
2712,1815
2933,1738
3074,1698
3127,1692
3024,1718
2841,1794
2571,1899
2261,2025
1939,2136
1636,2221
1374,2305
1181,2359
1064,2392
1037,2388
1121,2358
1280,2306
1518,2237
1813,2153
2122,2040
2431,1929
2711,1830
2939,1756
3081,1719
3133,1715
3012,1748
2826,1820
2565,1930
2256,2054
1936,2169
1631,2261
1357,2338
1164,2393
1059,2413
1029,2407
1120,2386
1279,2331
1505,2258
1802,2163
2122,2052
2432,1935
2714,1839
2934,1772
3074,1723
3121,1723
3013,1756
2825,1831
2565,1939
2249,2070
1919,2174
1615,2264
1358,2337
1171,2391
1063,2415
1045,2421
1126,2373
1290,2321
1531,2251
1820,2156
2141,2040
2457,1926
2743,1818
2952,1739
3083,1703
3122,1695
3018,1729
2822,1800
2553,1907
2252,2035
1929,2144
1624,2234
1363,2312
1172,2361
1078,2382
1056,2377
1130,2350
1296,2298
1538,2228
1828,2140
2146,2022
2454,1904
2732,1811
2954,1739
3088,1694
3126,1688
3007,1723
2803,1798
2534,1912
2238,2040
1919,2144
1612,2233
1348,2310
1156,2363
1062,2390
1046,2387
1133,2354
1302,2301
1539,2235
1817,2148
2131,2035
2453,1928
2733,1826
2952,1752
3083,1715
3116,1714
3007,1748
2805,1827
2539,1939
2228,2072
1905,2182
1597,2270
1341,2336
1160,2391
1056,2416
1046,2409
1128,2374
1296,2317
1539,2249
1830,2158
2145,2049
2451,1935
2728,1836
2952,1761
3088,1720
3133,1722
3016,1757
2807,1837
2537,1950
2228,2072
1907,2184
1599,2273
1333,2347
1153,2396
1060,2415
1053,2407
1141,2372
1317,2319
1550,2247
1844,2149
2158,2033
2458,1917
2741,1820
2962,1740
3089,1702
3120,1698
3012,1731
2810,1808
2543,1917
2231,2047
1901,2158
1586,2241
1335,2319
1155,2368
1061,2389
1043,2383
1143,2349
1318,2292
1559,2219
1856,2128
2169,2016
2472,1906
2743,1810
2950,1733
3084,1695
3114,1694
3003,1727
2800,1809
2525,1919
2218,2043
1895,2153
1592,2243
1329,2324
1138,2371
1046,2392
1062,2386
1143,2350
1311,2298
1561,2228
1856,2139
2173,2024
2477,1912
2751,1818
2963,1753
3086,1714
3115,1720
3003,1749
2806,1832
2518,1938
2208,2073
1886,2184
1580,2268
1323,2347
1139,2406
1047,2416
1046,2407
1139,2378
1317,2317
1566,2240
1853,2149
2160,2035
2479,1921
2754,1830
2964,1757
3090,1725
3106,1724
2989,1765
2788,1841
2513,1955
2210,2081
1884,2192
1573,2279
1308,2350
1132,2405
1055,2419
1049,2408
1145,2370
1321,2312
1573,2238
1872,2142
2188,2025
2493,1907
2763,1812
2968,1725
3089,1704
3115,1701
2998,1733
2787,1817
2512,1925
2202,2055
1883,2159
1581,2250
1326,2320
1141,2370
1055,2391
1055,2381
1150,2340
1335,2278
1597,2215
1882,2117
2192,2004
2501,1891
2770,1791
2978,1727
3095,1694
3104,1693
2987,1735
2768,1812
2501,1919
2195,2053
1879,2160
1560,2248
1312,2322
1137,2368
1052,2393
1058,2383
1151,2345
1329,2292
1578,2217
1876,2127
2199,2014
2509,1898
2769,1818
2971,1750
3085,1707
3103,1712
2983,1758
2765,1843
2491,1956
2179,2084
1860,2193
1560,2282
1309,2356
1135,2394
1044,2421
1044,2409
1134,2370
1326,2313
1582,2230
1875,2140
2194,2023
2501,1912
2771,1819
2984,1752
3093,1721
3102,1726
2978,1770
2762,1845