2048,2086
1775,2226
2100,2134
2411,2035
2694,1934
2927,1851
3077,1790
3140,1756
3042,1750
2866,1789
2604,1860
2306,1964
1990,2080
1677,2189
1402,2292
1190,2370
1076,2414
1043,2439
1115,2421
1252,2377
1492,2307
1768,2221
2085,2113
2396,2005
2688,1905
2919,1819
3071,1759
3139,1724
3059,1724
2887,1762
2632,1835
2328,1937
2005,2054
1699,2171
1423,2272
1218,2352
1090,2410
1056,2427
1111,2412
1246,2370
1480,2305
1754,2221
2064,2122
2377,2017
2662,1919
2902,1834
3057,1768
3137,1736
3063,1714
2903,1771
2645,1838
2349,1940
2034,2052
1718,2176
1435,2280
1210,2370
1071,2421
1038,2445
1098,2435
1233,2398
1449,2340
1714,2257
2015,2155
2343,2044
2640,1949
2883,1867
3050,1802
3127,1777
3065,1763
2908,1786
2665,1851
2367,1955
2045,2065
1724,2177
1436,2285
1215,2355
1089,2419
1033,2442
1082,2437
1204,2396
1424,2333
1699,2254
2008,2157
2312,2055
2628,1952
2859,1865
3043,1791
3128,1744
3070,1750
2913,1767
2679,1829
2380,1919
2065,2033
1754,2150
1466,2255
1227,2338
1098,2392
1049,2418
1093,2407
1210,2370
1407,2312
1686,2234
1996,2140
2312,2034
2597,1927
2852,1843
3031,1772
3131,1727
3085,1716
2938,1737
2706,1794
2398,1895
2096,2006
1778,2124
1492,2231
1255,2316
1107,2383
1043,2410
1080,2408
1198,2379
1397,2318
1662,2241
1962,2149
2271,2046
2572,1947
2841,1858
3027,1781
3117,1743
3096,1723
2945,1747
2715,1805
2426,1892
2116,2010
1795,2129
1497,2240
1246,2337
1093,2401
1040,2432
1068,2434
1176,2402
1376,2353
1636,2267
1941,2179
2252,2077
2548,1970
2819,1889
3007,1812
3114,1762
3100,1747
2966,1762
2731,1821
2445,1911
2119,2023
1809,2145
1517,2248
1262,2340
1104,2402
1035,2438
1052,2438
1149,2405
1359,2346
1629,2271
1921,2179
2215,2078
2525,1967
2795,1881
2994,1807
3101,1751
3092,1733
2967,1750
2754,1800
2468,1881
2162,1991
1845,2109
1536,2221
1282,2311
1119,2383
1046,2415
1058,2417
1157,2390
1345,2328
1596,2253
1898,2162
2215,2050
2512,1954
2787,1859
2981,1787
3088,1730
3103,1702
2982,1720
2773,1769
2488,1852
2184,1969
1861,2082
1563,2201
1308,2297
1120,2371
1051,2412
1049,2420
1127,2391
1325,2330
1580,2257
1878,2166
2192,2067
2484,1963
2767,1868
2974,1794
3090,1741
3105,1720
2995,1738
2798,1779
2523,1859
2198,1966
1876,2090
1574,2206
1320,2307
1135,2374
1041,2421
1041,2434
1138,2411
1304,2366
1556,2293
1862,2202
2181,2087
2477,1989
2742,1900
2960,1825
3088,1771
3108,1744
2998,1755
2798,1799
2536,1879
2223,1990
1900,2096
1604,2214
1335,2312
1146,2377
1041,2426
1030,2434
1121,2416
1289,2367
1531,2292
1822,2205
2122,2104
2446,2001
2722,1907
2943,1823
3074,1767
3098,1742
2997,1748
2815,1787
2553,1858
2244,1954
1924,2074
1615,2187
1338,2284
1157,2356
1054,2403
1033,2414
1115,2431
1265,2355
1503,2280
1805,2189
2129,2088
2434,1978
2712,1876
2932,1794
3081,1737
3123,1704
3022,1709
2831,1751
2568,1831
2274,1934
1947,2047
1639,2164
1376,2270
1168,2348
1069,2396
1036,2409
1118,2397
1265,2349
1498,2281
1784,2197
2101,2095
2405,1980
2697,1882
2941,1804
3075,1751
3120,1716
3025,1720
2845,1756
2579,1831
2283,1933
1962,2054
1650,2171
1367,2274
1177,2354
1080,2408
1036,2426
1109,2421
1244,2378
1475,2313
1761,2226
2077,2124
2387,2022
2670,1921
2905,1832
3048,1775
3130,1738
3042,1737
2864,1778
2606,1855
2287,1951
1979,2069
1674,2183
1387,2282
1187,2365
1062,2413
1021,2434
1095,2422
1232,2379
1455,2308
1730,2230
2035,2138
2345,2029
2637,1922
2887,1837
3048,1769
3118,1734
3047,1738
2875,1761
2622,1831
2325,1923
2000,2039
1690,2158
1411,2265
1205,2339
1074,2391
1028,2415
1091,2404
1224,2360
1444,2295
1722,2208
2029,2109
2340,2002
2644,1901
2878,1814
3056,1747
3136,1706
3060,1698
2891,1733
2637,1802
2353,1904
2031,2017
1720,2134
1430,2240
1213,2323
1078,2379
1038,2401
1086,2390
1229,2361
1427,2292
1701,2210
2009,2118
2322,2014
2612,1910
2862,1826
3031,1765
3119,1724
3074,1719
2907,1745
2668,1803
2374,1903
2043,2017
1727,2141
1448,2258
1221,2340
1082,2400
1028,2424
1069,2418
1199,2386
1406,2318
1680,2244
1992,2150
2293,2048
2576,1957
2828,1861
3012,1791
3111,1754
3071,1747
2919,1771
2689,1829
2392,1924
2076,2031
1755,2149
1463,2258
1226,2347
1072,2404
1012,2428
1060,2424
1180,2392
1385,2330
1649,2253
1959,2161
2271,2054
2566,1953
2823,1860
3001,1796
3098,1740
3077,1720
2933,1741
2712,1799
2423,1895
2101,2015
1782,2125
1488,2233
1248,2319
1093,2380
1030,2407
1059,2407
1176,2373
1372,2311
1644,2229
1951,2130
2271,2033
2575,1935
2813,1838
3007,1770
3101,1719
3085,1702
2944,1724
2716,1779
2438,1871
2131,1978
1809,2100
1530,2213
1272,2307
1109,2369
1036,2402
1052,2400
1166,2373
1360,2317
1618,2240
1903,2146
2238,2042
2536,1939
2803,1845
2985,1778
3095,1732
3090,1713
2955,1732
2734,1780
2452,1875
2143,1983
1823,2107
1532,2228
1276,2315
1106,2383
1028,2418
1040,2425
1143,2401
1337,2346
1594,2268
1898,2177
2211,2076
2512,1973
2782,1877
2966,1810
3089,1754
3089,1736
2962,1751
2755,1803
2475,1889
2171,1994
1847,2108
1533,2216
1290,2315
1116,2386
1034,2425
1041,2437
1134,2402
1315,2353
1564,2279
1862,2191
2189,2086
2503,1975
2764,1881
2964,1807
3083,1753
3098,1732
2989,1739
2778,1785
2493,1863
2184,1973
1871,2088
1561,2200
1314,2291
1131,2356
1042,2393
1043,2403
1128,2379
1302,2331
1552,2259
1847,2169
2164,2067
2472,1964
2750,1868
2947,1785
3090,1727
3109,1708
2981,1716
2778,1759
2517,1836
2211,1945
1895,2065
1593,2176
1331,2276
1146,2346
1054,2391
1040,2403
1130,2379
1293,2335
1529,2262
1815,2174
2135,2063
2449,1967
2732,1875
2946,1791
3080,1738
3115,1716
3003,1720
2806,1771
2537,1845
2229,1953
1904,2074
1601,2179
1343,2282
1160,2368
1053,2410
1029,2426
1113,2405
1274,2359
1514,2290
1803,2197
2113,2102
2421,1999
2701,1900
2928,1817
3079,1762
3132,1736
3014,1744
2823,1786
2555,1861
2259,1965
1936,2083
1622,2198
1351,2294
1152,2371
1049,2413
1029,2425
1109,2411
1269,2364
1490,2295
1775,2208
2085,2109
2399,2010
2685,1908
2907,1827
3061,1766
3121,1732
3021,1730
2842,1768
2565,1844
2269,1955
1952,2069
1647,2174
1372,2273
1168,2348
1052,2393
1022,2411
1105,2394
1254,2347
1483,2282
1764,2195
2067,2098
2378,1991
2677,1888
2901,1798
3051,1734
3116,1702
3031,1703
2854,1742
2606,1812
2304,1918
1981,2036
1672,2152
1394,2258
1193,2341
1075,2386
1029,2400
1092,2387
1237,2346
1467,2283
1746,2199
2056,2101
2368,1996
2650,1899
2888,1812
3046,1749
3123,1714
3058,1706
2884,1736
2620,1807
2322,1917
2003,2036
1690,2156
1410,2266
1192,2345
1061,2403
1018,2432
1078,2412
1219,2371
1449,2311
1725,2234
2031,2128
2342,2042
2630,1928
2874,1838
3038,1774
3110,1741
3044,1733
2885,1769
2639,1833
2345,1936
2024,2056
1701,2170
1413,2275
1199,2348
1068,2404
1021,2429
1071,2423
1198,2385
1415,2319
1693,2241
1999,2140
2317,2035
2604,1937
2848,1851
3009,1779
3099,1735
3055,1729
2899,1754
2655,1805
2364,1913
2049,2023
1735,2140
1453,2238
1220,2327
1077,2381
1020,2406
1067,2393
1198,2354
1407,2297
1676,2219
1984,2123
2298,2017
2597,1913
2848,1826
3022,1758
3106,1715
3065,1707
2915,1733
2678,1787
2399,1879
2089,1997
1765,2118
1474,2223
1239,2308
1093,2365
1031,2395
1069,2392
1186,2357
1387,2301
1656,2221
1960,2130
2282,2025
2590,1929
2830,1838
3014,1763
3107,1721
3071,1708
2927,1736
2697,1794
2411,1887
2094,2001
1775,2118
1478,2231
1239,2320
1085,2388
1028,2418
1057,2413
1173,2382
1369,2328
1633,2250
1937,2161
2251,2062
2551,1958
2810,1869
2991,1796
3088,1750
3062,1741
2939,1763
2717,1815
2430,1901
2110,2012
1793,2133
1499,2238
1256,2326
1098,2389
1024,2417
1046,2420
1154,2391
1342,2338
1611,2265
1913,2165
2224,2066
2522,1963
2789,1870
2984,1801
3090,1748
3084,1729
2951,1741
2736,1795
2455,1886
2147,1993
1836,2109
1535,2210
1272,2301
1106,2369
1034,2403
1049,2395
1155,2371
1338,2317
1595,2242
1896,2148
2210,2045
2517,1935
2786,1844
2991,1774
3096,1725
3094,1708
2970,1719
2761,1772
2478,1860
2166,1967
1849,2083
1549,2196
1297,2289
1126,2354
1046,2396
1045,2405
1138,2375
1322,2320
1576,2246
1876,2153
2187,2051
2492,1947
2761,1859
2968,1781
3088,1730
3101,1714
2983,1729
2769,1786
2486,1863
2177,1973
1866,2090
1564,2199
1307,2298
1125,2369
1034,2407
1035,2416
1128,2396
1305,2350
1547,2280
1841,2194
2152,2087
2454,1982
2740,1887
2952,1812
3078,1756
3104,1732
2988,1742
2792,1791
2520,1873
2209,1978
1885,2097
1578,2207
1322,2297
1137,2365
1046,2412
1031,2426
1114,2408
1280,2358
1525,2290
1820,2199
2133,2101
2440,1998
2717,1901
2945,1814
3082,1751
3111,1720
2997,1730
2804,1771
2534,1847
2235,1951
1911,2069
1607,2181
1343,2278
1152,2355
1052,2398
1033,2410
1115,2391
1266,2341
1504,2278
1804,2187
2122,2080
2430,1972
2709,1873
2928,1788
3071,1729
3119,1701
3021,1706
2825,1746
2559,1822
2246,1929
1924,2056
1628,2171
1368,2271
1168,2344
1058,2392
1030,2415
1110,2390
1266,2344
1499,2274
1782,2183
2097,2078
2403,1978
2685,1886
2917,1804
3063,1741
3122,1708
3022,1708
2838,1753
2585,1829
2274,1935
1954,2054
1644,2170
1376,2274
1169,2356
1056,2401
1036,2415
1104,2405
1244,2362
1471,2296
1753,2208
2066,2114
2383,2010
2668,1909
2897,1829
3048,1768
3116,1735
3032,1733
2863,1773
2610,1845
2300,1948
1975,2065
1661,2176
1389,2279
1179,2357
1058,2403
1016,2425
1084,2410
1225,2364
1452,2297
1737,2216
2043,2123
2347,2015
2641,1921
2882,1836
3045,1775
3114,1735
3041,1732
2872,1762
2624,1825
2325,1922
2007,2034
1689,2152
1408,2265
1181,2342
1059,2387
1021,2408
1085,2398
1221,2358
1440,2293
1718,2206
2028,2107
2346,2002
2630,1903
2875,1819
3040,1758
3105,1717
3041,1704
2889,1734
2646,1803
2352,1903
2031,2015
1715,2132
1434,2240
1211,2320
1076,2379
1027,2402
1077,2396
1206,2357
1426,2285
1704,2209
2010,2112
2322,2010
2617,1909
2857,1827
3013,1761
3109,1720
3059,1716
2902,1747
2669,1807
2382,1901
2059,2010
1731,2132
1443,2250
1215,2334
1076,2392
1021,2417
1066,2416
1192,2375
1405,2316
1679,2232
1987,2142
2300,2035
2593,1935
2838,1850
3010,1787
3105,1745
3062,1737
2912,1761
2677,1819
2387,1913
2068,2027
1754,2140
1466,2248
1232,2336
1074,2395
1007,2428
1053,2424
1178,2390
1382,2325
1649,2251
1952,2147
2270,2050
2567,1949
2826,1857
3006,1786
3096,1742
3057,1725
2911,1751
2693,1808
2414,1896
2098,2003
1779,2118
1486,2227
1247,2317
1095,2379
1024,2409
1058,2407
1164,2378
1364,2317
1634,2225
1943,2133
2261,2029
2554,1925
2815,1832
3001,1760
3099,1714
3080,1702
2942,1720
2717,1779
2434,1874
2124,1980
1805,2096
1522,2206
1283,2302
1112,2371
1035,2403
1055,2400
1163,2368
1357,2317
1617,2237
1916,2144
2232,2039
2536,1934
2796,1841
3003,1773
3111,1728
3096,1707
2952,1733
2733,1785
2451,1874
2138,1985
1821,2105
1523,2216
1276,2312
1110,2376
1037,2410
1053,2414
1150,2396
1324,2341
1580,2260
1886,2167
2205,2066
2512,1966
2777,1877
2978,1804
3088,1755
3096,1741
2968,1749
2755,1803
2470,1891
2146,2000
1821,2112
1540,2216
1293,2309
1118,2377
1038,2417
1035,2421
1133,2397
1315,2343
1562,2270
1858,2186
2173,2084
2489,1979
2758,1876
2963,1804
3083,1747
3097,1727
2980,1734
2772,1782
2495,1862
2180,1969
1860,2083
1555,2199
1314,2291
1142,2360
1051,2394
1042,2405
1130,2384
1304,2325
1554,2260
1853,2169
2162,2065
2466,1959
2743,1862
2957,1785
3085,1727
3117,1704
3003,1707
2797,1752
2520,1840
2212,1949
1896,2066
1590,2179
1329,2277
1144,2348
1053,2388
1044,2398
1133,2379
1299,2328
1530,2258
1817,2167
2136,2077
2447,1969
2727,1877
2942,1789
3076,1734
3110,1709
3003,1719
2811,1762
2539,1843
2231,1951
1901,2067
1588,2187
1329,2295
1144,2362
1047,2405
1031,2426
1113,2397
1256,2356
1511,2285
1799,2198
2112,2100
2418,1995
2701,1900
2917,1817
3064,1756
3114,1732
3011,1740
2821,1779
2556,1854
2252,1956
1931,2068
1623,2189
1350,2290
1153,2366
1041,2413
1019,2423
1106,2400
1267,2360
1491,2293
1777,2211
2086,2109
2399,2001
2683,1905
2909,1820
3053,1761
3115,1729
3018,1731
2842,1763
2589,1830
2299,1937
1971,2056
1649,2168
1371,2270
1170,2349
1056,2397
1018,2412
1096,2398
1248,2350
1480,2282
1768,2192
2080,2091
2391,1989
2672,1897
2898,1806
3052,1744
3117,1711
3034,1715
2861,1750
2608,1819
2307,1918
1987,2033
1681,2148
1401,2253
1193,2333
1061,2384
1006,2403
1089,2383
1233,2348
1461,2285
1744,2199
2052,2104
2369,2005
2652,1902
2889,1816
3041,1756
3115,1726
3037,1719
2868,1750
2618,1816
2320,1916
2002,2066
1687,2147
1410,2255
1195,2340
1065,2395
1014,2417
1077,2410
1220,2377
1446,2315
1725,2229
2025,2130
2341,2030
2628,1926
2872,1845
3037,1778
3110,1735
3044,1726
2882,1757
2635,1821
2345,1919
2032,2034
1721,2145
1430,2252
1202,2342
1069,2401
1019,2426
1072,2423
1199,2380
1410,2322
1686,2244
2000,2143
2315,2037
2612,1930
2857,1834
3021,1767
3105,1726
3055,1717
2901,1743
2661,1806
2364,1903
2049,2017
1734,2135
1451,2243
1223,2332
1083,2391
1024,2420
1059,2414
1184,2372
1401,2306
1675,2226
1983,2128
2298,2017
2593,1914
2845,1822
3025,1751
3112,1711
3065,1704
2915,1732
2673,1794
2381,1885
2073,2003
1761,2117
1473,2232
1239,2319
1092,2387
1035,2405
1070,2401
1186,2366
1387,2306
1652,2227
1950,2126
2269,2019
2573,1921
2831,1833
3014,1763
3103,1718
3076,1711
2930,1737
2699,1798
2412,1893
2092,2006
1770,2125
1480,2229
1252,2318
1112,2386
1040,2419
1057,2418
1165,2385
1361,2327
1628,2249
1930,2157
2243,2052
2542,1948
2807,1862
2997,1786
3104,1741
3090,1726
2955,1753
2715,1805
2429,1896
2117,2011
1797,2126
1505,2235
1257,2326
1097,2388
1029,2419
1052,2420
1156,2390
1348,2337
1605,2258
1890,2167
2222,2057
2523,1953
2787,1862
2980,1791
3091,1738
3087,1722
2954,1737
2733,1788
2448,1878
2129,1987
1817,2109
1526,2213
1277,2305
1109,2369
1033,2404
1052,2406
1152,2376
1338,2321
1589,2242
1894,2153
2199,2050
2510,1948
2784,1853
2984,1773
3091,1722
3095,1708
2971,1723
2761,1772
2481,1859
2171,1969
1848,2087
1548,2200
1294,2294
1126,2362
1049,2397
1058,2397
1150,2368
1325,2322
1575,2250
1875,2159
2186,2058
2489,1955
2758,1863
2970,1789
3081,1738
3105,1717
2985,1731
2777,1773
2506,1851
2188,1967
1867,2081
1567,2200
1311,2295
1126,2366
1038,2407
1035,2418
1126,2401
1302,2346
1553,2279
1843,2198
2149,2096
2457,1990
2738,1891
2949,1813
3076,1757
3102,1732
2985,1740
2789,1784
2523,1865
2217,1967
1898,2089
1589,2203
1310,2299
1120,2371
1037,2413
1026,2423
1115,2401
1273,2356
1517,2284
1812,2200
2126,2098
2436,1995
2715,1904
2930,1817
3060,1754
3098,1719
3004,1726
2809,1768
2547,1843
2241,1949
1918,2068
1613,2179
1349,2280
1153,2356
1049,2398
1024,2414
1104,2391
1270,2336
1516,2269
1809,2184
2115,2082
2420,1974
2703,1877
2927,1793
3068,1737
3120,1706
3015,1709
2828,1750
2568,1826
2269,1929
1951,2046
1657,2165
1371,2270
1168,2344
1059,2391
1031,2406
1124,2389
1261,2344
1487,2275
1775,2191
2089,2087
2397,1982
2672,1890
2913,1807
3061,1746
3123,1714
3026,1718
2845,1759
2583,1833
2286,1939
1962,2060
1650,2172
1382,2274
1165,2358
1041,2404
1010,2427
1095,2409
1240,2361
1470,2297
1748,2214
2061,2117
2375,2013
2663,1914
2899,1831
3046,1772
3114,1739
3027,1739
2850,1776
2605,1842
2308,1937
1981,2058
1666,2173
1390,2274
1182,2352
1061,2404
1015,2421
1080,2411
1217,2369
1444,2305
1732,2226
2046,2122
2350,2018
2635,1920
2877,1835
3041,1768
3085,1727
3042,1719
2873,1752
2624,1815
2325,1913
2010,2028
1703,2144
1430,2250
1211,2333
1067,2387
1022,2409
1083,2397
1208,2355
1437,2295
1713,2211
2017,2113
2335,2007
2628,1905
2871,1818
3039,1757
3111,1719
3052,1706
2893,1735
2651,1802
2357,1903
2039,2015
1724,2134
1437,2239
1215,2321
1080,2378
1032,2403
1079,2400
1195,2365
1400,2299
1689,2216
2001,2120
2316,2014
2610,1917
2842,1830
3025,1759
3106,1721
3062,1715
2906,1743
2665,1810
2365,1904
2044,2014
1720,2134
1451,2242
1222,2331
1075,2391
1016,2422
1065,2416
1190,2383
1401,2323
1668,2245
1972,2149
2282,2046
2584,1936
2836,1847
3023,1785
3102,1742
3060,1727
2914,1753
2683,1809
2393,1906
2077,2016
1758,2137
1465,2245
1232,2335
1084,2387
1032,2414
1069,2418
1174,2388
1375,2330
1643,2253
1950,2157
2260,2051
2564,1948
2819,1850
3009,1777
3116,1730
3076,1710
2926,1734
2698,1791
2416,1883
2103,1996
1785,2112
1492,2233
1251,2315
1097,2379
1032,2411
1058,2406
1170,2374
1359,2313
1616,2236
1924,2151
2250,2036
2548,1927
2810,1834
2997,1767
3101,1720
3084,1707
2947,1729
2725,1785
2442,1875
2124,1987
1803,2106
1503,2221
1259,2311
1113,2369
1040,2400
1056,2399
1164,2369
1351,2316
1611,2242
1912,2149
2225,2048
2524,1945
2787,1856
2993,1786
3112,1730
3091,1709
2958,1731
2736,1790
2455,1875
2143,1987
1826,2105
1528,2218
1276,2309
1109,2381
1032,2410
1052,2411
1162,2390
1341,2341
1585,2268
1882,2178
2197,2078
2504,1972
2775,1878
2975,1801
3087,1751
3093,1727
2970,1741
2759,1791
2482,1879
2171,1987
1841,2103
1542,2217
1290,2312
1118,2381
1035,2419
1035,2429
1133,2400
1312,2346
1565,2272
1864,2183
2176,2084
2468,1979
2738,1879
2957,1798
3081,1741
3102,1713
2980,1723
2773,1772
2500,1854
2190,1965
1869,2086
1566,2200
1313,2300
1124,2373
1028,2408
1033,2407
1130,2384
1308,2333
1554,2255
1844,2164
2158,2059
2463,1955
2739,1863
2957,1783
3076,1735
3103,1709
2989,1716
2798,1763
2528,1846
2221,1954
1899,2072
1595,2182
1328,2278
1145,2350
1055,2389
1036,2403
1125,2385
1289,2336
1530,2261
1830,2170
2138,2073
2445,1976
2723,1881
2938,1803
3073,1741
3110,1717
3003,1723
2814,1765
2544,1843
2244,1948
1921,2064
1610,2182
1339,2288
1148,2361
1046,2412
1028,2427
1110,2406
1270,2359
1511,2291
1803,2205
2117,2102
2426,1997
2699,1899
2911,1818
3053,1765
3112,1736
3011,1732
2824,1772
2560,1851
2255,1955
1938,2072
1628,2187
1363,2286
1154,2363
1046,2411
1008,2428
1086,2416
1246,2368
1489,2293
1774,2205
2079,2102
2394,1993
2680,1896
2923,1815
3054,1752
3112,1725
3014,1728
2837,1766
2578,1837
2287,1939
1963,2050
1654,2166
1377,2264
1172,2344
1058,2388
1020,2404
1093,2388
1242,2345
1471,2278
1759,2187
2075,2084
2397,1983
2679,1891
2901,1811
3052,1750
3118,1713
3034,1715
2861,1751
2608,1819
2305,1922
1990,2029
1677,2144
1405,2246
1201,2327
1083,2384
1027,2406
1091,2395
1231,2353
1457,2290
1739,2206
2050,2109
2363,2006
2653,1906
2888,1818
3053,1755
3122,1720
3039,1722
2869,1751
2615,1821
2322,1919
2006,2037
1694,2153
1414,2262
1197,2345
1067,2400
1022,2423
1083,2413
1214,2379
1425,2318
1694,2235
2008,2130
2334,2025
2629,1928
2870,1841
3033,1776
3109,1737
3051,1731
2890,1762
2642,1826
2346,1925
2022,2043
1703,2155
1423,2258
1208,2347
1074,2398
1020,2422
1068,2412
1197,2375
1406,2310
1682,2233
1988,2134
2309,2031
2611,1932
2864,1841
3030,1767
3106,1733
3058,1719
2901,1745
2663,1806
2368,1900
2050,2014
1731,2129
1448,2235
1220,2321
1089,2377
1044,2401
1082,2392
1195,2359
1402,2301
1672,2221
1980,2126
2293,2021
2587,1920
2842,1832
3023,1761
3113,1718
3076,1704
2923,1727
2684,1787
2392,1885
2080,2000
1764,2115
1475,2224
1240,2313
1091,2375
1033,2405
1070,2403
1187,2367
1390,2311
1654,2233
1946,2135
2259,2035
2564,1940
2822,1847
3012,1774
3105,1724
3077,1713
2932,1736
2702,1795
2414,1883
2098,2000
1773,2120
1479,2239
1230,2331
1087,2395
1028,2427
1057,2421
1170,2393
1364,2328
1629,2254
1932,2160
2250,2055
2544,1954
2803,1863
2989,1783
3098,1733
3085,1721
2952,1743
2721,1805
2430,1895
2116,2007
1800,2121
1508,2235
1259,2323
1094,2390
1021,2419
1044,2417
1157,2384
1357,2323
1622,2252
1910,2160
2218,2056
2521,1954
2785,1864
2981,1794
3087,1740
3082,1721
2952,1736
2742,1783
2466,1870
2157,1980
1838,2099
1524,2209
1278,2300
1104,2368
1032,2401
1045,2404
1147,2373
1335,2320
1592,2242
1894,2148
2211,2041
2514,1945
2773,1858
2966,1784
3081,1723
3100,1707
2973,1723
2765,1771
2484,1856
2174,1965
1857,2080
1557,2195
1303,2289
1126,2360
1041,2404
1034,2409
1121,2379
1315,2329
1576,2257
1872,2167
2185,2065
2491,1960
2760,1869
2962,1793
3079,1740
3098,1720
2980,1730
2781,1776
2499,1860
2188,1973
1866,2093
1565,2207
1308,2305
1130,2376
1038,2416
1034,2424
1122,2405
1299,2352
1555,2280
1860,2186
2168,2079
2464,1979
2741,1889
2950,1811
3079,1758
3105,1731
2986,1740
2788,1783
2515,1866
2207,1971
1896,2088
1593,2199
1326,2296
1131,2367
1037,2417
1026,2419
1116,2398
1280,2351
1520,2282
1814,2194
2133,2090
2441,1986
2724,1884
2934,1802
3059,1746
3096,1718
2998,1731
2808,1768
2540,1842
2232,1945
1911,2065
1609,2177
1347,2274
1153,2349
1050,2397
1030,2408
1111,2391
1259,2335
1502,2266
1801,2176
2114,2074
2423,1974
2704,1873
2930,1794
3068,1738
3119,1711
3014,1715
2829,1756
2563,1829
2258,1932
1936,2044
1642,2167
1369,2268
1169,2343
1058,2389
1031,2405
1111,2387
1258,2346
1492,2277
1777,2196
2088,2096
2406,1982
2695,1888
2930,1806
3064,1752
3119,1724
3024,1722
2841,1762
2583,1837
2276,1945
1959,2060
1647,2177
1370,2276
1160,2355
1064,2402
1040,2423
1103,2411
1242,2369
1469,2304
1754,2220
2066,2121
2376,2017
2661,1919
2897,1831
3051,1767
3123,1732
3036,1731
2859,1773
2602,1844
2300,1937
1977,2055
1669,2169
1389,2276
1168,2366
1058,2407
1016,2422
1085,2411
1232,2371
1437,2304
1715,2228
2051,2128
2357,2013
2643,1915
2881,1826
3039,1762
3112,1729
3042,1719
2874,1747
2621,1816
2322,1907
2000,2031
1694,2148
1419,2249
1197,2330
1068,2382
1020,2404
1082,2392
1222,2355
1443,2288
1719,2206
2023,2106
2337,2000
2628,1902
2874,1813
3049,1750
3131,1703
3051,1699
2895,1734
2648,1801
2334,1898
2037,2016
1718,2134
1435,2240
1213,2325
1076,2380
1031,2404
1088,2396
1212,2354
1422,2295
1697,2217
2004,2121
2320,2015
2613,1916
2857,1830
3026,1766
3110,1719
3058,1717
2905,1744
2679,1810
2369,1905
2043,2026
1733,2145
1447,2253
1223,2343
1080,2398
1021,2425
1064,2418
1193,2386
1401,2323
1675,2248
1977,2151
2276,2050
2577,1945
2828,1854
3015,1782
3114,1744
3064,1732
2914,1758
2679,1818
2396,1910
2077,2022
1759,2139
1464,2250
1230,2335
1071,2393
1014,2413
1053,2411
1175,2377
1375,2319
1641,2242
1947,2148
2260,2035
2565,1941
2820,1855
3003,1784
3092,1741
3069,1716
2935,1727
2704,1793
2423,1888
2093,1997
1780,2113
1489,2220
1252,2306
1098,2387
1030,2399
1056,2398
1167,2364
1365,2302
1635,2222
1952,2135
2258,2030
2550,1931
2809,1839
2999,1765
3107,1722
3082,1704
2945,1724
2722,1776
2434,1868
2130,1974
1815,2095
1522,2212
1278,2305
1113,2370
1038,2404
1058,2408
1163,2379
1354,2322
1610,2245
1917,2156
2233,2046
2527,1947
2785,1853
2973,1786
3093,1739
3090,1715
2957,1735
2737,1789
2457,1881
2139,1996
1822,2114
1529,2227
1267,2315
1109,2386
1027,2420
1040,2429
1145,2411
1334,2345
1588,2268
1885,2179
2196,2075
2502,1972
2773,1882
2967,1811
3087,1757
3086,1736
2960,1752
2752,1803
2479,1883
2170,1986
1838,2097
1542,2216
1278,2307
1111,2378
1036,2415
1038,2422
1138,2399
1311,2344
1558,2273
1862,2179
2176,2077
2474,1969
2751,1870
2956,1794
3063,1741
3099,1715
2980,1725
2772,1769
2508,1851
2188,1961
1873,2074
1571,2190
1316,2281
1139,2356
1039,2394
1038,2404
1132,2379
1306,2330
1558,2253
1847,2165
2153,2055
2466,1954
2742,1860
2956,1785
3093,1727
3110,1710
2984,1717
2789,1762
2523,1835
2220,1947
1901,2066
1592,2183
1330,2281
1141,2354
1050,2397
1042,2405
1130,2390
1288,2342
1521,2269
1810,2174
2137,2069
2449,1965
2721,1873
2939,1796
3065,1736
3107,1715
3008,1729
2807,1775
2547,1858
2231,1962
1906,2081
1603,2192
1334,2293
1152,2370
1047,2416
1025,2427
1108,2405
1272,2358
1496,2289
1798,2204
2112,2109
2417,2003
2697,1910
2931,1821
3074,1766
3123,1741
3009,1745
2822,1782
2568,1853
2258,1957
1935,2072
1627,2183
1362,2286
1153,2358
1049,2407
1021,2413
1095,2402
1249,2361
1488,2294
1777,2207
2089,2107
2399,2004
2683,1906
2911,1819
3058,1759
3120,1723
3019,1721
2831,1754
2561,1834
2275,1931
1963,2044
1653,2156
1381,2257
1173,2335
1056,2391
1034,2400
1101,2386
1247,2342
1474,2276
1753,2192
2043,2095
2374,1992
2670,1890
2901,1803
3053,1738
3118,1703
3032,1704
2862,1737
2605,1811
2304,1910
1983,2030
1670,2153
1392,2257
1198,2338
1068,2390
1027,2407
1089,2393
1233,2353
1455,2290
1739,2211
2050,2106
2361,1999
2650,1902
2885,1819
3049,1754
3127,1719
3050,1712
2871,1748
2618,1823
2317,1932
2001,2045
1690,2165
1408,2268
1190,2354
1062,2406
1020,2429
1085,2417
1224,2376
1447,2315
1717,2233
2019,2134
2333,2031
2629,1931
2871,1844
3036,1781
3109,1744
3045,1736
2885,1762
2644,1825
2346,1926
2035,2050
1706,2166
1418,2266
1207,2348
1072,2403
1021,2423
1083,2418
1196,2377
1412,2315
1688,2231
2002,2135
2310,2034
2601,1934
2837,1844
2993,1771
3104,1724
3056,1715
2909,1743
2662,1806
2368,1898
2052,2012
1736,2128
1448,2235
1224,2328
1079,2382
1018,2406
1061,2393
1193,2351
1406,2291
1675,2208
1979,2107
2289,2009
2588,1908
2842,1819
3021,1759
3110,1717
3069,1709
2916,1733
2689,1791
2403,1881
2089,2000
1762,2121
1471,2226
1238,2313
1093,2369
1034,2397
1068,2401
1186,2360
1395,2298
1669,2223
1963,2125
2277,2025
2570,1929
2826,1840
3009,1776
3103,1731
3073,1722
2937,1743
2699,1804
2403,1895
2101,2011
1781,2130
1483,2237
1236,2328
1078,2393
1024,2423
1062,2422
1174,2390
1368,2333
1633,2258
1939,2165
2253,2064
2550,1966
2811,1875
2981,1805
3080,1757
3066,1747
2941,1763
2725,1806
2429,1891
2114,2000
1795,2120
1504,2230
1260,2321
1098,2384
1019,2423
1037,2416
1147,2392
1338,2339
1607,2264
1912,2171
2224,2063
2530,1963
2773,1867
2987,1791
3092,1739
3082,1715
2948,1730
2730,1777
2452,1862
2144,1969
1831,2089
1526,2205
1278,2295
1105,2359
1034,2395
1049,2399
1153,2371
1337,2318
1593,2240
1895,2143
2213,2039
2510,1935
2795,1844
2991,1773
3092,1722
3093,1701
2968,1714
2772,1766
2483,1849
2169,1959
1851,2077
1551,2190
1304,2285
1132,2355
1050,2399
1052,2415
1141,2378
1317,2330
1568,2255
1872,2158
2188,2061
2489,1957
2759,1862
2969,1787
3091,1734
3101,1716
2976,1734
2763,1785
2476,1864
2180,1972
1867,2092
1563,2210
1310,2307
1124,2381
1038,2429
1040,2429
1131,2404
1301,2358
1550,2287
1838,2200
2146,2098
2456,1992
2740,1896
2950,1821
3078,1764
3100,1741
2988,1748
2788,1793
2515,1873
2205,1982
1883,2097
1578,2210
1318,2299
1135,2367
1045,2414
1031,2421
1118,2402
1282,2350
1529,2281
1817,2188
2128,2085
2439,1981
2720,1887
2948,1805
3085,1745
3114,1714
2997,1727
2803,1769
2539,1847
2231,1953
1908,2067
1603,2180
1338,2277
1152,2345
1059,2391
1039,2399
1130,2376
1280,2324
1512,2255
1807,2170
2119,2068
2426,1966
2707,1871
2929,1791
3070,1732
3122,1705
3019,1708
2835,1748
2564,1823
2247,1930
1931,2053
1629,2170
1362,2268
1164,2341
1057,2388
1032,2403
1112,2383
1269,2340
1502,2271
1787,2182
2096,2087
2395,1987
2674,1897
2914,1818
3059,1758
3122,1724
3022,1722
2838,1761
2580,1839
2277,1942
1957,2060
1643,2176
1377,2281
1163,2361
1056,2407
1027,2428
1099,2416
1247,2371
1473,2306
1759,2221
2069,2125
2380,2021
2664,1925
2891,1841
3045,1777
3115,1740
3035,1731
2865,1768
2608,1842
2297,1945
1975,2058
1665,2173
1389,2275
1176,2355
1042,2408
1012,2427
1081,2411
1227,2369
1456,2302
1740,2217
2058,2120
2358,2019
2643,1918
2882,1829
3040,1761
3112,1730
3037,1722
2871,1748
2622,1814
2328,1912
2011,2025
1697,2146
1413,2250
1191,2329
1064,2383
1018,2402
1082,2394
1222,2351
1442,2287
1721,2201
2029,2101
2344,2002
2638,1896
2874,1813
3031,1751
3099,1711
3038,1700
2890,1732
2648,1797
2353,1893
2033,2011
1717,2130
1437,2235
1217,2322
1078,2379
1029,2405
1088,2397
1209,2363
1423,2295
1699,2212
2011,2117
2323,2013
2619,1910
2861,1824
3027,1757
3108,1720
3049,1715
2897,1747
2663,1814
2375,1907
2050,2022
1729,2147
1445,2259
1218,2345
1079,2403
1024,2427
1068,2422
1188,2387
1397,2321
1672,2244
1991,2150
2311,2039
2602,1938
2842,1855
3017,1791
3107,1752
3061,1742
2911,1765
2670,1823
2382,1916
2070,2027
1756,2140
1469,2242
1241,2332
1095,2386
1016,2422
1058,2418
1177,2388
1378,2328
1646,2248
1950,2150
2269,2048
2568,1945
2825,1854
3010,1780
3103,1732
3060,1720
2911,1746
2694,1798
2410,1887
2096,1997
1779,2114
1485,2218
1250,2306
1097,2368
1032,2397
1061,2397
1171,2366
1363,2304
1620,2220
1930,2122
2251,2019
2552,1921
2813,1830
3002,1759
3104,1716
3084,1694
2947,1722
2720,1779
2433,1871
2119,1979
1804,2090
1511,2203
1276,2297
1110,2368
1040,2399
1057,2400
1165,2370
1356,2316
1616,2237
1913,2146
2226,2041
2528,1941
2795,1847
3000,1770
3112,1723
3091,1715
2955,1733
2737,1787
2453,1875
2140,1991
1818,2112
1517,2221
1271,2316
1108,2381
1032,2420
1055,2421
1161,2398
1342,2344
1590,2269
1890,2178
2201,2081
2509,1980
2768,1887
2969,1817
3088,1763
3092,1747
2971,1756
2762,1804
2472,1893
2163,2002
1837,2108
1545,2218
1290,2309
1119,2381
1030,2418
1038,2425
1134,2401
1314,2346
1556,2278
1848,2185
2164,2088
2476,1983
2751,1880
2958,1800
3077,1745
3100,1719
2982,1729
2777,1773
2502,1854
2192,1963
1865,2080
1567,2195
1314,2290
1140,2356
1042,2392
1038,2405
1130,2380
1305,2328
1553,2253
1845,2161
2159,2056
2461,1954
2735,1860
2942,1782
3082,1731
3124,1700
3006,1705
2800,1750
2532,1833
2222,1941
1905,2057
1598,2170
1332,2271
1146,2343
1045,2386
1039,2399
1126,2379
1297,2324
1543,2253
1825,2164
2136,2072
2445,1971
2720,1877
2941,1800
3072,1746
3108,1723
3003,1729
2813,1772
2551,1845
2244,1956
1915,2079
1601,2190
1341,2287
1153,2366
1048,2412
1029,2423
1106,2407
1267,2364
1507,2293
1799,2210
2114,2110
2419,2011
2696,1917
2909,1829
3053,1765
3114,1737
3012,1738
2821,1785
2561,1856
2257,1959
1936,2072
1632,2188
1362,2288
1158,2368
1044,2417
1010,2433
1086,2413
1247,2372
1484,2304
1758,2216
2083,2119
2395,2010
2677,1911
2909,1825
3055,1753
3113,1727
3018,1717
2838,1751
2594,1814
2298,1923
1966,2040
1653,2152
1382,2261
1176,2337
1062,2388
1024,2404
1093,2389
1242,2345
1467,2276
1751,2182
2089,2083
2396,1979
2677,1881
2901,1800
3053,1737
3120,1707
3039,1708
2865,1744
2610,1814
2309,1915
1989,2029
1680,2142
1413,2245
1200,2320
1076,2385
1027,2400
1096,2384
1233,2346
1455,2279
1737,2195
2046,2097
2359,1995
2649,1897
2884,1809
3031,1751
3100,1718
3039,1721
2874,1748
2625,1813
2324,1916
2003,2036
1691,2158
1410,2265
1197,2350
1068,2406
1019,2426
1075,2420
1208,2385
1432,2324
1713,2239
2021,2140
2330,2036
2623,1937
2865,1852
3037,1785
3113,1745
3046,1738
2881,1767
2637,1837
2345,1931
2039,2047
1721,2156
1426,2260
1203,2349
1068,2407
1020,2427
1071,2418
1198,2379
1410,2320
1685,2238
1982,2138
2306,2034
2610,1935
2863,1839
3022,1770
3106,1729
3061,1724
2903,1746
2666,1806
2371,1907
2053,2019
1737,2134
1454,2238
1222,2321
1089,2381
1033,2407
1074,2398
1196,2360
1403,2297
1672,2214
1979,2117
2291,2010
2588,1911
2840,1819
3018,1751
3112,1708
3072,1699
2922,1733
2682,1790
2391,1877
2084,1993
1767,2108
1478,2217
1242,2308
1091,2375
1032,2398
1067,2399
1185,2365
1386,2310
1652,2234
1940,2142
2252,2026
2583,1932
2823,1839
3005,1771
3101,1726
3071,1714
2932,1736
2706,1796
2415,1889
2099,2005
1779,2123
1480,2240
1237,2321
1092,2387
1027,2418
1054,2420
1166,2388
1362,2332
1627,2256
1932,2162
2243,2087
2541,1963
2802,1875
2987,1798
3099,1747
3095,1737
2950,1762
2710,1816
2432,1903
2121,2015
1803,2130
1509,2239
1261,2329
1098,2391
1032,2426
1054,2423
1149,2389
1338,2334
1598,2265
1901,2169
2219,2065
2524,1961
2786,1866
2983,1787
3080,1739
3088,1717
2959,1733
2738,1782
2451,1867
2135,1983
1826,2103
1531,2206
1282,2302
1112,2364
1035,2398
1047,2405
1150,2377
1335,2321
1591,2245
1888,2149
2196,2052
2495,1948
2766,1860
2977,1778
3093,1724
3098,1700
2973,1713
2762,1764
2482,1847
2174,1958
1854,2071
1552,2182
1298,2280
1117,2351
1038,2390
1049,2398
1152,2372
1318,2323
1570,2250
1863,2161
2180,2059
2490,1957
2756,1860
2962,1784
3080,1735
3095,1712
2984,1718
2786,1775
2501,1859
2186,1975
1868,2094
1566,2208
1313,2305
1130,2373
1038,2416
1037,2426
1129,2398
1300,2347
1552,2273
1855,2188
2165,2089
2458,1985
2733,1889
2948,1813
3079,1758
3102,1734
2990,1745
2791,1790
2522,1868
2214,1974
1894,2089
1588,2211
1330,2308
1134,2378
1040,2422
1031,2428
1113,2406
1279,2358
1519,2288
1811,2199
2128,2097
2437,1991
2718,1898
2934,1820
3061,1762
3098,1726
3003,1732
2813,1769
2544,1846
2239,1950
1918,2067
1608,2180
1343,2277
1154,2351
1052,2390
1030,2405
1110,2386
1260,2334
1504,2260
1801,2174
2113,2072
2420,1973
2700,1875
2923,1794
3067,1738
3118,1707
3020,1712
2829,1753
2566,1827
2262,1924
1951,2039
1640,2157
1368,2260
1166,2337
1056,2384
1030,2402
1105,2385
1260,2341
1494,2277
1782,2191
2104,2088
2414,1980
2687,1879
2912,1801
3055,1743
3120,1712
3023,1717
2842,1754
2581,1828
2281,1935
1961,2053
1651,2165
1382,2272
1184,2353
1050,2403
1016,2427
1092,2414
1242,2369
1471,2306
1754,2219
2068,2123
2380,2020
2666,1921
2898,1836
3052,1776
3106,1744
3013,1738
2842,1781
2602,1845
2302,1941
1981,2056
1669,2169
1389,2273
1181,2357
1058,2407
1014,2430
1076,2419
1218,2379
1432,2316
1715,2234
2036,2135
2353,2027
2642,1909
2881,1829
3038,1765
3112,1728
3039,1721
2870,1756
2621,1826
2327,1921
2003,2035
1699,2142
1419,2254
1201,2336
1075,2387
1022,2407
1080,2395
1217,2354
1436,2288
1716,2205
2022,2106
2335,1998
2629,1893
2877,1805
3054,1742
3125,1710
3054,1707
2891,1737
2646,1803
2357,1899
2037,2015
1724,2130
1438,2236
1213,2318
1081,2401
1030,2394
1090,2386
1214,2355
1420,2292
1690,2213
2003,2116
2316,2011
2611,1911
2857,1829
3026,1758
3109,1718
3061,1710
2901,1742
2662,1809
2367,1910
2037,2023
1733,2139
1451,2246
1221,2332
1082,2391
1025,2419
1062,2415
1190,2379
1398,2320
1668,2244
1977,2153
2284,2053
2570,1948
2825,1857
3015,1787
3107,1745
3063,1732
2913,1757
2677,1814
2387,1908
2071,2022
1750,2142
1464,2256
1231,2342
1092,2398
1024,2429
1058,2423
1177,2387
1378,2330
1646,2251
1950,2155
2263,2048
2562,1946
2817,1860
3005,1786
3114,1746
3088,1721
2935,1737
2703,1797
2411,1888
2096,1997
1779,2113
1487,2222
1250,2311
1093,2374
1031,2406
1066,2401
1181,2371
1386,2308
1637,2225
1935,2137
2247,2031
2549,1929
2806,1837
2999,1767
3101,1720
3082,1706
2953,1726
2728,1780
2444,1866
2132,1974
1815,2091
1503,2204
1267,2302
1106,2361
1037,2397
1058,2397
1164,2373
1357,2314
1616,2234
1916,2143
2232,2038
2527,1936
2779,1851
2970,1780
3089,1735
3088,1713
2957,1731
2740,1790
2455,1875
2144,1990
1829,2108
1524,2221
1277,2318
1104,2386
1020,2420
1037,2423
1151,2394
1335,2341
1589,2267
1890,2176
2203,2074
2506,1966
2775,1877
2970,1805
3083,1756
3085,1735
2960,1749
2755,1791
2482,1875
2169,1990
1844,2109
1544,2220
1291,2314
1115,2380
1027,2417
1036,2427
1131,2397
1310,2349
1566,2275
1862,2176
2187,2073
2493,1974
2754,1883
2952,1804
3081,1750
3095,1725
2981,1736
2766,1780
2500,1859
2190,1969
1876,2083
1569,2191
1320,2289
1141,2364
1040,2401
1037,2404
1130,2379
1305,2325
1553,2253
1847,2161
2156,2061
2464,1957
2750,1857
2957,1784
3083,1739
3112,1714
2986,1725
2789,1762
2528,1841
2223,1949
1902,2067
1595,2177
1329,2275
1149,2349
1051,2392
1031,2404
1108,2415
1275,2336
1529,2272
1826,2177
2142,2072
2448,1965
2718,1866
2940,1789
3073,1734
3109,1710
2995,1718
2801,1767
2533,1847
2235,1960
1923,2074
1610,2184
1345,2286
1149,2366
1046,2414
1033,2428
1113,2407
1271,2360
1510,2292
1795,2204
2115,2106
2430,1998
2713,1903
2942,1811
3064,1758
3109,1735
3008,1740
2820,1782
2555,1856
2249,1963
1929,2078
1628,2191
1357,2290
1162,2364
1058,2413
1030,2423
1099,2403
1250,2362
1486,2295
1769,2207
2082,2107
2398,2003
2681,1908
2914,1824
3066,1762
3122,1727
3027,1730
2838,1773
2572,1839
2275,1941
1955,2053
1650,2168
1380,2268
1172,2345
1055,2394
1026,2411
1100,2394
1248,2348
1478,2284
1752,2197
2054,2092
2372,1985
2666,1887
2903,1804
3057,1742
3117,1710
3039,1707
2865,1742
2610,1813
2308,1921
1972,2036
1671,2152
1391,2249
1185,2327
1067,2383
1028,2403
1093,2393
1228,2353
1459,2289
1735,2205
2045,2103
2356,1997
2638,1905
2880,1812
3038,1751
3124,1710
3055,1709
2877,1750
2624,1819
2320,1919
2002,2041
1688,2158
1412,2264
1191,2348
1062,2403
1019,2423
1082,2410
1221,2369
1452,2311
1726,2231
2020,2132
2334,2030
2624,1929
2867,1844
3033,1782
3109,1740
3046,1735
2886,1759
2640,1824
2350,1926
2030,2044
1712,2162
1423,2265
1205,2349
1068,2405
1020,2431
1072,2425
1204,2381
1418,2321
1690,2235
1995,2140
2304,2032
2586,1935
2847,1847
3022,1775
3119,1731
3055,1720
2902,1748
2663,1809
2372,1906
2056,2027
1738,2133
1448,2244
1220,2329
1068,2389
1022,2417
1068,2407
1198,2367
1404,2302
1676,2221
1983,2125
2296,2018
2592,1917
2842,1829
3017,1761
3102,1721
3069,1704
2933,1733
2696,1791
2399,1880
2080,1998
1765,2113
1473,2219
1241,2313
1090,2374
1032,2403
1063,2403
1182,2372
1389,2310
1667,2228
1979,2126
2280,2021
2570,1927
2824,1838
3007,1768
3104,1728
3068,1710
2924,1737
2694,1798
2410,1887
2102,2001
1789,2126
1487,2241
1243,2329
1093,2393
1028,2424
1054,2425
1168,2393
1365,2333
1632,2255
1934,2158
2253,2050
2548,1951
2813,1862
2994,1797
3086,1749
3058,1725
2938,1749
2714,1807
2429,1901
2124,2009
1797,2121
1507,2234
1260,2326
1098,2394
1027,2414
1041,2431
1132,2399
1326,2342
1601,2263
1907,2168
2222,2064
2525,1951
2788,1862
2986,1786
3094,1737
3080,1720
2952,1736
2733,1788
2448,1872
2144,1979
1827,2103
1531,2214
1280,2310
1112,2368
1034,2404
1050,2406
1156,2380
1336,2327
1590,2246
1886,2158
2201,2048
2518,1939
2796,1849
2991,1779
3092,1728
3097,1703
2970,1721
2759,1771
2483,1858
2170,1970
1848,2085
1551,2193
1305,2284
1128,2344
1040,2389
1045,2399
1143,2378
1318,2328
1576,2254
1868,2163
2181,2063
2488,1962
2760,1866
2970,1784
3085,1730
3091,1716
2950,1733
2769,1780
2493,1861
2186,1967
1866,2086
1563,2202
1306,2301
1124,2372
1041,2415
1041,2399
1128,2398
1306,2351
1538,2282
1838,2196
2158,2093
2467,1983
2736,1888
2947,1811
3066,1753
3104,1732
2988,1739
2790,1782
2513,1866
2203,1972
1883,2092
1585,2207
1327,2300
1135,2372
1040,2416
1030,2424
1118,2402
1285,2353
1525,2285
1817,2197
2129,2094
2442,1989
2714,1892
2943,1813
3083,1743
3113,1717
3002,1727
2805,1770
2544,1845
2237,1951
1917,2065
1607,2184
1339,2280
1145,2354
1043,2397
1040,2408
1129,2393
1281,2348
1517,2272
1803,2181
2116,2081
2426,1980
2706,1881
2929,1795
3069,1740
3116,1708
3020,1713
2837,1758
2566,1839
2259,1944
1934,2051
1634,2166
1362,2266
1167,2347
1053,2390
1026,2404
1106,2389
1264,2343
1502,2275
1790,2190
2097,2092
2394,1997
2672,1889
2909,1808
3060,1747
3118,1714
3018,1721
2835,1762
2581,1835
2279,1940
1959,2064
1647,2180
1371,2285
1166,2359
1044,2406
1016,2423
1096,2408
1245,2366
1474,2298
1758,2213
2069,2112
2378,2009
2668,1911
2896,1830
3042,1768
3110,1733
3027,1723
2861,1762
2609,1838
2295,1940
1977,2059
1669,2172
1388,2277
1166,2357
1057,2405
1013,2427
1087,2413
1230,2370
1460,2299
1727,2218
2043,2121
2358,2016
2647,1911
2883,1825
3039,1761
3111,1722
3038,1718
2870,1753
2625,1818
2322,1917
2006,2030
1684,2151
1411,2257
1196,2338
1072,2386
1027,2412
1086,2399
1222,2357
1441,2292
1719,2210
2030,2108
2343,2007
2628,1908
2860,1822
3029,1759
3116,1720
3055,1707
2892,1738
2645,1805
2348,1903
2031,2020
1721,2134
1437,2240
1216,2322
1074,2381
1019,2407
1074,2405
1205,2368
1425,2301
1695,2221
2002,2124
2315,2018
2611,1914
2859,1827
3028,1761
3107,1720
3053,1715
2893,1741
2661,1804
2378,1906
2051,2027
1729,2145
1444,2251
1217,2338
1078,2396
1024,2422
1066,2418
1190,2383
1398,2320
1666,2233
1985,2141
2308,2039
2598,1941
2838,1855
3016,1780
3103,1735
3061,1722
2911,1752
2674,1811
2384,1908
2069,2022
1755,2140
1465,2245
1238,2338
1088,2398
1025,2421
1058,2417
1179,2385
1378,2322
1649,2243
1949,2148
2265,2040
2567,1937
2823,1844
3009,1773
3104,1730
3064,1719
2916,1740
2698,1795
2413,1886
2098,2007
1779,2124
1487,2227
1248,2316
1096,2375
1034,2406
1066,2402
1175,2374
1364,2319
1617,2237
1930,2139
2253,2039
2549,1933
2810,1841
2999,1766
3100,1721
3083,1711
2952,1728
2724,1787
2436,1866
2120,1988
1800,2100
1510,2199
1265,2301
1106,2368
1047,2404
1057,2400
1165,2373
1355,2318
1613,2241
1917,2150
2234,2047
2544,1943
2809,1850
2987,1773
3091,1733
3083,1719
2950,1737
2738,1793
2452,1883
2138,1992
1821,2113
1526,2224
1283,2320
1114,2379
1042,2413
1044,2415
1145,2391
1332,2336
1591,2262
1891,2168
2204,2070
2505,1966
2773,1871
2976,1803
3090,1747
3094,1729
2960,1741
2745,1795
2465,1887
2161,1990
1845,2106
1545,2218
1289,2310
1112,2378
1030,2413
1037,2420
1137,2395
1317,2340
1561,2266
1851,2173
2165,2075
2482,1976
2760,1876
2965,1795
3083,1741
3096,1718
2974,1731
2770,1778
2494,1859
2186,1972
1866,2084
1560,2194
1308,2285
1134,2357
1044,2386
1040,2406
1131,2380
1301,2328
1552,2256
1851,2166
2166,2089
2467,1966
2742,1870
2953,1791
3084,1727
3127,1708
3004,1722
2793,1768
2521,1848
2212,1953
1896,2072
1594,2189
1327,2279
1145,2354
1048,2395
1036,2403
1129,2382
1304,2331
1549,2267
1837,2180
2139,2081
2449,1976
2722,1881
2941,1799
3075,1746
3107,1718
2998,1726
2807,1772
2538,1848
2233,1959
1916,2077
1597,2190
1338,2289
1149,2364
1047,2409
1029,2423
1108,2403
1270,2356
1510,2287
1804,2203
2116,2100
2425,2000
2699,1907
2912,1821
3054,1759
3113,1728
3010,1731
2823,1770
2557,1847
2249,1954
1930,2075
1621,2187
1344,2287
1145,2363
1040,2414
1024,2425
1101,2402
1254,2359
1487,2287
1777,2201
2087,2099
2397,1993
2678,1895
2910,1813
3053,1752
3119,1721
3031,1721
2850,1756
2583,1825
2276,1934
1955,2052
1645,2161
1375,2265
1170,2341
1057,2391
1022,2405
1097,2392
1250,2345
1487,2276
1779,2187
2084,2085
2385,1985
2668,1890
2902,1811
3057,1751
3123,1717
3034,1717
2864,1753
2607,1825
2311,1931
1990,2039
1682,2150
1393,2248
1169,2337
1061,2391
1024,2408
1097,2392
1236,2353
1458,2286
1742,2206
2052,2108
2364,2005
2650,1907
2881,1828
3034,1768
3093,1731
3033,1722
2871,1759
2623,1828
2320,1924
2002,2043
1688,2156
1409,2262
1196,2345
1067,2401
1016,2425
1073,2415
1207,2371
1430,2306
1716,2224
2023,2129
2335,2024
2626,1930
2867,1841
3034,1776
3111,1738
3044,1735
2882,1763
2634,1823
2339,1913
2031,2031
1716,2149
1428,2254
1204,2339
1072,2392
1017,2420
1068,2412
1195,2373
1413,2310
1687,2230
1998,2122
2317,2019
2615,1919
2868,1834
3029,1768
3116,1730
3051,1720
2899,1746
2664,1806
2370,1898
2054,2012
1736,2126
1454,2231
1224,2314
1085,2370
1062,2401
1077,2397
1198,2357
1401,2296
1679,2218
1983,2121
2295,2022
2590,1919
2841,1831
3017,1759
3111,1719
3070,1715
2915,1747
2680,1804
2394,1889
2081,2001
1766,2116
1476,2228
1243,2318
1094,2375
1030,2405
1066,2402
1176,2367
1376,2318
1636,2239
1958,2155
2278,2034
2571,1929
2827,1848
3005,1775
3099,1732
3074,1718
2928,1745
2693,1801
2405,1895
2087,2012
1775,2129
1491,2241
1253,2328
1094,2389
1027,2422
1056,2421
1171,2387
1373,2335
1626,2253
1927,2162
2248,2058
2543,1957
2814,1865
3017,1794
3110,1743
3076,1723
2938,1745
2714,1801
2432,1887
2116,1999
1797,2118
1506,2227
1259,2320
1103,2384
1035,2415
1053,2414
1165,2383
1344,2324
1594,2253
1892,2160
2217,2056
2519,1955
2785,1861
2985,1785
3096,1735
3090,1717
2963,1730
2744,1789
2464,1871
2148,1978
1826,2093
1530,2204
1285,2297
1113,2361
1038,2396
1046,2397
1143,2367
1334,2314
1589,2242
1884,2154
2195,2085
2488,1954
2759,1860
2976,1787
3097,1736
3100,1710
2978,1727
2771,1777
2486,1861
2179,1966
1857,2085
1552,2198
1296,2295
1114,2357
1034,2395
1049,2402
1145,2378
1321,2323
1566,2256
1862,2165
2181,2068
2491,1969
2750,1877
2954,1798
3080,1746
3100,1720
2986,1729
2785,1781
2512,1870
2196,1979
1870,2087
1569,2203
1309,2295
1130,2373
1037,2415
1036,2422
1125,2398
1300,2353
1549,2273
1851,2189
2154,2094
2456,1989
2730,1894
2948,1814
3076,1762
3105,1734
2992,1741
2793,1782
2525,1858
2221,1961
1895,2076
1584,2193
1326,2297
1137,2366
1037,2407
1024,2420
1111,2394
1280,2349
1524,2273
1817,2188
2132,2090
2434,1983
2703,1890
2907,1808
3060,1745
3109,1719
3002,1721
2810,1760
2547,1831
2244,1938
1924,2055
1617,2165
1350,2273
1153,2342
1045,2393
1019,2405
1104,2390
1270,2337
1511,2267
1800,2180
2113,2075
2421,1978
2704,1884
2927,1804
3066,1746
3115,1717
3013,1719
2832,1761
2584,1834
2278,1929
1950,2041
1640,2162
1383,2261
1170,2342
1059,2391
1024,2408
1098,2392
1254,2349
1489,2284
1775,2196
2103,2099
2416,1990
2686,1901
2909,1818
3047,1752
3119,1726
3025,1727
2841,1767
2580,1842
2283,1949
1965,2060
1655,2173
1378,2283
1175,2361
1056,2408
1019,2424
1095,2406
1246,2364
1464,2301
1793,2214
2061,2119
2376,2011
2666,1913
2896,1834
3052,1769
3112,1745
3018,1742
2847,1770
2605,1839
2301,1936
1982,2049
1673,2163
1394,2270
1186,2346
1062,2399
1022,2421
1089,2409
1217,2370
1429,2301
1709,2215
2036,2115
2349,2009
2641,1909
2880,1822
3051,1756
3115,1721
3045,1714
2876,1747
2624,1814
2326,1914
1998,2031
1691,2134
1425,2242
1204,2328
1076,2376
1023,2399
1074,2389
1218,2348
1432,2286
1707,2204
2010,2110
2331,2006
2621,1909
2876,1815
3058,1753
3130,1717
3057,1711
2895,1737
2650,1807
2358,1900
2036,2014
1721,2133
1443,2239
1222,2324
1091,2380
1040,2401
1077,2395
1207,2370
1418,2305
1693,2225
2007,2132
2308,2025
2602,1924
2850,1839
3031,1773
3113,1731
3059,1723
2892,1752
2654,1817
2366,1914
2055,2028
1738,2142
1449,2251
1222,2336
1081,2397
1024,2433
1071,2418
1193,2381
1395,2320
1658,2246
1955,2152
2276,2058
2584,1950
2834,1850
3012,1787
3102,1743
3065,1732
2921,1757
2682,1809
2395,1902
2072,2014
1748,2131
1459,2242
1227,2333
1083,2393
1026,2416
1059,2410
1178,2378
1374,2319
1643,2240
1946,2144
2247,2037
2557,1936
2811,1845
2999,1777
3105,1716
3088,1708
2941,1727
2706,1789
2418,1872
2105,1989
1787,2104
1492,2215
1256,2302
1095,2366
1028,2396
1051,2392
1178,2358
1384,2305
1638,2228
1912,2135
2244,2032
2545,1932
2805,1840
2995,1774
3091,1721
3082,1708
2951,1723
2735,1775
2453,1867
2141,1985
1817,2102
1523,2212
1274,2304
1109,2368
1034,2403
1054,2403
1158,2380
1350,2326
1617,2246
1913,2149
2230,2053
2524,1954
2778,1866
2967,1794
3089,1751
3084,1727
2956,1740
2734,1800
2458,1885
2148,1993
1829,2113
1530,2227
1280,2318
1110,2389
1024,2425
1031,2426
1136,2392
1327,2347
1585,2270
1881,2180
2195,2076
2502,1974
2772,1881
2972,1810
3085,1755
3090,1732
2961,1743
2751,1785
2479,1869
2167,1983
1848,2102
1550,2222
1296,2307
1118,2374
1032,2413
1034,2421
1128,2391
1311,2339
1569,2264
1871,2168
2173,2063
2479,1964
2751,1870
2971,1794
3084,1740
3100,1714
2979,1725
2778,1769
2509,1849
2195,1960
1880,2072
1577,2179
1321,2272
1133,2347
1044,2391
1040,2400
1132,2374
1301,2326
1544,2252
1839,2164
2159,2063
2467,1957
2742,1861
2950,1786
3066,1733
3101,1715
2997,1726
2796,1764
2530,1842
2219,1949
1900,2067
1598,2180
1342,2277
1147,2351
1055,2393
1034,2406
1111,2390
1276,2345
1526,2278
1822,2188
2131,2085
2439,1982
2715,1887
2939,1806
3071,1753
3109,1726
3002,1732
2806,1762
2538,1850
2231,1956
1922,2076
1614,2211
1345,2294
1150,2373
1050,2418
1030,2435
1111,2415
1270,2367
1501,2295
1792,2207
2104,2108
2422,1999
2712,1905
2933,1825
3063,1761
3115,1728
3013,1733
2826,1767
2564,1846
2258,1951
1934,2073
1627,2184
1358,2279
1159,2358
1059,2408
1034,2420
1093,2408
1248,2358
1485,2290
1770,2201
2083,2100
2389,1993
2677,1894
2906,1809
3059,1746
3120,1714
3032,1713
2845,1756
2580,1822
2283,1922
1966,2045
1654,2155
1376,2256
1171,2336
1059,2386
1026,2401
1102,2383
1248,2338
1476,2275
1748,2192
2058,2091
2368,1981
2663,1883
2897,1802
3051,1741
3120,1709
3040,1710
2865,1744
2615,1815
2307,1913
1987,2031
1681,2150
1407,2250
1191,2329
1067,2384
1021,2407
1090,2398
1234,2357
1457,2290
1737,2208
2041,2112
2355,2008
2648,1911
2896,1825
3055,1762
3116,1723
3037,1726
2871,1763
2624,1833
2326,1933
2005,2050
1691,2165
1408,2271
1194,2354
1069,2407
1027,2425
1094,2413
1220,2373
1433,2312
1712,2231
2023,2136
2331,2030
2632,1931
2862,1846
3029,1780
3109,1740
3048,1733
2892,1758
2644,1823
2341,1919
2024,2033
1712,2155
1421,2257
1209,2341
1071,2394
1017,2421
1069,2415
1200,2376
1412,2310
1688,2228
1990,2130
2299,2031
2588,1923
2847,1834
3023,1761
3109,1724
3056,1708
2901,1738
2662,1800
2373,1894
2061,2007
1742,2126
1451,2228
1215,2316
1080,2367
1022,2395
1072,2388
1193,2356
1399,2296
1669,2219
1980,2121
2294,2019
2589,1922
2839,1830
3019,1763
3105,1717
3073,1697
2918,1722
2696,1789
2397,1880
2081,1997
1766,2113
1475,2221
1243,2314
1096,2375
1029,2400
1063,2404
1181,2369
1385,2305
1664,2228
1968,2138
2271,2040
2566,1938
2824,1848
3007,1780
3090,1735
3073,1723
2928,1746
2700,1807
2412,1897
2102,2013
1786,2134
1493,2246
1257,2337
1097,2400
1028,2429
1054,2428
1171,2396
1362,2339
1624,2265
1927,2168
2242,2063
2549,1963
2807,1869
2994,1804
3088,1755
3072,1726
2941,1747
2720,1801
2431,1891
2116,2002
1795,2123
1498,2230
1263,2322
1093,2385
1017,2420
1038,2422
1157,2391
1346,2333
1602,2251
1905,2161
2218,2056
2522,1953
2793,1857
2983,1783
3093,1734
3084,1720
2956,1732
2740,1785
2464,1863
2148,1972
1826,2093
1526,2201
1280,2297
1116,2358
1039,2391
1051,2395
1148,2363
1335,2311
1586,2238
1896,2142
2223,2041
2517,1931
2771,1844
2978,1775
3092,1725
3101,1706
2976,1719
2762,1768
2483,1853
2176,1963
1856,2080
1556,2192
1308,2283
1131,2351
1040,2392
1045,2405
1141,2382
1321,2329
1574,2256
1866,2171
2182,2068
2489,1966
2759,1875
2968,1798
3086,1749
3088,1729
2967,1741
2773,1787
2498,1870
2188,1979
1869,2098
1564,2212
1308,2305
1128,2377
1039,2417
1036,2427
1130,2412
1294,2361
1533,2297
1836,2198
2156,2093
2465,1991
2739,1894
2951,1812
3074,1759
3101,1735
2987,1744
2788,1785
2519,1867
2204,1977
1880,2089
1576,2202
1325,2300
1139,2374
1039,2412
1022,2423
1115,2400
1280,2348
1527,2280
1817,2190
2127,2091
2440,1983
2715,1878
2939,1796
3082,1744
3108,1713
2999,1718
2805,1757
2542,1832
2239,1937
1919,2056
1609,2171
1346,2271
1148,2343
1053,2386
1035,2393
1129,2377
1279,2330
1514,2261
1802,2174
2116,2073
2426,1967
2705,1872
2928,1791
3069,1730
3122,1702
3023,1705
2836,1746
2560,1826
2261,1934
1947,2049
1636,2159
1364,2260
1160,2338
1056,2388
1031,2406
1106,2388
1266,2345
1491,2279
1764,2195
2077,2096
2398,1999
2682,1898
2914,1813
3058,1755
3120,1727
3019,1733
2839,1770
2578,1843
2276,1946
1949,2064
1641,2180
1369,2286
1170,2368
1060,2413
1021,2429
1093,2413
1241,2373
1471,2310
1755,2222
2065,2125
2375,2021
2660,1919
2893,1839
3047,1773
3126,1741
3043,1731
2852,1764
2597,1839
2297,1943
1975,2058
1668,2172
1391,2271
1178,2356
1058,2411
1013,2425
1084,2412
1221,2370
1464,2298
1732,2207
2037,2120
2352,2011
2644,1901
2884,1823
3043,1756
3116,1716
3037,1711
2873,1742
2622,1799
2331,1909
2012,2027
1692,2144
1408,2246
1194,2325
1077,2377
1019,2399
1087,2387
1222,2347
1442,2282
1719,2198
2028,2104
2341,2001
2628,1909
2861,1820
3029,1749
3115,1714
3051,1707
2894,1738
2647,1803
2352,1898
2034,2013
1720,2134
1436,2235
1215,2327
1076,2385
1017,2408
1064,2398
1196,2361
1424,2298
1693,2219
2004,2123
2315,2018
2607,1918
2855,1832
3044,1765
3106,1730
3053,1724
2894,1750
2658,1815
2365,1913
2050,2033
1733,2150
1445,2258
1215,2346
1075,2409
1022,2431
1067,2431
1192,2396
1396,2333
1672,2247
1982,2145
2304,2042
2594,1947
2837,1859
3014,1787
3098,1748
3063,1736
2914,1761
2678,1821
2389,1913
2075,2025
1762,2136
1471,2243
1229,2333
1082,2390
1022,2420
1059,2417
1177,2381
1379,2322
1647,2242
1954,2144
2271,2039
2571,1938
2825,1842
2995,1772
3087,1732
3067,1719
2929,1741
2701,1793
2411,1882
2097,1992
1778,2107
1487,2217
1253,2304
1097,2364
1030,2391
1053,2390
1155,2360
1362,2307
1638,2226
1942,2126
2255,2020
2554,1921
2814,1833
3005,1759
3104,1717
3082,1701
2946,1724
2716,1780
2432,1869
2123,1983
1806,2102
1511,2208
1265,2301
1104,2364
1034,2400
1059,2404
1162,2373
1347,2318
1612,2242
1913,2149
2230,2042
2541,1935
2803,1851
2990,1781
3092,1733
3082,1721
2950,1742
2735,1795
2450,1884
2136,2001
1820,2118
1518,2225
1272,2318
1118,2384
1050,2425
1056,2433
1147,2401
1330,2351
1587,2276
1889,2184
2204,2081
2508,1975
2792,1882
2975,1805
3091,1753
3096,1733
2969,1754
2751,1806
2464,1882
2155,1991
1841,2110
1543,2218
1291,2312
1116,2380
1033,2413
1041,2421
1139,2394
1320,2343
1566,2274
1851,2183
2161,2076
2483,1969
2759,1872
2966,1795
3085,1739
3098,1713
2976,1725
2773,1768
2496,1853
2185,1960
1865,2080
1567,2194
1291,2284
1129,2352
1043,2393
1043,2397
1137,2374
1306,2321
1557,2248
1852,2156
2162,2052
2469,1954
2738,1859
2953,1781
3078,1718
3117,1694
2999,1713
2794,1759
2518,1839
2216,1950
1892,2063
1585,2178
1323,2275
1138,2351
1052,2392
1057,2405
1139,2377
1300,2327
1535,2261
1827,2178
2143,2070
2448,1975
2720,1881
2939,1802
3074,1746
3113,1719
3002,1729
2807,1770
2545,1849
2222,1961
1907,2084
1601,2198
1336,2298
1144,2376
1046,2421
1030,2432
1115,2415
1280,2368
1519,2292
1809,2207
2116,2102
2411,2004
2696,1916
2922,1834
3062,1771
3113,1735
3007,1742
2815,1775
2552,1857
2255,1963
1931,2080
1622,2190
1350,2288
1140,2366
1033,2415
1003,2432
1103,2410
1258,2357
1494,2289
1779,2203
2090,2102
2407,1995
2683,1897
2911,1818
3056,1756
3112,1714
3017,1713
2845,1754
2584,1827
2279,1929
1959,2047
1646,2160
1378,2262
1171,2338
1057,2385
1019,2397
1093,2382
1245,2337
1487,2263
1779,2180
2090,2084
2386,1979
2674,1883
2904,1802
3055,1740
3119,1709
3032,1709
2858,1743
2607,1812
2307,1913
1990,2024
1685,2137
1414,2249
1188,2333
1062,2384
1022,2401
1090,2392
1235,2349
1461,2284
1741,2200
2051,2102
2367,1999
2652,1900
2893,1821
3043,1759
3106,1722
3035,1723
2864,1757
2618,1828
2324,1931
1999,2046
1689,2165
1411,2271
1198,2355
1071,2407
1021,2436
1077,2425
1199,2385
1426,2318
1714,2233
2025,2141
2339,2033
2628,1933
2871,1848
3035,1780
3109,1742
3043,1739
2873,1769
2631,1837
2342,1929
2024,2041
1710,2159
1423,2262
1201,2348
1071,2400
1020,2422
1070,2415
1199,2375
1411,2314
1689,2232
2005,2133
2324,2024
2613,1919
2854,1832
3025,1763
3110,1725
3058,1719
2900,1743
2658,1810
2364,1901
2042,2011
1738,2128
1458,2233
1239,2312
1091,2369
1028,2395
1074,2391
1198,2356
1408,2293
1679,2213
1979,2115
2297,2014
2595,1911
2850,1823
3026,1754
3119,1709
3065,1698
2911,1731
2683,1787
2394,1883
2076,1995
1761,2115
1467,2226
1236,2313
1097,2371
1032,2401
1072,2396
1187,2367
1380,2310
1641,2233
1955,2134
2275,2033
2569,1932
2826,1844
3011,1771
3103,1727
3072,1718
2923,1746
2696,1801
2404,1900
2083,2015
1759,2131
1476,2240
1242,2331
1095,2394
1030,2425
1058,2427
1172,2392
1369,2337
1633,2261
1934,2166
2244,2065
2540,1960
2803,1865
3001,1789
3106,1753
3080,1736
2938,1754
2713,1810
2431,1902
2113,2013
1795,2134
1499,2244
1255,2331
1092,2394
1027,2421
1058,2416
1172,2392
1351,2330
1608,2254
1911,2158
2225,2053
2526,1950
2789,1857
2982,1783
3093,1734
3086,1714
2961,1726
2743,1782
2465,1872
2151,1979
1820,2098
1525,2204
1277,2298
1111,2362
1035,2395
1051,2398
1155,2369
1343,2313
1599,2239
1904,2144
2213,2051
2506,1946
2770,1845
2981,1771
3090,1721
3096,1702
2971,1716
2760,1765
2483,1850
2172,1961
1847,2078
1535,2193
1278,2291
1119,2362
1038,2398
1047,2404
1141,2376
1321,2326
1581,2250
1875,2160
2189,2060
2493,1957
2753,1867
2963,1791
3085,1743
3101,1717
2972,1734
2768,1785
2491,1864
2182,1974
1865,2100
1562,2212
1304,2307
1124,2381
1033,2420
1034,2430
1136,2407
1323,2354
1568,2276
1850,2190
2163,2088
2471,1989
2740,1893
2954,1812
3079,1758
3099,1732
2983,1743
2784,1790
2514,1870
2214,1971
1895,2090
1582,2195
1319,2294
1131,2382
1038,2418
1032,2427
1116,2403
1284,2350
1530,2279
1827,2189
2140,2082
2452,1985
2722,1888
2925,1803
3073,1746
3109,1719
2999,1724
2804,1764
2531,1839
2225,1947
1912,2063
1609,2173
1345,2274
1153,2349
1046,2397
1019,2404
1107,2378
1277,2332
1518,2264
1807,2172
2119,2073
2405,1969
2711,1873
2934,1791
3073,1737
3120,1708
3007,1716
2813,1744
2551,1825
2250,1930
1940,2053
1631,2163
1363,2266
1165,2343
1056,2387
1032,2403
1107,2385
1262,2342
1493,2271
1783,2183
2097,2080
2412,1976
2693,1887
2917,1807
3062,1750
3129,1720
3021,1727
2835,1769
2575,1843
2264,1948
1945,2067
1639,2178
1376,2277
1187,2358
1067,2410
1022,2427
1099,2412
1249,2367
1479,2304
1759,2216
2071,2118
2378,2014
2668,1920
2903,1831
3055,1771
3127,1739
3027,1744
2848,1774
2592,1842
2293,1947
1970,2061
1659,2174
1384,2281
1179,2358
1057,2406
1022,2421
1074,2411
1207,2372
1453,2304
1736,2217
2051,2114
2352,2009
2648,1911
2885,1824
3045,1763
3122,1725
3039,1719
2868,1752
2611,1819
2306,1921
1997,2028
1689,2147
1409,2248
1189,2325
1065,2379
1026,2398
1090,2386
1226,2344
1444,2283
1722,2201
2027,2104
2344,2003
2638,1904
2885,1812
3042,1744
3115,1710
3050,1707
2888,1736
2646,1803
2348,1900
2024,2013
1709,2132
1429,2241
1211,2322
1076,2381
1039,2398
1085,2390
1211,2351
1427,2289
1701,2211
2014,2116
2321,2012
2613,1913
2855,1825
3028,1760
3114,1722
3057,1717
2909,1751
2663,1814
2361,1911
2045,2027
1727,2145
1443,2256
1217,2342
1072,2403
1021,2427
1070,2422
1196,2385
1414,2326
1678,2253
1974,2155
2289,2045
2590,1943
2844,1855
3017,1784
3101,1741
3055,1730
2906,1757
2675,1815
2385,1913
2070,2029
1752,2150
1447,2260
1210,2342
1076,2396
1021,2426
1060,2424
1177,2386
1384,2324
1654,2245
1960,2147
2276,2042
2571,1938
2824,1851
3004,1774
3094,1729
3068,1719
2927,1737
2695,1794
2407,1890
2094,1999
1780,2112
1486,2224
1252,2309
1096,2372
1029,2399
1052,2397
1170,2356
1381,2301
1643,2226
1940,2135
2258,2030
2552,1916
2810,1836
3002,1763
3102,1718
3085,1704
2950,1727
2731,1779
2451,1865
2121,1980
1804,2097
1510,2210
1266,2302
1110,2363
1035,2398
1056,2395
1168,2368
1355,2314
1619,2237
1922,2147
2224,2053
2523,1945
2792,1858
2987,1784
3093,1741
3086,1722
2950,1739
2732,1793
2450,1879
2137,1992
1819,2108
1525,2218
1271,2315
1098,2382
1021,2427
1047,2430
1151,2396
1336,2344
1591,2271
1890,2176
2203,2079
2506,1967
2775,1883
2975,1803
3086,1755
3077,1736
2956,1753
2747,1803
2472,1886
2157,1991
1839,2106
1539,2220
1288,2315
1117,2382
1034,2415
1037,2420
1132,2399
1311,2338
1570,2259
1877,2174
2180,2078
2482,1971
2755,1876
2964,1799
3086,1747
3101,1719
2977,1732
2769,1780
2497,1860
2184,1961
1872,2075
1584,2188
1320,2284
1128,2356
1042,2389
1042,2398
1135,2376
1310,2325
1553,2255
1847,2166
2164,2060
2471,1957
2748,1862
2960,1790
3089,1735
3110,1706
2994,1713
2794,1758
2527,1838
2216,1947
1893,2070
1592,2181
1326,2277
1144,2351
1054,2394
1042,2411
1126,2388
1280,2337
1534,2264
1827,2176
2141,2074
2447,1973
2722,1878
2937,1799
3069,1740
3109,1713
3003,1722
2806,1774
2531,1868
2216,1961
1900,2080
1607,2196
1339,2295
1143,2373
1043,2418
1026,2430
1112,2410
1274,2361
1513,2296
1800,2209
2112,2110
2414,1996
2696,1903
2926,1821
3063,1761
3107,1732
3006,1738
2817,1775
2555,1852
2247,1959
1928,2078
1623,2192
1364,2292
1172,2364
1050,2404
1020,2426
1097,2411
1255,2365
1495,2293
1779,2202
2089,2103
2400,1999
2683,1899
2915,1813
3064,1751
3125,1720
3017,1717
2834,1758
2576,1835
2277,1937
1959,2052
1650,2167
1377,2266
1170,2342
1059,2388
1031,2403
1103,2386
1250,2340
1471,2272
1756,2192
2073,2094
2389,1986
2674,1889
2902,1805
3055,1745
3120,1710
3035,1710
2861,1742
2606,1812
2303,1915
1972,2033
1655,2151
1391,2248
1186,2336
1065,2385
1022,2405
1091,2395
1232,2352
1460,2289
1743,2206
2053,2110
2362,2009
2644,1903
2878,1818
3041,1758
3117,1724
3037,1723
2864,1758
2611,1828
2314,1932
1998,2047
1684,2161
1409,2268
1164,2348
1063,2398
1015,2418
1093,2407
1227,2375
1434,2313
1716,2233
2023,2138
2334,2035
2629,1928
2869,1844
3032,1779
3107,1738
3042,1726
2885,1757
2646,1818
2349,1925
2023,2043
1705,2159
1425,2269
1209,2346
1076,2405
1019,2423
1072,2415
1201,2373
1416,2310
1700,2224
2004,2133
2322,2029
2609,1925
2854,1837
3028,1767
3112,1727
3059,1716
2901,1743
2659,1803
2367,1897
2049,2009
1735,2126
1446,2241
1221,2328
1078,2383
1017,2406
1072,2399
1200,2359
1404,2298
1677,2217
1982,2119
2298,2013
2596,1914
2844,1827
3025,1759
3111,1721
3065,1712
2922,1734
2685,1791
2394,1887
2073,2004
1756,2120
1469,2226
1233,2317
1086,2374
1028,2403
1062,2402
1194,2373
1399,2311
1659,2227
1964,2134
2273,2030
2571,1929
2827,1839
3007,1771
3097,1730
3074,1719
2923,1745
2692,1810
2413,1899
2110,2014
1785,2125
1481,2238
1245,2332
1088,2395
1028,2425
1057,2421
1169,2390
1369,2334
1633,2252
1938,2159
2257,2055
2557,1955
2811,1861
2996,1788
3093,1747
3072,1729
2936,1749
2710,1804
2424,1893
2112,2008
1782,2122
1500,2232
1258,2322
1095,2388
1013,2417
1036,2419
1156,2391
1352,2331
1612,2257
1913,2162
2229,2059
2525,1952
2796,1863
2990,1788
3095,1740
3081,1727
2948,1745
2720,1787
2445,1875
2141,1978
1825,2097
1525,2206
1277,2297
1111,2362
1036,2397
1052,2399
1152,2373
1341,2321
1592,2245
1891,2147
2208,2042
2517,1946
2782,1853
2982,1777
3091,1728
3093,1707
2970,1721
2755,1774
2480,1859
2169,1965
1842,2082
1546,2194
1304,2283
1134,2360
1044,2400
1045,2403
1139,2382
1319,2328
1597,2255
1873,2164
2187,2061
2493,1960
2759,1865
2970,1787
3093,1731
3110,1718
2983,1731
2765,1779
2490,1868
2182,1975
1863,2096
1562,2210
1304,2306
1124,2377
1038,2413
1038,2424
1134,2401
1305,2358
1562,2284
1846,2193
2161,2089
2469,1982
2741,1888
2952,1806
3082,1751
3104,1727
2988,1739
2776,1775
2499,1869
2181,1982
1878,2100
1581,2208
1322,2300
1134,2373
1042,2415
1031,2419
1122,2398
1288,2347
1530,2276
1822,2189
2132,2088
2442,1985
2720,1892
2945,1807
3077,1747
3110,1720
2998,1725
2807,1765
2536,1846
2229,1947
1905,2065
1596,2179
1336,2280
1147,2352
1059,2392
1045,2397
1121,2375
1279,2333
1517,2264
1809,2177
2124,2079
2430,1975
2710,1880
2926,1801
3071,1742
3120,1711
3027,1714
2838,1745
2565,1818
2253,1931
1932,2052
1628,2169
1360,2265
1162,2344
1057,2394
1031,2405
1110,2387
1271,2341
1507,2277
1794,2194
2097,2093
2405,1988
2688,1892
2913,1814
3061,1757
3119,1723
3019,1726
2834,1767
2575,1841
2273,1945
1953,2059
1640,2186
1359,2287
1154,2359
1056,2409
1021,2423
1099,2411
1249,2368
1477,2304
1763,2213
2077,2116
2385,2013
2667,1915
2898,1835
3034,1772
3100,1734
3023,1731
2851,1766
2596,1837
2293,1937
1971,2056
1662,2170
1385,2275
1173,2356
1055,2410
1010,2426
1086,2412
1223,2367
1458,2300
1741,2214
2052,2114
2359,2011
2649,1910
2886,1824
3043,1759
3112,1723
3036,1718
2864,1751
2617,1809
2320,1911
2015,2026
1701,2144
1409,2249
1192,2332
1068,2385
1022,2406
1089,2394
1224,2354
1445,2289
1735,2204
2032,2105
2345,1992
2647,1896
2891,1813
3042,1749
3115,1709
3049,1703
2887,1735
2641,1802
2347,1903
2029,2019
1716,2138
1433,2241
1203,2323
1060,2384
1020,2409
1079,2401
1213,2366
1433,2299
1704,2218
2011,2123
2328,2017
2621,1918
2863,1832
3027,1764
3102,1728
3034,1722
2882,1755
2652,1821
2359,1912
2040,2028
1727,2147
1442,2255
1217,2340
1080,2399
1026,2425
1071,2419
1188,2382
1395,2327
1675,2247
1988,2150
2305,2036
2595,1939
2841,1850
3016,1778
3104,1737
3056,1727
2905,1750
2666,1816
2372,1913
2059,2026
1753,2150
1470,2251
1231,2332
1077,2393
1022,2419
1059,2418
1182,2379
1386,2320
1652,2234
1957,2145
2275,2033
2577,1936
2838,1841
3029,1769
3113,1727
3070,1718
2921,1737
2691,1796
2403,1889
2088,2001
1772,2116
1482,2224
1249,2318
1093,2370
1037,2400
1065,2403
1186,2369
1372,2308
1639,2232
1945,2137
2261,2030
2563,1930
2820,1841
3007,1766
3107,1722
3085,1708
2950,1729
2721,1791
2421,1879
2098,1991
1791,2103
1502,2215
1264,2306
1106,2365
1034,2404
1058,2399
1172,2372
1360,2316
1623,2239
1916,2150
2226,2051
2521,1944
2788,1849
2990,1782
3096,1735
3080,1717
2948,1739
2729,1805
2447,1887
2133,2000
1812,2115
1512,2232
1265,2322
1100,2380
1036,2415
1053,2425
1156,2397
1342,2335
1595,2260
1897,2169
2208,2067
2511,1966
2775,1871
2980,1797
3100,1742
3104,1723
2964,1735
2745,1793
2465,1880
2150,1989
1832,2108
1533,2215
1282,2309
1109,2379
1034,2415
1051,2417
1149,2390
1338,2330
1577,2255
1870,2167
2186,2066
2492,1962
2759,1868
2966,1791
3083,1740
3093,1717
2981,1733
2773,1778
2495,1854
2179,1967
1848,2081
1551,2198
1306,2298
1127,2356
1041,2396
1043,2402
1140,2376
1314,2327
1564,2254
1857,2165
2178,2060
2471,1960
2737,1866
2946,1790
3082,1743
3104,1712
2993,1718
2788,1764
2518,1844
2211,1952
1889,2072
1583,2182
1322,2280
1131,2350
1037,2397
1033,2402
1130,2383
1300,2336
1545,2266
1835,2176
2149,2078
2456,1978
2730,1881
2943,1803
3067,1750
3099,1725
2990,1729
2800,1767
2544,1853
2235,1963
1902,2080
1596,2196
1333,2292
1140,2364
1046,2415
1028,2426
1110,2410
1274,2363
1520,2287
1811,2197
2132,2093
2443,1996
2710,1899
2929,1818
3064,1758
3108,1731
3005,1735
2809,1773
2548,1855
2248,1955
1928,2066
1616,2179
1357,2287
1156,2368
1045,2409
1022,2424
1102,2407
1257,2356
1496,2286
1785,2196
2095,2096
2413,1989
2693,1894
2923,1810
3062,1751
3111,1724
3004,1721
2821,1753
2570,1827
2272,1929
1953,2049
1642,2164
1374,2268
1170,2341
1061,2389
1030,2405
1099,2393
1248,2353
1471,2284
1755,2194
2082,2092
2396,1988
2678,1888
2910,1801
3060,1742
3123,1710
3031,1713
2845,1746
2596,1817
2305,1921
1988,2038
1668,2152
1389,2257
1183,2336
1063,2391
1027,2428
1097,2397
1236,2357
1461,2289
1742,2205
2059,2107
2377,2002
2672,1901
2904,1813
3045,1756
3115,1725
3036,1727
2863,1761
2610,1832
2310,1935
1987,2050
1678,2171
1403,2273
1193,2354
1076,2404
1026,2420
1083,2410
1223,2375
1441,2310
1724,2225
2031,2128
2340,2021
2633,1922
2878,1835
3036,1770
3116,1731
3041,1727
2867,1759
2621,1827
2328,1932
2013,2040
1700,2155
1417,2260
1200,2337
1069,2398
1021,2418
1076,2407
1210,2369
1423,2311
1690,2228
1996,2123
2306,2020
2613,1918
2859,1830
3026,1762
3111,1723
3057,1711
2898,1743
2658,1805
2357,1898
2035,2014
1721,2128
1438,2230
1215,2316
1086,2376
1029,2404
1076,2398
1202,2360
1409,2300
1687,2218
1991,2121
2301,2017
2598,1918
2845,1828
3022,1754
3131,1708
3084,1704
2921,1731
2681,1791
2388,1888
2067,2000
1752,2121
1464,2231
1228,2318
1085,2381
1025,2408
1070,2402
1200,2365
1411,2310
1671,2231
1970,2138
2280,2031
2577,1931
2830,1842
3008,1771
3098,1731
3067,1719
2922,1745
2692,1804
2407,1894
2091,2019
1766,2141
1470,2247
1235,2334
1090,2396
1025,2425
1057,2423
1172,2393
1372,2331
1639,2252
1946,2158
2261,2053
2550,1958
2804,1867
2998,1795
3097,1742
3069,1726
2929,1746
2707,1803
2423,1893
2108,2006
1787,2122
1489,2233
1248,2326
1089,2395
1030,2424
1051,2420
1158,2387
1353,2325
1616,2246
1919,2151
2244,2045
2538,1944
2795,1851
2985,1775
3091,1729
3083,1711
2960,1728
2736,1773
2445,1864
2133,1980
1812,2100
1519,2209
1277,2302
1112,2370
1034,2401
1052,2403
1156,2374
1349,2320
1614,2238
1918,2140
2223,2036
2522,1938
2785,1848
2984,1775
3098,1725
3095,1708
2963,1734
2752,1776
2472,1863
2159,1972
1847,2092
1540,2200
1292,2294
1118,2369
1037,2404
1045,2411
1150,2382
1324,2328
1578,2253
1877,2160
2194,2060
2503,1956
2768,1869
2963,1803
3076,1751
3084,1723
2972,1740
2763,1788
2483,1873
2171,1986
1854,2105
1554,2214
1302,2309
1127,2381
1041,2418
1036,2432
1122,2403
1298,2346
1552,2271
1855,2182
2167,2080
2479,1975
2743,1884
2955,1805
3080,1751
3098,1728
2981,1742
2774,1790
2499,1867
2189,1971
1882,2092
1575,2208
1312,2306
1132,2370
1037,2413
1035,2418
1125,2394
1290,2342
1533,2271
1824,2179
2137,2073
2450,1965
2743,1873
2956,1798
3074,1737
3107,1716
2995,1723
2801,1759
2530,1839
2224,1949
1903,2067
1597,2174
1333,2274
1148,2343
1062,2387
1046,2403
1123,2381
1281,2334
1523,2263
1817,2174
2126,2071
2435,1971
2718,1874
2940,1793
3074,1737
3105,1709
2999,1720
2818,1762
2555,1836
2250,1940
1931,2059
1620,2171
1352,2270
1157,2348
1050,2391
1032,2404
1113,2389
1266,2345
1492,2283
1783,2201
2105,2096
2413,1987
2694,1891
2917,1812
3054,1753
3116,1726
3017,1730
2831,1768
2570,1847
2263,1950
1936,2070
1641,2187
1369,2287
1162,2360
1051,2410
1020,2428
1099,2412
1250,2365
1483,2299
1767,2212
2077,2116
2386,2009
2667,1911
2907,1828
3067,1762
3117,1722
3021,1729
2844,1769
2588,1835
2292,1943
1968,2056
1657,2173
1379,2276
1168,2352
1054,2402
1020,2414
1098,2404
1245,2360
1461,2296
1744,2208
2054,2110
2370,2002
2654,1902
2888,1816
3044,1753
3113,1717
3037,1713
2866,1749
2618,1826
2314,1924
1992,2032
1680,2146
1406,2248
1191,2328
1068,2383
1023,2399
1088,2392
1227,2349
1451,2285
1732,2204
2040,2112
2340,2007
2624,1905
2878,1814
3045,1751
3116,1711
3050,1708
2881,1742
2635,1810
2341,1909
2024,2025
1712,2141
1426,2252
1199,2333
1059,2386
1017,2410
1081,2399
1211,2364
1425,2302
1701,2221
2013,2125
2328,2017
2618,1921
2844,1837
3028,1768
3104,1730
3051,1718
2893,1747
2653,1820
2355,1921
2039,2036
1724,2152
1439,2258
1214,2343
1077,2400
1022,2426
1069,2419
1191,2381
1405,2313
1687,2232
1998,2141
2305,2039
2597,1934
2846,1846
3020,1775
3104,1732
3058,1724
2903,1751
2677,1814
2383,1906
2076,2022
1741,2136
1458,2249
1225,2337
1082,2394
1022,2421
1060,2415
1182,2380
1388,2315
1659,2235
1966,2140
2281,2030
2571,1927
2826,1837
3010,1780
3105,1730
3073,1718
2925,1733
2694,1791
2400,1884
2088,1994
1772,2112
1478,2223
1247,2308
1094,2367
1019,2400
1049,2401
1176,2372
1379,2311
1644,2231
1945,2135
2259,2032
2562,1929
2817,1838
3004,1767
3105,1721
3082,1705
2938,1729
2713,1787
2434,1881
2113,1992
1794,2108
1498,2221
1258,2308
1103,2376
1035,2404
1058,2407
1168,2382
1356,2323
1623,2241
1931,2147
2251,2043
2545,1945
2797,1852
2986,1782
3093,1735
3085,1720
2963,1741
2728,1796
2441,1888
2129,2001
1808,2116
1519,2227
1278,2322
1114,2390
1041,2423
1048,2426
1149,2395
1343,2341
1600,2268
1899,2173
2210,2071
2512,1967
2779,1873
2975,1791
3094,1746
3082,1730
2954,1741
2749,1791
2465,1879
2152,1987
1834,2108
1535,2217
1280,2311
1112,2379
1031,2412
1040,2417
1146,2388
1323,2340
1567,2264
1865,2167
2189,2060
2504,1956
2765,1863
2968,1784
3084,1735
3098,1713
2981,1723
2766,1773
2489,1856
2171,1966
1850,2077
1547,2190
1301,2287
1126,2356
1045,2396
1042,2404
1136,2377
1314,2323
1580,2252
1860,2161
2170,2058
2489,1952
2767,1857
2967,1775
3086,1729
3101,1706
2988,1721
2786,1768
2513,1850
2203,1954
1882,2074
1577,2192
1322,2287
1145,2360
1062,2398
1048,2404
1127,2388
1293,2343
1546,2269
1838,2182
2153,2080
2458,1976
2731,1883
2947,1807
3079,1747
3108,1723
2997,1727
2797,1776
2523,1854
2218,1969
1905,2086
1596,2200
1333,2298
1144,2371
1040,2415
1034,2428
1117,2407
1280,2358
1521,2284
1806,2199
2108,2099
2428,1996
2710,1898
2931,1814
3066,1762
3107,1730
3003,1736
2814,1779
2537,1854
2242,1956
1922,2074
1609,2186
1334,2291
1146,2362
1048,2407
1025,2418
1104,2399
1259,2349
1495,2279
1783,2190
2098,2093
2407,1987
2693,1887
2914,1806
3058,1743
3122,1709
3019,1714
2832,1754
2571,1826
2267,1929
1956,2044
1641,2162
1374,2263
1171,2340
1047,2387
1026,2402
1098,2380
1262,2334
1500,2270
1774,2189
2082,2087
2391,1986
2682,1885
2911,1806
3060,1747
3122,1714
3022,1712
2853,1747
2598,1814
2300,1915
1992,2037
1673,2153
1386,2264
1182,2344
1064,2391
1025,2411
1099,2401
1240,2356
1474,2291
1747,2206
2058,2108
2374,2006
2654,1912
2881,1833
3042,1767
3113,1730
3033,1728
2863,1764
2613,1835
2310,1935
1993,2052
1687,2163
1401,2272
1193,2354
1065,2411
1010,2435
1072,2419
1220,2374
1444,2310
1723,2227
2026,2128
2348,2025
2633,1922
2872,1836
3034,1773
3106,1739
3037,1733
2875,1763
2630,1823
2333,1920
2011,2041
1695,2153
1417,2260
1200,2344
1068,2397
1017,2417
1073,2405
1207,2367
1430,2304
1714,2220
2026,2114
2326,2010
2618,1915
2858,1822
3028,1759
3108,1713
3050,1709
2895,1734
2652,1800
2360,1897
2050,2012
1737,2127
1458,2229
1221,2316
1067,2370
1023,2401
1074,2396
1208,2357
1416,2297
1685,2219
1991,2120
2309,2015
2614,1914
2857,1825
3025,1756
3110,1710
3065,1707
2910,1734
2680,1794
2388,1887
2071,2005
1752,2123
1465,2232
1238,2314
1093,2380
1033,2408
1064,2411
1172,2377
1381,2310
1656,2230
1970,2140
2281,2036
2576,1936
2826,1846
3006,1779
3101,1740
3063,1727
2917,1759
2686,1821
2391,1911
2077,2020
1774,2137
1484,2248
1248,2335
1094,2395
1025,2425
1055,2422
1170,2390
1384,2333
1634,2255
1934,2163
2248,2056
2547,1947
2812,1860
3000,1790
3096,1745
3063,1727
2932,1748
2707,1805
2425,1896
2114,2009
1791,2125
1495,2232
1254,2319
1091,2379
1046,2412
1064,2415
1158,2381
1350,2322
1610,2245
1914,2150
2233,2050
2543,1945
2791,1856
2989,1778
3092,1723
3079,1696
2965,1726
2742,1776
2451,1863
2137,1977
1818,2092
1527,2203
1277,2293
1111,2360
1034,2394
1054,2395
1156,2368
1342,2320
1606,2241
1905,2153
2214,2050
2520,1942
2787,1851
2985,1778
3095,1724
3091,1706
2973,1720
2755,1769
2473,1856
2166,1965
1828,2090
1534,2208
1294,2300
1124,2363
1042,2404
1047,2409
1144,2386
1333,2334
1579,2258
1876,2167
2185,2067
2480,1965
2752,1877
2964,1804
3088,1748
3096,1724
2974,1739
2765,1792
2488,1876
2176,1993
1858,2102
1554,2218
1298,2315
1121,2383
1038,2423
1044,2428
1145,2403
1307,2344
1555,2279
1853,2191
2160,2085
2472,1985
2741,1887
2951,1807
3074,1749
3091,1726
2982,1736
2789,1778
2521,1858
2205,1965
1877,2083
1573,2199
1312,2300
1127,2371
1042,2413
1030,2418
1121,2397
1296,2344
1540,2269
1834,2179
2152,2080
2453,1976
2723,1876
2940,1795
3071,1736
3109,1705
2998,1717
2801,1761
2532,1835
2227,1940
1911,2054
1606,2172
1340,2272
1136,2341
1033,2392
1029,2398
1120,2379
1286,2334
1523,2259
1812,2176
2125,2072
2439,1967
2714,1872
2932,1796
3069,1741
3112,1719
2999,1712
2815,1758
2561,1831
2254,1936
1932,2056
1624,2172
1356,2275
1159,2344
1053,2395
1029,2413
1101,2397
1262,2355
1496,2280
1789,2193
2102,2093
2410,1994
2693,1895
2916,1814
3058,1757
3116,1731
3015,1737
2830,1778
2572,1853
2269,1953
1943,2064
1645,2179
1385,2281
1171,2366
1053,2410
1019,2428
1094,2415
1250,2366
1482,2305
1764,2216
2078,2117
2396,2009
2680,1909
2901,1823
3050,1763
3118,1731
3023,1731
2847,1767
2589,1839
2301,1941
1970,2055
1662,2174
1392,2274
1170,2350
1054,2398
1006,2414
1080,2404
1230,2363
1460,2293
1746,2208
2057,2106
2368,2003
2654,1902
2892,1815
3051,1749
3116,1714
3034,1711
2852,1745
2597,1818
2312,1917
2000,2027
1686,2140
1405,2242
1195,2323
1067,2379
1025,2398
1092,2390
1226,2349
1458,2288
1720,2206
2031,2109
2344,2004
2645,1901
2881,1814
3044,1746
3107,1703
3049,1705
2887,1739
2635,1818
2334,1905
2021,2027
1701,2144
1428,2240
1218,2326
1086,2385
1027,2409
1080,2405
1216,2359
1429,2302
1703,2222
2006,2130
2321,2028
2617,1922
2858,1837
3032,1768
3126,1727
3069,1750
2896,1759
2649,1825
2347,1927
2037,2035
1721,2156
1437,2266
1213,2349
1075,2406
1028,2427
1072,2420
1203,2388
1419,2327
1676,2243
1986,2142
2297,2031
2594,1936
2844,1848
3021,1781
3101,1740
3058,1726
2907,1753
2673,1810
2378,1915
2058,2037
1733,2148
1442,2250
1224,2332
1086,2391
1026,2416
1064,2412
1171,2376
1390,2306
1667,2229
1966,2132
2290,2029
2575,1929
2815,1839
2996,1767
3103,1718
3068,1701
2924,1729
2693,1784
2401,1873
2088,1996
1770,2109
1480,2219
1240,2308
1089,2371
1033,2399
1057,2394
1184,2360
1381,2304
1645,2226
1952,2132
2268,2028
2563,1926
2815,1836
3001,1765
3100,1725
3088,1707
2959,1726
2725,1776
2427,1868
2109,1987
1789,2106
1499,2220
1257,2309
1099,2378
1028,2409
1056,2413
1178,2381
1368,2323
1636,2238
1934,2147
2241,2046
2537,1947
2797,1861
2993,1790
3093,1746
3078,1729
2944,1749
2725,1804
2444,1895
2131,2007
1814,2122
1510,2232
1257,2327
1100,2398
1031,2427
1048,2429
1152,2401
1340,2341
1597,2268
1902,2173
2218,2073
2518,1968
2780,1869
2971,1800
3075,1752
3071,1736
2968,1746
2742,1796
2463,1876
2152,1988
1830,2104
1535,2218
1281,2312
1110,2379
1033,2414
1036,2418
1130,2384
1311,2330
1583,2257
1884,2165
2197,2060
2502,1956
2765,1862
2971,1785
3087,1727
3093,1707
2968,1719
2757,1766
2483,1844
2183,1947
1862,2073
1559,2187
1306,2280
1128,2354
1042,2391
1050,2399
1138,2373
1313,2322
1563,2247
1857,2155
2178,2051
2489,1945
2771,1859
2971,1783
3084,1729
3103,1702
2989,1713
2783,1758
2510,1845
2202,1953
1879,2071
1576,2185
1327,2284
1143,2355
1057,2402
1048,2415
1125,2389
1298,2341
1541,2266
1835,2178
2149,2077
2450,1977
2729,1881
2952,1808
3077,1753
3108,1732
2995,1746
2787,1791
2509,1871
2217,1972
1900,2090
1594,2206
1334,2305
1142,2374
1041,2420
1032,2432
1117,2410
1279,2364
1520,2295
1807,2211
2126,2105
2432,1994
2713,1898
2933,1817
3063,1759
3116,1741
3003,1742
2806,1782
2545,1859
2229,1963
1912,2078
1614,2195
1352,2286
1153,2358
1046,2406
1027,2421
1109,2398
1251,2352
1500,2280
1786,2190
2098,2094
2409,1990
2694,1891
2928,1812
3077,1738
3123,1703
3016,1709
2829,1751
2570,1824
2268,1930
1945,2043
1635,2158
1366,2260
1162,2326
1065,2382
1033,2397
1122,2379
1266,2342
1487,2269
1774,2184
2088,2089
2398,1983
2679,1885
2909,1800
3060,1741
3125,1707
3035,1709
2858,1744
2595,1817
2287,1918
1963,2042
1661,2157
1383,2258
1170,2344
1063,2390
1021,2409
1097,2397
1252,2356
1471,2290
1753,2208
2064,2112
2353,2013
2644,1910
2887,1825
3047,1763
3113,1730
3033,1730
2861,1767
2609,1832
2319,1937
1988,2055
1677,2174
1397,2280
1180,2363
1054,2414
1016,2434
1088,2422
1232,2382
1446,2316
1725,2232
2036,2132
2347,2019
2635,1926
2879,1838
3029,1773
3105,1735
3037,1723
2889,1757
2633,1830
2330,1930
2007,2045
1699,2156
1416,2264
1199,2341
1065,2398
1015,2418
1070,2409
1207,2369
1431,2298
1715,2214
2030,2121
2331,2010
2619,1914
2864,1825
3031,1758
3108,1719
3050,1710
2889,1733
2650,1799
2355,1893
2037,2006
1732,2122
1448,2234
1214,2316
1074,2375
1028,2396
1074,2391
1204,2357
1418,2292
1697,2213
2003,2114
2314,2012
2606,1909
2841,1824
3019,1757
3107,1721
3066,1705
2908,1730
2671,1794
2385,1889
2066,2003
1746,2122
1458,2231
1225,2316
1081,2376
1015,2410
1054,2409
1190,2373
1399,2310
1668,2230
1973,2135
2289,2031
2585,1931
2835,1841
3012,1780
3098,1740
3058,1726
2913,1754
2684,1818
2399,1910
2081,2020
1764,2140
1471,2246
1234,2336
1090,2401
1028,2424
1059,2424
1181,2394
1370,2333
1639,2260
1948,2165
2279,2057
2574,1949
2816,1859
3000,1793
3096,1746
3071,1734
2931,1754
2701,1817
2412,1900
2098,2013
1785,2125
1497,2229
1266,2317
1106,2383
1032,2414
1052,2409
1164,2386
1363,2320
1619,2241
1922,2149
2235,2041
2543,1940
2805,1847
3002,1773
3104,1726
3084,1710
2935,1727
2724,1780
2444,1874
2129,1978
1814,2096
1512,2206
1271,2291
1110,2361
1037,2395
1056,2399
1166,2369
1344,2321
1595,2240
1899,2142
2221,2038
2524,1936
2790,1844
2987,1773
3100,1722
3097,1702
2967,1710
2749,1772
2461,1865
2146,1976
1820,2085
1520,2202
1285,2298
1120,2366
1040,2405
1052,2413
1152,2385
1332,2332
1587,2256
1881,2167
2192,2064
2492,1962
2759,1864
2971,1787
3092,1743
3096,1723
2972,1741
2757,1791
2501,1877
2170,1987
1854,2108
1550,2219
1292,2320
1117,2388
1038,2426
1042,2429
1149,2404
1320,2358
1564,2282
1857,2193
2168,2086
2476,1981
2747,1884
2956,1810
3081,1758
3101,1735
2988,1739
2779,1784
2494,1870
2192,1983
1873,2099
1569,2206
1310,2301
1126,2374
1037,2411
1033,2422
1128,2394
1302,2341
1548,2268
1832,2178
2136,2078
2457,1978
2731,1875
2947,1793
3072,1736
3104,1707
2998,1706
2801,1759
2530,1836
2223,1943
1897,2060
1588,2175
1322,2273
1139,2353
1050,2389
1036,2401
1125,2378
1286,2331
1545,2259
1822,2171
2134,2072
2438,1965
2718,1871
2933,1790
3069,1734
3116,1700
3011,1711
2818,1751
2550,1829
2246,1933
1928,2054
1617,2165
1352,2271
1154,2346
1048,2395
1025,2406
1109,2390
1277,2342
1523,2273
1800,2190
2109,2090
2419,1987
2696,1892
2923,1811
3062,1755
3112,1727
3007,1734
2826,1774
2563,1845
2268,1950
1959,2072
1638,2189
1365,2293
1161,2365
1050,2413
1022,2431
1100,2415
1252,2371
1484,2302
1773,2212
2085,2113
2398,2008
2681,1919
2907,1835
3050,1769
3113,1734
3018,1737
2843,1772
2582,1846
2281,1947
1965,2063
1655,2172
1381,2277
1178,2358
1060,2409
1007,2431
1072,2406
1232,2359
1465,2288
1748,2204
2059,2105
2372,2000
2661,1899
2895,1814
3051,1753
3114,1715
3029,1716
2854,1753
2594,1813
2299,1914
1993,2026
1679,2143
1406,2245
1190,2326
1065,2378
1026,2399
1093,2387
1228,2349
1455,2285
1747,2198
2056,2096
2356,1988
2645,1898
2888,1808
3048,1749
3123,1708
3046,1708
2875,1736
2629,1804
2327,1906
2014,2021
1707,2138
1429,2245
1204,2316
1074,2383
1024,2409
1082,2402
1220,2361
1429,2299
1708,2217
2014,2121
2330,2014
2624,1925
2874,1834
3037,1768
3112,1729
3047,1729
2890,1760
2646,1823
2350,1925
2028,2039
1714,2157
1428,2265
1210,2351
1077,2406
1028,2429
1073,2421
1197,2383
1402,2328
1683,2244
1995,2141
2304,2039
2598,1937
2846,1850
3021,1781
3109,1740
3058,1731
2903,1755
2659,1816
2360,1916
2034,2029
1735,2147
1452,2254
1220,2338
1080,2399
1023,2416
1066,2417
1191,2378
1397,2315
1663,2237
1968,2139
2281,2031
2578,1925
2839,1837
3013,1766
3106,1725
3069,1710
2918,1730
2689,1791
2399,1880
2080,1994
1761,2112
1470,2217
1236,2306
1095,2360
1045,2391
1080,2394
1185,2361
1385,2301
1649,2222
1954,2126
2270,2021
2565,1921
2819,1832
2991,1764
3102,1717
3083,1699
2951,1724
2721,1786
2427,1878
2109,1990
1788,2107
1497,2217
1257,2308
1099,2374
1029,2404
1056,2402
1165,2373
1366,2316
1636,2242
1929,2156
2243,2049
2541,1947
2802,1858
2993,1781
3093,1735
3078,1721
2942,1745
2723,1798
2441,1887
2129,2005
1808,2128
1511,2244
1252,2336
1093,2397
1026,2427
1047,2427
1154,2400
1344,2340
1604,2263
1905,2167
2219,2065
2515,1963
2778,1875
2973,1803
3091,1753
3085,1731
2953,1749
2738,1806
2457,1890
2147,2001
1831,2113
1529,2221
1279,2312
1108,2378
1029,2412
1046,2413
1152,2387
1329,2330
1579,2258
1881,2167
2197,2064
2504,1958
2772,1866
2971,1786
3088,1733
3093,1710
2971,1721
2766,1768
2497,1846
2182,1948
1849,2069
1554,2185
1301,2283
1129,2352
1041,2389
1047,2398
1140,2371
1318,2324
1571,2248
1873,2162
2184,2053
2491,1951
2753,1859
2963,1780
3087,1726
3107,1704
2985,1714
2779,1759
2504,1844
2197,1955
1882,2071
1587,2186
1325,2286
1134,2360
1035,2397
1038,2409
1130,2385
1301,2336
1544,2262
1837,2174
2148,2075
2460,1971
2739,1872
2949,1801
3075,1754
3097,1728
2977,1736
2782,1782
2520,1864
2214,1975
1893,2096
1586,2209
1327,2308
1141,2384
1045,2425
1030,2436
1119,2411
1274,2364
1517,2286
1821,2193
2128,2092
2434,1994
2714,1898
2932,1819
3070,1763
3112,1736
2999,1741
2810,1782
2539,1858
2233,1959
1912,2073
1617,2185
1357,2286
1155,2363
1050,2407
1026,2419
1108,2400
1268,2353
1506,2286
1791,2197
2103,2095
2416,1994
2700,1888
2929,1807
3082,1749
3127,1716
3014,1713
2827,1754
2570,1827
2266,1929
1945,2043
1630,2158
1363,2259
1167,2336
1059,2384
1032,2404
1116,2390
1259,2348
1494,2270
1777,2183
2089,2079
2399,1974
2679,1874
2916,1791
3062,1735
3119,1703
3024,1708
2836,1750
2573,1828
2286,1931
1971,2044
1659,2156
1383,2257
1174,2338
1058,2391
1026,2411
1098,2400
1246,2354
1471,2290
1750,2208
2053,2112
2379,2007
2664,1908
2895,1822
3047,1761
3109,1731
3027,1732
2859,1759
2604,1835
2301,1937
1982,2058
1646,2170
1394,2277
1189,2357
1071,2404
1020,2422
1082,2412
1223,2375
1452,2310
1730,2227
2038,2128
2348,2027
2638,1927
2876,1844
3042,1781
3122,1741
3047,1735
2873,1762
2621,1837
2331,1934
2011,2046
1696,2164
1416,2263
1196,2344
1063,2395
1020,2415
1078,2404
1214,2369
1433,2310
1702,2223
2013,2122
2334,2014
2624,1912
2866,1825
3032,1753
3112,1718
3050,1710
2890,1738
2642,1805
2358,1901
2035,2022
1716,2136
1432,2235
1215,2318
1082,2374
1030,2399
1049,2388
1201,2359
1417,2298
1697,2217
2000,2119
2313,2015
2603,1916
2845,1822
3010,1751
3112,1709
3062,1700
2908,1727
2669,1789
2373,1886
2061,2004
1745,2120
1457,2233
1227,2322
1079,2381
1022,2410
1057,2398
1201,2368
1399,2308
1665,2230
1977,2133
2287,2030
2581,1928
2839,1838
2997,1773
3101,1736
3059,1728
2914,1750
2686,1808
2409,1904