0,2204
2941,2447
3110,2135
3178,1797
3182,1473
3121,1235
2997,1121
2818,1191
2572,1384
2250,1638
1828,1798
1335,1918
860,2067
514,2250
408,2437
604,2606
1043,2754
1572,2870
2081,2924
2501,2871
2804,2673
3016,2404
3143,2070
3197,1740
3181,1428
3097,1228
2957,1163
2772,1259
2504,1468
2164,1690
1724,1829
1241,1952
788,2103
493,2293
470,2478
733,2640
1201,2776
1729,2872
2221,2900
2598,2815
2871,2596
3049,2298
3152,1959
3187,1626
3156,1341
3059,1160
2913,1149
2705,1293
2424,1534
2056,1741
1601,1857
1124,1993
717,2154
499,2335
566,2508
892,2670
1381,2794
1891,2870
2340,2875
2683,2745
2922,2494
3079,2174
3162,1837
3173,1509
3124,1244
3009,1105
2847,1151
2624,1337
2318,1591
1939,1770
1472,1887
1002,2030
629,2201
471,2385
590,2562
978,2716
1491,2824
1997,2890
2427,2858
2743,2682
2963,2415
3097,2088
3155,1746
3152,1437
3084,1206
2955,1101
2776,1172
2534,1381
2210,1631
1781,1788
1306,1911
837,2068
504,2249
409,2434
625,2604
1072,2747
1601,2854
2102,2905
2506,2840
2799,2645
2999,2374
3119,2036
3167,1700
3148,1406
3071,1201
2930,1149
2731,1263
2466,1485
2117,1711
1672,1840
1185,1961
746,2119
471,2298
467,2476
740,2639
1218,2769
1738,2867
2218,2891
2593,2790
2862,2570
3043,2271
3144,1933
3174,1601
3137,1324
3043,1152
2889,1158
2675,1308
2397,1554
2028,1754
1572,1866
1090,1992
691,2160
482,2342
547,2521
889,2673
1387,2796
1900,2873
2346,2869
2684,2725
2919,2472
3076,2150
3154,1809
3169,1479
3114,1225
2999,1095
2838,1154
2611,1341
2305,1596
1909,1774
1437,1891
955,2028
590,2205
445,2386
588,2561
989,2707
1507,2823
2013,2887
2440,2848
2749,2667
2965,2397
3102,2061
3159,1721
3153,1408
3082,1177
2947,1093
2765,1182
2514,1396
2180,1644
1753,1794
1269,1911
804,2066
471,2244
405,2435
624,2609
1078,2751
1614,2857
2121,2902
2525,2828
2815,2617
3019,2338
3131,2006
3169,1678
3157,1393
3068,1193
2919,1159
2717,1282
2440,1503
2078,1718
1630,1842
1138,1963
705,2127
433,2308
444,2489
749,2651
1251,2777
1782,2866
2262,2882
2628,2769
2885,2538
3062,2240
3154,1902
3182,1570
3141,1303
3039,1133
2884,1147
2666,1307
2376,1552
1995,1747
1534,1867
1055,1995
663,2175
472,2359
568,2534
933,2688
1438,2805
1948,2881
2386,2868
2714,2714
2945,2457
3093,2125
3161,1772
3166,1446
3108,1195
2987,1081
2810,1151
2575,1350
2261,1604
1858,1768
1384,1887
923,2037
584,2213
462,2399
634,2570
1051,2722
1568,2832
2067,2886
2485,2835
2784,2648
2993,2372
3116,2030
3165,1687
3146,1385
3066,1166
2931,1097
2740,1195
2483,1414
2148,1656
1719,1796
1226,1923
771,2080
462,2267
408,2449
657,2615
1129,2754
1670,2855
2165,2890
2556,2807
2834,2601
3026,2316
3135,1975
3172,1646
3141,1358
3048,1167
2899,1149
2694,1285
2417,1521
2050,1729
1591,1855
1099,1983
674,2148
437,2329
471,2504
795,2658
1293,2779
1822,2865
2289,2875
2642,2753
2898,2517
3066,2206
3158,1869
3177,1538
3134,1265
3024,1123
2858,1156
2638,1329
2339,1576
1957,1760
1491,1876
1024,2019
651,2189
480,2378
582,2551
970,2699
1474,2817
1978,2889
2411,2861
2727,2691
2954,2435
3094,2097
3159,1749
3158,1430
3093,1189
2969,1084
2795,1158
2555,1360
2234,1613
1825,1772
1356,1890
895,2046
559,2228
462,2411
663,2584
1094,2727
1608,2835
2106,2887
2511,2828
2797,2630
2997,2352
3115,2013
3158,1662
3138,1358
3055,1150
2912,1095
2719,1208
2458,1433
2108,1664
1673,1801
1174,1929
727,2092
443,2274
416,2458
682,2622
1163,2760
1699,2857
2189,2884
2571,2788
2850,2572
3037,2280
3143,1944
3175,1611
3141,1332
3041,1153
2884,1153
2671,1299
2384,1542
2009,1753
1552,1880
1062,1998
644,2161
421,2340
479,2517
821,2669
1330,2794
1858,2876
2323,2878
2668,2741
2915,2498
3076,2182
3157,1841
3173,1513
3119,1252
3010,1107
2840,1150
2609,1335
2305,1591
1914,1774
1447,1887
979,2020
619,2207
482,2390
620,2566
1007,2711
1522,2825
2025,2888
2453,2858
2761,2680
2975,2415
3108,2072
3170,1723
3157,1401
3085,1172
2952,1085
2766,1175
2515,1380
2192,1626
1779,1778
1313,1910
869,2064
562,2248
494,2433
705,2599
1142,2737
1659,2839
2146,2883
2538,2811
2818,2604
3012,2320
3122,1979
3155,1640
3128,1333
3034,1126
2896,1097
2696,1229
2430,1464
2077,1692
1638,1826
1152,1948
718,2113
450,2295
451,2476
741,2633
1227,2765
1749,2857
2223,2877
2591,2772
2852,2545
3030,2249
3127,1912
3154,1587
3115,1316
3012,1155
2848,1169
2640,1331
2353,1576
1975,1776
1518,1890
1038,2021
640,2183
436,2362
507,2531
855,2678
1355,2799
1875,2876
2330,2863
2668,2717
2913,2468
3067,2149
3147,1804
3154,1488
3102,1247
2983,1124
2817,1176
2584,1361
2275,1615
1877,1781
1421,1895
952,2043
606,2216
475,2398
632,2568
1028,2714
1540,2825
2036,2882
2449,2843
2755,2660
2965,2390
3093,2052
3149,1708
3137,1394
3064,1170
2935,1081
2757,1174
2504,1389
2176,1635
1753,1783
1274,1909
832,2070
523,2249
462,2430
689,2602
1140,2738
1660,2838
2146,2881
2535,2797
2815,2588
3007,2290
3118,1948
3153,1622
3125,1329
3033,1133
2887,1104
2681,1243
2406,1478
2042,1697
1596,1820
1107,1949
683,2110
425,2295
435,2468
735,2636
1222,2765
1756,2854
2232,2874
2599,2745
2857,2520
3035,2214
3128,1880
3147,1563
3113,1298
3007,1148
2847,1173
2630,1337
2334,1583
1947,1773
1473,1882
981,2023
577,2191
380,2372
480,2542
862,2686
1385,2789
1907,2871
2360,2858
2694,2704
2930,2453
3080,2129
3153,1781
3157,1462
3100,1220
2979,1117
2801,1184
2564,1379
2245,1611
1844,1780
1360,1895
887,2043
549,2232
455,2410
628,2582
1051,2723
1566,2834
2069,2885
2481,2835
2780,2644
2992,2370
3124,2029
3175,1689
3159,1372
3080,1153
2938,1085
2751,1189
2489,1410
2151,1651
1728,1787
1239,1911
796,2072
500,2263
465,2444
719,2611
1188,2744
1714,2846
2200,2878
2580,2783
2851,2560
3034,2267
3138,1931
3168,1599
3136,1317
3037,1131
2882,1104
2673,1245
2394,1485
2023,1700
1572,1827
1081,1960
657,2126
417,2307
455,2486
791,2644
1294,2774
1821,2861
2291,2863
2643,2713
2897,2489
3058,2182
3148,1845
3166,1525
3124,1269
3009,1132
2844,1173
2616,1350
2307,1602
1907,1781
1432,1900
950,2041
568,2208
394,2386
522,2558
920,2708
1443,2818
1965,2878
2408,2857
2726,2689
2955,2432
3100,2095
3168,1755
3166,1440
3101,1204
2970,1106
2793,1199
2558,1405
2218,1636
1802,1789
1324,1904
864,2059
550,2235
461,2424
671,2594
1112,2736
1630,2843
2149,2892
2525,2851
2814,2629
3017,2345
3136,2008
3178,1661
3154,1350
3073,1137
2927,1092
2733,1200
2465,1425
2121,1657
1683,1786
1209,1920
786,2085
517,2276
512,2463
787,2624
1256,2757
1769,2846
2247,2873
2610,2768
2872,2542
3050,2241
3140,1898
3167,1569
3129,1312
3020,1111
2862,1110
2644,1257
2356,1502
1979,1716
1519,1836
1036,1981
637,2147
430,2337
499,2504
852,2656
1358,2779
1874,2858
2319,2852
2666,2710
2911,2463
3067,2145
3145,1807
3162,1496
3103,1246
2987,1132
2813,1188
2579,1370
2268,1617
1864,1791
1392,1930
913,2053
548,2225
416,2406
558,2574
967,2719
1487,2832
2005,2892
2426,2848
2742,2666
2958,2400
3099,2066
3158,1727
3151,1418
3080,1191
2950,1108
2765,1200
2517,1410
2187,1650
1764,1786
1284,1909
833,2066
528,2257
461,2441
688,2609
1153,2747
1665,2846
2158,2884
2547,2813
2827,2607
3017,2316
3133,1980
3168,1642
3144,1344
3052,1139
2912,1104
2711,1230
2441,1459
2084,1678
1644,1803
1158,1936
741,2100
494,2291
503,2472
814,2635
1297,2760
1805,2851
2269,2868
2624,2760
2875,2525
3045,2220
3138,1888
3158,1553
3117,1276
3010,1113
2852,1128
2633,1283
2339,1527
1957,1724
1494,1846
1011,1985
613,2155
423,2340
515,2525
885,2667
1392,2792
1907,2867
2352,2845
2681,2685
2918,2438
3065,2115
3138,1774
3143,1463
3092,1224
2977,1123
2802,1193
2564,1382
2245,1638
1833,1803
1352,1922
877,2074
516,2242
402,2415
578,2589
996,2726
1520,2829
2031,2891
2455,2839
2752,2651
2966,2376
3096,2038
3150,1700
3136,1393
3064,1173
2935,1106
2748,1208
2493,1428
2160,1670
1726,1800
1243,1925
802,2081
512,2263
472,2443
714,2611
1178,2752
1694,2849
2180,2894
2560,2805
2835,2595
3019,2305
3129,1961
3168,1627
3139,1331
3044,1140
2897,1112
2689,1244
2415,1480
2059,1680
1613,1803
1125,1934
716,2102
485,2293
516,2479
824,2642
1317,2777
1832,2858
2289,2868
2642,2738
2895,2504
3058,2186
3143,1841
3164,1523
3121,1257
3006,1103
2840,1132
2621,1301
2315,1553
1925,1731
1455,1853
966,1991
578,2166
396,2354
517,2529
904,2674
1422,2797
1946,2866
2383,2842
2708,2673
2936,2415
3081,2093
3140,1759
3153,1441
3080,1205
2958,1100
2784,1186
2538,1390
2210,1642
1795,1797
1305,1919
829,2077
485,2248
388,2431
587,2598
1029,2741
1561,2843
2067,2898
2479,2835
2777,2637
2988,2355
3115,2016
3165,1676
3152,1383
3077,1170
2933,1113
2734,1225
2472,1440
2122,1682
1683,1811
1193,1942
755,2096
478,2277
461,2463
728,2632
1212,2758
1737,2862
2222,2897
2596,2797
2861,2575
3046,2272
3141,1938
3174,1608
3143,1323
3046,1134
2889,1119
2681,1255
2395,1483
2023,1689
1573,1807
1096,1943
686,2116
471,2308
541,2489
875,2644
1369,2773
1885,2859
2342,2860
2678,2723
2924,2484
3079,2165
3158,1826
3169,1498
3115,1235
3001,1103
2830,1147
2597,1333
2296,1578
1890,1758
1411,1866
933,2006
563,2180
410,2365
556,2543
958,2693
1475,2808
1980,2873
2410,2829
2727,2659
2952,2388
3092,2054
3156,1719
3153,1406
3082,1184
2949,1097
2772,1194
2520,1409
2189,1661
1771,1810
1282,1933
817,2088
490,2263
417,2450
631,2618
1085,2757
1619,2858
2116,2900
2515,2822
2807,2617
3003,2332
3120,1998
3161,1663
3140,1362
3050,1157
2908,1117
2708,1235
2442,1462
2087,1688
1647,1819
1160,1953
728,2113
471,2291
476,2476
773,2638
1259,2772
1786,2866
2257,2888
2621,2778
2885,2546
3057,2248
3153,1904
3180,1573
3140,1303
3037,1131
2879,1138
2662,1284
2371,1527
1985,1718
1537,1832
1056,1966
673,2136
475,2324
552,2505
913,2660
1415,2786
1927,2864
2378,2860
2706,2709
2940,2455
3087,2135
3158,1794
3160,1475
3107,1231
2986,1105
2813,1160
2579,1341
2264,1590
1864,1760
1384,1875
908,2020
554,2197
426,2385
585,2562
1001,2705
1526,2814
2033,2870
2459,2824
2762,2634
2972,2369
3106,2029
3154,1688
3147,1372
3069,1157
2939,1089
2749,1196
2495,1435
2155,1669
1724,1822
1234,1941
773,2101
467,2282
425,2466
673,2629
1137,2766
1669,2858
2161,2899
2548,2813
2825,2600
3016,2314
3126,1965
3161,1624
3129,1334
3039,1137
2888,1118
2689,1256
2416,1496
2055,1712
1606,1834
1123,1957
702,2127
460,2313
488,2492
808,2629
1294,2779
1816,2868
2293,2884
2645,2765
2895,2530
3066,2221
3152,1880
3174,1549
3127,1283
3014,1127
2855,1150
2638,1321
2344,1556
1961,1738
1504,1845
1031,1984
646,2156
470,2343
573,2518
942,2666
1453,2785
1957,2862
2397,2850
2723,2688
2948,2430
3089,2101
3159,1758
3159,1445
3097,1206
2974,1097
2796,1169
2558,1361
2238,1611
1828,1775
1355,1899
891,2046
550,2215
443,2397
626,2570
1044,2709
1565,2815
2064,2870
2475,2812
2773,2617
2979,2342
3103,1999
3155,1662
3132,1359
3053,1147
2915,1093
2719,1203
2458,1439
2113,1680
1675,1826
1186,1953
744,2124
466,2298
434,2480
698,2645
1174,2772
1698,2868
2185,2900
2568,2801
2840,2586
3021,2276
3125,1935
3155,1600
3121,1318
3021,1135
2869,1130
2660,1272
2379,1509
2011,1715
1555,1836
1074,1972
671,2141
449,2328
505,2508
845,2660
1336,2786
1856,2869
2315,2874
2662,2745
2907,2506
3070,2195
3149,1858
3163,1531
3107,1271
2995,1127
2830,1163
2606,1335
2306,1582
1918,1755
1449,1861
983,1998
627,2171
468,2354
598,2533
982,2680
1483,2796
1988,2864
2415,2833
2730,2661
2953,2406
3092,2080
3153,1740
3151,1426
3082,1190
2954,1096
2778,1184
2531,1390
2209,1640
1795,1791
1320,1910
859,2061
533,2232
437,2409
638,2573
1084,2723
1605,2824
2093,2868
2493,2799
2782,2598
2983,2308
3098,1969
3148,1634
3126,1331
3041,1131
2900,1096
2706,1221
2437,1462
2087,1688
1646,1822
1163,1957
721,2124
449,2308
434,2490
714,2648
1200,2775
1726,2870
2207,2885
2580,2783
2851,2558
3029,2257
3127,1914
3156,1586
3121,1307
3017,1136
2860,1141
2649,1291
2361,1531
1983,1729
1525,1844
1044,1982
638,2155
430,2338
507,2518
857,2672
1358,2794
1875,2870
2328,2865
2669,2724
2909,2482
3067,2167
3150,1834
3159,1513
3111,1262
2994,1130
2824,1174
2597,1354
2290,1607
1893,1771
1426,1882
943,2023
606,2190
467,2366
616,2533
1019,2679
1520,2795
2020,2858
2440,2822
2746,2641
2960,2375
3091,2044
3153,1714
3144,1404
3076,1184
2942,1104
2761,1192
2508,1406
2176,1651
1759,1798
1276,1914
828,2065
521,2246
454,2425
664,2588
1107,2720
1631,2832
2122,2868
2515,2788
2799,2579
2997,2287
3109,1947
3151,1612
3127,1319
3027,1123
2892,1094
2689,1238
2416,1470
2053,1695
1602,1826
1104,1953
667,2121
404,2313
427,2497
732,2656
1229,2787
1762,2876
2240,2890
2605,2771
2867,2534
3040,2238
3137,1899
3161,1573
3119,1301
3017,1133
2853,1149
2634,1308
2338,1552
1950,1739
1479,1850
990,1987
589,2155
395,2342
494,2523
870,2675
1382,2800
1908,2874
2366,2863
2696,2709
2935,2458
3087,2139
3165,1806
3172,1488
3112,1241
2993,1123
2818,1183
2579,1371
2266,1617
1856,1777
1381,1887
915,2032
572,2204
449,2383
620,2549
1040,2692
1555,2805
2058,2864
2473,2816
2775,2630
2985,2350
3113,2011
3169,1681
3159,1379
3082,1165
2947,1101
2756,1207
2499,1422
2155,1659
1724,1801
1241,1921
795,2083
505,2260
466,2440
714,2604
1166,2739
1691,2835
2180,2870
2562,2781
2837,2565
3026,2269
3130,1929
3166,1590
3138,1298
3040,1112
2886,1101
2680,1244
2402,1485
2030,1700
1568,1824
1074,1964
648,2138
405,2324
448,2507
783,2670
1291,2799
1819,2885
2293,2890
2649,2759
2901,2518
3069,2206
3157,1869
3173,1548
3123,1278
3012,1129
2845,1152
2620,1318
2312,1569
1918,1748
1445,1862
963,2001
586,2170
424,2358
541,2537
937,2689
1460,2811
1978,2881
2412,2855
2733,2695
2959,2443
3102,2117
3169,1776
3170,1463
3105,1213
2980,1120
2802,1195
2558,1387
2233,1632
1818,1788
1339,1901
882,2055
556,2228
465,2408
662,2571
1095,2713
1615,2826
2112,2869
2511,2806
2804,2608
3007,2327
3125,1985
3173,1651
3155,1353
3073,1144
2934,1097
2737,1214
2472,1441
2122,1673
1687,1806
1209,1932
775,2095
504,2279
493,2464
766,2627
1237,2750
1754,2844
2231,2869
2599,2768
2864,2542
3043,2243
3140,1896
3167,1560
3134,1278
3029,1101
2872,1108
2657,1257
2370,1498
1996,1707
1528,1831
1033,1974
617,2149
409,2336
482,2521
839,2680
1348,2809
1874,2888
2334,2886
2682,2742
2924,2500
3080,2183
3161,1844
3174,1519
3115,1259
2997,1120
2828,1166
2595,1344
2281,1587
1880,1759
1400,1876
924,2018
558,2191
420,2379
568,2557
977,2705
1503,2822
2015,2889
2445,2853
2758,2674
2977,2410
3112,2081
3172,1744
3161,1437
3090,1208
2960,1116
2775,1198
2526,1408
2201,1649
1777,1797
1305,1922
857,2076
553,2250
489,2428
714,2594
1157,2730
1671,2830
2161,2874
2546,2796
2823,2590
3012,2300
3123,1957
3160,1621
3134,1321
3049,1130
2910,1099
2707,1227
2434,1460
2081,1690
1637,1821
1160,1955
744,2117
503,2300
509,2483
816,2643
1289,2771
1800,2855
2262,2868
2619,2751
2876,2521
3042,2216
3133,1874
3151,1535
3109,1253
3003,1092
2842,1111
2627,1274
2334,1526
1952,1726
1490,1845
1001,1986
603,2165
406,2355
495,2535
872,2691
1387,2815
1907,2888
2357,2875
2691,2721
2927,2471
3078,2153
3152,1816
3157,1499
3099,1256
2975,1132
2800,1188
2566,1366
2245,1616
1843,1777
1363,1893
892,2041
538,2217
421,2403
597,2573
1016,2718
1535,2826
2039,2883
2460,2836
2759,2656
2972,2382
3102,2043
3155,1703
3144,1401
3076,1188
2939,1120
2755,1218
2500,1430
2168,1665
1741,1804
1257,1930
816,2090
522,2272
482,2453
730,2617
1184,2746
1695,2837
2180,2868
2558,2778
2831,2570
3018,2273
3121,1933
3152,1598
3122,1305
3029,1117
2881,1104
2681,1247
2403,1488
2044,1710
1593,1835
1109,1965
698,2128
468,2312
506,2493
828,2651
1321,2780
1834,2861
2291,2863
2636,2732
2884,2488
3046,2177
3133,1844
3151,1518
3108,1251
3000,1092
2834,1122
2613,1289
2306,1544
1911,1739
1440,1863
953,2005
566,2174
392,2364
513,2541
902,2692
1424,2815
1943,2891
2385,2870
2704,2707
2932,2447
3078,2118
3145,1786
3149,1476
3089,1242
2963,1135
2785,1200
2543,1396
2216,1636
1801,1789
1319,1902
854,2053
517,2227
420,2410
616,2583
1055,2725
1578,2830
2081,2883
2489,2825
2785,2631
2987,2355
3104,2014
3156,1678
3140,1378
3064,1172
2925,1127
2734,1240
2473,1462
2132,1689
1700,1819
1212,1940
776,2099
504,2278
488,2463
752,2624
1222,2756
1742,2848
2214,2875
2582,2775
2848,2546
3024,2236
3120,1891
3148,1558
3117,1278
3020,1101
2868,1107
2665,1266
2387,1519
2022,1727
1567,1846
1088,1976
683,2139
463,2327
518,2504
854,2664
1351,2786
1869,2868
2321,2864
2661,2720
2898,2472
3055,2144
3130,1806
3139,1486
3084,1225
2973,1090
2801,1134
2579,1314
2269,1572
1889,1746
1412,1865
935,2007
557,2181
397,2368
530,2547
928,2699
1453,2819
1972,2884
2412,2853
2729,2679
2949,2420
3085,2091
3148,1761
3140,1449
3072,1216
2941,1134
2758,1226
2514,1435
2184,1680
1766,1821
1284,1924
812,2063
477,2237
390,2422
605,2587
1058,2726
1596,2828
2102,2875
2502,2807
2793,2605
2995,2321
3109,1990
3152,1653
3133,1359
3046,1160
2906,1122
2719,1250
2444,1482
2115,1717
1689,1839
1217,1961
787,2118
508,2297
489,2473
759,2636
1227,2765
1750,2855
2224,2877
2591,2763
2852,2533
3024,2222
3119,1871
3141,1536
3101,1260
3003,1095
2848,1114
2639,1270
2355,1520
1985,1722
1532,1837
1058,1977
663,2152
456,2332
528,2507
879,2662
1378,2783
1896,2864
2350,2858
2688,2712
2923,2459
3070,2136
3146,1790
3146,1472
3088,1224
2966,1097
2792,1141
2557,1345
2246,1589
1847,1756
1355,1865
867,2011
491,2184
340,2377
500,2551
923,2699
1463,2815
1988,2879
2428,2840
2746,2665
2973,2402
3110,2068
3173,1736
3169,1428
3096,1204
2963,1124
2780,1225
2526,1442
2189,1683
1762,1820
1266,1934
799,2083
464,2260
392,2441
623,2607
1089,2745
1628,2846
2132,2881
2529,2803
2817,2593
3013,2309
3126,1972
3168,1640
3142,1339
3051,1143
2899,1110
2702,1245
2433,1477
2078,1698
1643,1824
1166,1963
748,2121
506,2306
527,2485
828,2647
1312,2779
1829,2867
2299,2880
2649,2757
2899,2517
3066,2200
3151,1854
3165,1513
3119,1242
3009,1084
2842,1113
2620,1283
2320,1540
1934,1736
1468,1854
992,1994
603,2169
427,2354
541,2530
929,2679
1449,2798
1970,2875
2411,2855
2735,2697
2961,2436
3101,2107
3162,1754
3161,1431
3094,1190
2969,1094
2789,1165
2549,1360
2229,1604
1821,1769
1341,1881
872,2031
522,2204
409,2402
587,2567
1017,2715
1545,2826
2055,2887
2470,2834
2775,2645
2986,2370
3110,2036
3162,1704
3147,1407
3068,1203
2932,1147
2747,1256
2489,1467
2150,1699
1718,1825
1231,1939
779,2093
477,2273
438,2453
697,2617
1164,2750
1695,2847
2182,2880
2566,2782
2841,2565
3025,2272
3128,1935
3155,1614
3126,1341
3035,1155
2890,1140
2690,1279
2417,1507
2058,1717
1611,1835
1128,1975
711,2138
472,2323
513,2505
829,2660
1326,2787
1849,2869
2308,2875
2655,2742
2902,2498
3061,2177
3142,1837
3153,1503
3113,1238
3004,1081
2842,1120
2618,1289
2320,1545
1926,1731
1458,1857
972,2003
596,2176
428,2360
552,2537
946,2687
1472,2804
1989,2874
2419,2848
2736,2678
2958,2424
3096,2096
3161,1752
3157,1430
3088,1186
2958,1086
2775,1165
2527,1369
2198,1617
1774,1768
1287,1887
814,2040
473,2214
379,2401
585,2569
1038,2717
1575,2822
2085,2874
2496,2813
2793,2607
3002,2343
3129,2011
3181,1676
3166,1384
3086,1178
2935,1137
2746,1259
2474,1487
2120,1712
1674,1849
1181,1969
724,2130
447,2304
430,2481
716,2634
1202,2765
1735,2852
2221,2881
2597,2775
2861,2552
3044,2250
3146,1911
3175,1579
3140,1300
3039,1125
2880,1121
2669,1267
2385,1516
2011,1723
1562,1844
1090,1985
704,2154
512,2338
589,2519
935,2677
1423,2799
1925,2883
2368,2876
2700,2734
2935,2485
3088,2158
3162,1810
3167,1483
3109,1216
2988,1082
2809,1128
2577,1316
2262,1570
1858,1746
1388,1870
922,2019
570,2194
452,2379
613,2550
1030,2693
1545,2803
2049,2868
2470,2824
2773,2645
2987,2384
3117,2057
3177,1720
3163,1413
3085,1180
2946,1093
2761,1192
2508,1399
2178,1644
1756,1788
1280,1906
832,2064
518,2245
448,2433
668,2602
1105,2738
1623,2836
2109,2870
2500,2792
2782,2582
2980,2296
3101,1965
3148,1646
3132,1354
3049,1166
2911,1140
2715,1275
2446,1507
2091,1725
1651,1849
1168,1982
741,2140
484,2321
498,2498
794,2649
1277,2775
1796,2855
2260,2871
2611,2755
2863,2523
3027,2216
3118,1879
3144,1551
3101,1293
2998,1137
2842,1162
2629,1314
2339,1556
1963,1736
1505,1851
1036,1991
658,2171
470,2358
564,2532
925,2677
1418,2798
1925,2870
2361,2859
2694,2705
2924,2455
3074,2128
3149,1789
3159,1459
3102,1214
2985,1088
2809,1149
2578,1341
2261,1581
1853,1748
1372,1870
891,2022
538,2205
416,2392
593,2562
1021,2704
1541,2812
2043,2873
2459,2827
2761,2641
2970,2364
3100,2027
3157,1690
3146,1386
3072,1164
2937,1089
2750,1187
2492,1417
2150,1654
1714,1796
1220,1916
757,2070
449,2252
400,2435
650,2600
1120,2736
1649,2839
2144,2874
2533,2782
2814,2569
3007,2277
3117,1938
3165,1618
3136,1329
3043,1148
2891,1136
2688,1275
2407,1514
2040,1733
1581,1857
1087,1995
666,2158
424,2336
463,2510
792,2664
1292,2789
1820,2872
2287,2880
2637,2751
2889,2507
3054,2192
3140,1846
3164,1499
3116,1253
3005,1104
2837,1138
2614,1323
2309,1558
1916,1737
1449,1851
976,1997
617,2174
460,2372
594,2552
986,2704
1493,2825
2000,2895
2430,2875
2747,2713
2967,2450
3106,2113
3166,1771
3159,1440
3088,1192
2958,1078
2775,1155
2533,1348
2206,1592
1795,1747
1315,1868
851,2028
524,2214
435,2398
639,2578
1085,2720
1611,2830
2114,2880
2521,2814
2812,2620
3009,2341
3129,2007
3172,1677
3149,1379
3063,1169
2917,1111
2721,1215
2453,1430
2106,1664
1670,1805
1182,1928
741,2096
459,2267
447,2448
717,2606
1187,2744
1711,2845
2188,2873
2560,2767
2830,2542
3013,2242
3118,1906
3154,1581
3125,1305
3033,1136
2882,1149
2675,1304
2391,1555
2015,1758
1559,1875
1073,2005
664,2170
446,2345
498,2520
833,2674
1333,2795
1855,2872
2313,2874
2660,2730
2900,2490
3059,2171
3141,1830
3151,1505
3101,1263
2983,1115
2822,1163
2599,1350
2290,1601
1904,1773
1457,1885
972,2028
606,2197
452,2376
591,2548
985,2700
1491,2815
2006,2883
2431,2848
2744,2673
2966,2412
3103,2080
3160,1745
3161,1435
3089,1197
2959,1097
2778,1168
2527,1371
2201,1607
1787,1762
1312,1881
864,2046
554,2229
476,2419
687,2587
1123,2731
1641,2840
2127,2878
2521,2802
2804,2597
3003,2310
3119,1967
3160,1630
3134,1336
3050,1144
2902,1111
2704,1227
2427,1457
2068,1677
1618,1808
1132,1931
694,2092
438,2273
447,2461
750,2622
1240,2761
1759,2855
2229,2876
2598,2759
2857,2530
3031,2224
3125,1883
3152,1554
3111,1275
3010,1121
2854,1137
2642,1300
2346,1557
1967,1760
1500,1887
1004,2030
584,2198
375,2372
460,2541
834,2688
1352,2802
1882,2872
2344,2862
2686,2709
2926,2464
3083,2148
3156,1810
3162,1487
3103,1241
2981,1118
2798,1169
2572,1353
2259,1602
1860,1768
1391,1876
935,2025
602,2202
488,2390
651,2572
1045,2724
1548,2839
2039,2899
2451,2854
2753,2667
2964,2398
3097,2059
3153,1709
3147,1400
3080,1163
2946,1087
2764,1185
2507,1401
2173,1646
1745,1788
1261,1908
810,2065
498,2237
450,2424
697,2585
1168,2724
1694,2824
2184,2874
2570,2794
2844,2582
3028,2302
3135,1966
3163,1625
3125,1337
3029,1138
2871,1106
2666,1238
2389,1474
2033,1691
1593,1812
1125,1952
706,2120
460,2310
470,2500
771,2653
1252,2771
1772,2846
2242,2849
2604,2723
2871,2478
3037,2170
3142,1841
3173,1524
3131,1268
3019,1126
2853,1173
2624,1348
2313,1583
1910,1774
1426,1892
926,2031
538,2198
372,2379
512,2554
914,2700
1441,2818
1954,2885
2389,2866
2709,2705
2946,2444
3069,2114
3137,1764
3141,1439
3088,1200
2973,1097
2806,1179
2576,1384
2258,1627
1858,1785
1383,1900
911,2053
560,2230
434,2420
616,2587
1046,2728
1566,2838
2076,2886
2484,2825
2793,2643
2997,2362
3125,2027
3168,1683
3147,1386
3063,1175
2919,1108
2724,1214
2465,1426
2133,1652
1711,1782
1247,1896
832,2064
568,2256
555,2436
806,2605
1254,2745
1759,2841
2225,2876
2586,2789
2842,2565
3019,2268
3117,1921
3142,1589
3110,1303
3019,1116
2863,1100
2658,1240
2378,1482
2006,1696
1542,1825
1037,1963
613,2140
382,2330
441,2504
793,2656
1309,2777
1843,2855
2313,2853
2660,2711
2911,2465
3071,2144
3152,1822
3168,1503
3112,1252
2994,1112
2817,1157
2581,1341
2272,1594
1868,1778
1390,1890
910,2035
540,2209
396,2397
537,2565
931,2713
1452,2829
1970,2896
2396,2860
2711,2690
2940,2426
3087,2095
3160,1759
3167,1445
3102,1209
2984,1102
2810,1181
2565,1384
2228,1628
1801,1784
1313,1908
841,2074
507,2253
425,2432
632,2601
1085,2731
1622,2835
2119,2887
2523,2817
2813,2620
3006,2327
3127,1989
3170,1659
3147,1362
3063,1153
2916,1112
2727,1242
2452,1473
2110,1693
1679,1819
1209,1931
801,2090
559,2261
568,2436
841,2604
1297,2737
1797,2836
2252,2871
2609,2765
2860,2543
3032,2240
3123,1901
3145,1558
3101,1274
2994,1103
2835,1116
2623,1277
2336,1519
1968,1730
1519,1835
1046,1970
647,2132
446,2329
513,2514
848,2677
1355,2798
1869,2871
2332,2855
2664,2703
2916,2436
3074,2110
3146,1775
3155,1464
3093,1227
2968,1114
2796,1178
2556,1366
2248,1622
1833,1795
1353,1901
857,2049
485,2219
345,2404
514,2576
951,2724
1497,2832
2027,2892
2441,2849
2749,2663
2958,2399
3082,2069
3140,1737
3134,1428
3069,1203
2943,1114
2765,1200
2534,1404
2208,1635
1794,1783
1316,1911
855,2081
529,2264
432,2452
645,2613
1091,2750
1616,2848
2115,2877
2517,2809
2810,2600
3010,2316
3122,1967
3170,1638
3152,1346
3065,1146
2915,1117
2709,1244
2434,1469
2072,1694
1625,1805
1149,1937
738,2105
509,2293
552,2470
861,2629
1351,2763
1850,2841
2299,2855
2646,2733
2886,2506
3041,2209
3125,1881
3139,1554
3102,1292
2996,1127
2841,1139
2624,1300
2328,1525
1942,1727
1471,1841
973,1985
569,2158
373,2340
483,2521
868,2674
1398,2789
1932,2868
2377,2840
2703,2698
2936,2442
3086,2113
3153,1769
3162,1437
3104,1177
2982,1063
2805,1132
2560,1348
2232,1619
1810,1806
1311,1937
827,2094
471,2253
358,2421
561,2577
997,2717
1539,2825
2045,2884
2470,2841
2770,2658
2988,2391
3111,2060
3175,1710
3165,1393
3085,1161
2947,1104
2736,1220
2475,1446
2137,1687
1706,1807
1246,1921
826,2066
567,2252
544,2442
776,2614
1208,2757
1700,2865
2172,2901
2548,2810
2828,2592
3018,2284
3132,1932
3176,1607
3144,1314
3050,1147
2896,1143
2692,1298
2419,1531
2058,1726
1620,1833
1133,1948
720,2104
476,2287
512,2477
827,2646
1323,2777
1853,2863
2318,2860
2670,2719
2918,2471
3078,2149
3156,1815
3152,1503
3094,1258
2976,1133
2811,1173
2594,1336
2298,1563
1925,1736
1470,1849
1002,2001
627,2173
448,2368
550,2541
929,2704
1448,2814
1961,2868
2396,2831
2714,2651
2936,2385
3073,2058
3138,1724
3137,1425
3070,1202
2952,1105
2774,1181
2534,1364
2209,1612
1787,1764
1297,1897
819,2069
467,2260
366,2455
583,2621
1049,2757
1587,2853
2098,2901
2507,2834
2788,2639
2987,2363
3101,2030
3144,1687
3124,1383
3045,1171
2913,1100
2723,1204
2459,1432
2110,1662
1660,1808
1147,1942
708,2114
427,2298
434,2474
735,2632
1229,2751
1761,2849
2242,2869
2610,2775
2871,2572
3047,2287
3148,1953
3173,1623
3139,1325
3040,1137
2882,1125
2669,1273
2372,1522
1994,1731
1533,1850
1058,1981
662,2140
473,2312
558,2481
902,2632
1390,2757
1892,2842
2331,2851
2666,2714
2903,2475
3061,2164
3150,1818
3171,1492
3125,1226
3014,1088
2851,1141
2618,1331
2304,1601
1894,1783
1420,1907
938,2040
572,2204
428,2369
573,2533
972,2679
1484,2802
1994,2874
2415,2839
2727,2664
2951,2392
3089,2050
3153,1699
3147,1380
3075,1155
2945,1084
2754,1191
2502,1401
2166,1657
1752,1809
1276,1924
836,2082
536,2258
471,2440
678,2611
1112,2752
1619,2870
2110,2908
2507,2842
2801,2626
2999,2328
3119,1976
3159,1632
3133,1339
3043,1154
2895,1147
2688,1267
2414,1490
2052,1701
1610,1818
1133,1943
714,2105
465,2298
480,2488
775,2646
1256,2781
1780,2859
2262,2876
2629,2763
2895,2535
3067,2235
3160,1897
3181,1566
3132,1299
3017,1134
2851,1169
2635,1334
2357,1563
1974,1737
1523,1838
1049,1969
652,2141
460,2333
550,2526
913,2683
1407,2798
1926,2863
2370,2841
2698,2684
2928,2433
3082,2118
3153,1791
3158,1477
3100,1222
2973,1081
2807,1135
2578,1333
2269,1601
1872,1777
1395,1901
918,2047
555,2211
409,2384
582,2557
1007,2706
1545,2817
2052,2876
2466,2816
2765,2623
2972,2344
3098,2011
3155,1692
3143,1401
3065,1187
2931,1103
2731,1178
2473,1386
2130,1626
1704,1791
1221,1936
768,2102
482,2282
424,2449
670,2605
1143,2742
1671,2854
2163,2905
2546,2827
2821,2614
3012,2316
3117,1957
3157,1611
3131,1325
3047,1149
2902,1148
2698,1287
2413,1504
2042,1707
1581,1811
1091,1960
682,2133
445,2329
484,2507
793,2653
1279,2764
1804,2854
2277,2865
2641,2750
2900,2522
3070,2227
3159,1862
3170,1519
3117,1244
3001,1099
2848,1150
2630,1345
2337,1603
1951,1778
1491,1869
1026,1990
652,2153
501,2349
618,2533
982,2691
1474,2802
1963,2859
2391,2829
2711,2654
2938,2402
3086,2096
3156,1770
3148,1458
3078,1200
2946,1077
2767,1138
2521,1359
2209,1627
1807,1788
1335,1914
871,2053
540,2206
434,2384
630,2562
1070,2717
1591,2833
2092,2888
2490,2819
2782,2615
2981,2321
3104,1978
3153,1637
3137,1347
3057,1143
2912,1090
2714,1195
2447,1424
2097,1654
1668,1803
1181,1942
729,2117
438,2299
388,2479
653,2630
1140,2766
1679,2862
2182,2892
2580,2807
2856,2584
3041,2282
3140,1936
3170,1586
3128,1310
3025,1138
2867,1142
2655,1303
2367,1538
2001,1737
1546,1837
1061,1970
665,2132
445,2323
507,2500
847,2664
1337,2778
1860,2864
2323,2873
2667,2739
2911,2502
3071,2194
3147,1856
3162,1528
3105,1267
2994,1119
2826,1160
2599,1333
2306,1582
1915,1759
1448,1884
979,2028
600,2196
450,2381
581,2546
952,2689
1486,2799
1993,2865
2427,2834
2743,2662
2967,2386
3106,2050
3171,1707
3171,1388
3097,1170
2963,1078
2782,1172
2530,1392
2198,1654
1781,1818
1305,1940
862,2074
552,2249
466,2414
689,2579
1121,2724
1634,2830
2131,2874
2515,2797
2804,2580
3005,2293
3113,1963
3150,1640
3127,1360
3033,1153
2892,1101
2691,1213
2417,1437
2070,1662
1632,1791
1165,1926
744,2096
475,2285
473,2475
755,2641
1224,2778
1748,2873
2226,2893
2596,2786
2861,2562
3038,2255
3133,1918
3163,1590
3121,1298
3018,1133
2863,1142
2644,1314
2354,1571
1966,1756
1492,1857
979,1982
571,2151
364,2352
464,2535
834,2693
1366,2801
1890,2861
2349,2839
2693,2693
2931,2447
3090,2142
3167,1815
3173,1503
3116,1237
2994,1101
2817,1160
2584,1366
2272,1617
1885,1791
1420,1889
965,2031
623,2206
494,2391
660,2565
1064,2710
1563,2818
2058,2878
2465,2832
2752,2646
2964,2368
3092,2023
3147,1687
3138,1376
3065,1164
2935,1092
2752,1190
2496,1397
2165,1629
1729,1775
1252,1910
796,2078
483,2273
447,2455
696,2606
1157,2734
1694,2826
2186,2866
2566,2789
2841,2570
3023,2270
3126,1934
3159,1589
3126,1310
3037,1129
2888,1114
2678,1243
2394,1471
2030,1686
1569,1813
1073,1953
649,2128
408,2322
447,2495
765,2645
1261,2770
1793,2851
2264,2876
2616,2764
2878,2533
3044,2228
3132,1887
3162,1559
3117,1292
3010,1138
2860,1162
2635,1329
2333,1579
1947,1759
1471,1866
984,1995
598,2165
436,2353
544,2539
921,2685
1431,2812
1939,2882
2364,2858
2687,2705
2927,2448
3075,2126
3145,1787
3154,1466
3092,1230
2967,1104
2791,1164
2553,1367
2233,1621
1833,1785
1360,1908
891,2056
559,2218
444,2399
638,2572
1072,2717
1588,2831
2089,2885
2502,2823
2789,2622
3004,2344
3119,1985
3172,1639
3155,1337
3074,1139
2930,1088
2737,1212
2469,1434
2126,1674
1688,1817
1210,1938
774,2100
498,2273
468,2455
737,2617
1204,2747
1719,2841
2207,2872
2584,2776
2853,2549
3032,2240
3130,1903
3157,1583
3114,1311
3016,1133
2863,1117
2657,1250
2378,1480
2015,1695
1561,1822
1083,1963
670,2135
434,2320
488,2506
813,2654
1308,2786
1832,2873
2294,2879
2641,2751
2890,2508
3050,2193
3133,1855
3153,1540
3105,1277
2993,1134
2836,1172
2603,1349
2299,1590
1901,1767
1425,1883
945,2023
568,2193
415,2380
542,2552
928,2703
1447,2814
1961,2874
2402,2836
2724,2668
2952,2415
3094,2092
3153,1760
3156,1443
3091,1206
2963,1106
2782,1192
2537,1404
2210,1649
1794,1795
1321,1910
864,2060
550,2244
474,2428
686,2597
1121,2733
1642,2836
2128,2886
2519,2806
2803,2605
2999,2318
3112,1990
3155,1655
3134,1349
3052,1126
2912,1060
2715,1181
2454,1425
2106,1675
1670,1810
1176,1938
744,2096
480,2283
476,2467
769,2639
1247,2765
1768,2859
2239,2873
2601,2763
2862,2531
3037,2226
3136,1878
3166,1552
3129,1275
3022,1105
2861,1116
2640,1279
2344,1518
1960,1719
1496,1836
1011,1973
595,2142
392,2331
468,2510
821,2663
1347,2776
1873,2861
2333,2860
2677,2722
2909,2477
3067,2171
3146,1838
3151,1525
3103,1267
2985,1142
2817,1186
2590,1370
2274,1609
1871,1766
1402,1878
924,2035
560,2216
425,2402
575,2569
978,2710
1501,2819
2001,2879
2425,2844
2735,2670
2957,2399
3091,2058
3153,1715
3154,1403
3088,1185
2957,1124
2767,1215
2515,1427
2186,1664
1744,1797
1255,1921
826,2083
518,2263
482,2446
719,2609
1164,2739
1684,2836
2159,2879
2549,2802
2824,2589
3017,2298
3127,1950
3163,1614
3137,1317
3042,1125
2900,1104
2699,1233
2427,1455
2073,1679
1639,1801
1148,1938
727,2115
479,2306
495,2487
799,2645
1284,2766
1788,2854
2259,2868
2614,2753
2871,2518
3045,2207
3138,1869
3154,1525
3115,1251
3011,1086
2845,1098
2634,1268
2333,1525
1941,1728
1475,1864
976,1990
580,2154
398,2333
507,2524
884,2676
1404,2804
1921,2880
2358,2861
2684,2694
2917,2447
3069,2132
3148,1804
3155,1501
3102,1268
2975,1145
2792,1204
2552,1386
2229,1631
1814,1801
1341,1909
877,2059
531,2231
400,2401
569,2575
1000,2716
1526,2825
2041,2894
2469,2837
2772,2640
2977,2364
3104,2025
3167,1690
3153,1392
3079,1180
2954,1129
2758,1246
2501,1451
2159,1680
1724,1803
1239,1922
795,2083
512,2277
488,2464
737,2621
1203,2762
1723,2849
2195,2873
2576,2793
2839,2572
3024,2272
3120,1935
3154,1595
3125,1306
3027,1114
2880,1101
2684,1240
2409,1462
2047,1679
1601,1808
1125,1949
710,2123
487,2316
536,2498
851,2661
1336,2783
1856,2865
2308,2894
2648,2749
2902,2500
3057,2184
3136,1830
3158,1508
3106,1236
2992,1098
2827,1147
2608,1320
2302,1558
1900,1738
1424,1859
924,2006
522,2172
361,2357
494,2533
895,2676
1429,2796
1951,2869
2392,2842
2714,2679
2940,2418
3083,2095
3155,1769
3149,1457
3091,1237
2970,1141
2792,1213
2551,1419
2233,1658
1817,1810
1337,1918
865,2064
515,2235
414,2415
608,2586
1043,2729
1567,2849
2071,2893
2478,2824
2777,2619
2981,2337
3105,2005
3155,1675
3140,1383
3069,1172
2927,1109
2731,1219
2472,1441
2132,1682
1696,1831
1206,1959
773,2115
491,2283
463,2462
741,2616
1230,2761
1755,2863
2241,2896
2613,2793
2871,2562
3048,2253
3143,1899
3167,1565
3129,1276
3032,1109
2877,1104
2661,1258
2375,1498
2002,1708
1545,1818
1073,1967
680,2132
474,2318
544,2504
876,2659
1368,2784
1877,2859
2340,2853
2684,2721
2930,2477
3080,2165
3159,1816
3163,1483
3101,1209
2981,1073
2809,1134
2581,1326
2275,1582
1881,1754
1408,1861
940,1999
562,2176
412,2371
550,2553
949,2706
1471,2813
1987,2876
2412,2836
2731,2654
2947,2398
3092,2080
3154,1753
3144,1446
3084,1220
2946,1124
2761,1217
2512,1433
2185,1686
1757,1828
1270,1941
798,2086
463,2255
392,2434
628,2599
1090,2740
1623,2836
2124,2883
2517,2807
2807,2603
3005,2315
3119,1975
3169,1639
3147,1356
3059,1160
2921,1135
2719,1248
2446,1471
2096,1684
1658,1823
1177,1956
758,2135
491,2311
485,2485
775,2640
1256,2771
1782,2860
2257,2880
2622,2778
2883,2543
3052,2230
3139,1872
3162,1534
3121,1264
3021,1100
2869,1116
2651,1253
2363,1498
1983,1690
1523,1816
1034,1970
653,2151
472,2344
573,2520
930,2670
1429,2791
1936,2868
2375,2852
2703,2704
2936,2455
3080,2138
3150,1789
3154,1460
3092,1199
2967,1080
2792,1150
2557,1344
2244,1603
1842,1766
1360,1877
891,2018
532,2198
409,2389
589,2564
1003,2720
1524,2823
2039,2868
2472,2826
2756,2617
2967,2369
3098,2040
3157,1705
3143,1407
3068,1187
2932,1124
2742,1235
2487,1455
2158,1703
1720,1851
1235,1957
779,2100
457,2274
403,2451
666,2615
1130,2752
1669,2846
2164,2884
2560,2799
2821,2579
3007,2288
3117,1958
3154,1631
3138,1341
3045,1145
2896,1113
2691,1254
2414,1484
2066,1701
1620,1831
1146,1967
726,2133
482,2320
504,2493
811,2647
1299,2779
1819,2871
2285,2893
2639,2767
2890,2531
3061,2204
3149,1851
3169,1521
3118,1247
3016,1096
2851,1126
2630,1289
2331,1532
1943,1719
1481,1845
1000,1997
625,2170
460,2351
584,2518
947,2668
1457,2787
1971,2867
2405,2854
2730,2695
2953,2439
3090,2109
3156,1766
3153,1432
3085,1196
2959,1084
2778,1171
2538,1364
2213,1608
1803,1769
1320,1885
859,2034
527,2208
424,2395
603,2564
1024,2714
1541,2818
2053,2877
2465,2817
2769,2619
2984,2340
3112,2007
3164,1679
3147,1377
3063,1172
2925,1116
2730,1234
2468,1474
2120,1711
1682,1842
1185,1970
725,2126
437,2304
400,2478
671,2634
1161,2767
1698,2863
2192,2879
2576,2782
2848,2557
3035,2271
3140,1925
3164,1598
3131,1323
3033,1148
2880,1138
2669,1283
2392,1516
2021,1716
1572,1826
1095,1965
691,2142
482,2332
530,2513
862,2671
1359,2796
1869,2881
2323,2884
2662,2743
2909,2502
3073,2188
3151,1848
3168,1517
3117,1248
3002,1092
2834,1126
2613,1301
2306,1548
1907,1730
1431,1852
955,2001
585,2183
437,2374
581,2546
991,2689
1515,2800
2025,2861
2453,2827
2758,2661
2974,2400
3109,2078
3163,1742
3153,1422
3078,1189
2942,1089
2764,1171
2508,1375
2183,1619
1766,1774
1287,1901
834,2057
520,2232
450,2414
675,2582
1112,2720
1621,2829
2110,2873
2501,2807
2784,2600
2984,2320
3108,1983
3157,1643
3137,1343
3056,1142
2912,1109
2707,1250
2436,1485
2076,1717
1626,1855
1141,1985
699,2145
436,2320
435,2491
726,2647
1217,2774
1746,2867
2228,2889
2599,2777
2865,2541
3043,2234
3141,1893
3167,1560
3124,1300
3019,1135
2861,1151
2646,1301
2357,1537
1982,1729
1527,1852
1056,1981
669,2147
475,2335
548,2521
891,2675
1389,2800
1901,2879
2352,2874
2684,2733
2924,2486
3077,2163
3153,1811
3167,1485
3113,1229
2999,1097
2833,1148
2600,1330
2291,1575
1887,1743
1410,1866
943,2015
587,2194
448,2381
608,2549
1020,2698
1534,2807
2038,2871
2457,2824
2766,2645
2979,2376
3111,2047
3166,1713
3146,1402
3072,1181
2935,1106
2745,1202
2493,1412
2158,1647
1733,1785
1258,1906
816,2059
520,2241
464,2431
695,2593
1141,2738
1664,2839
2144,2873
2534,2789
2810,2578
2998,2285
3113,1951
3151,1614
3121,1321
3032,1133
2885,1111
2688,1255
2412,1499
2052,1729
1600,1855
1106,1982
666,2145
407,2330
427,2511
737,2671
1251,2797
1785,2881
2260,2889
2621,2759
2881,2520
3051,2208
3140,1869
3160,1547
3117,1285
3009,1129
2845,1153
2625,1309
2332,1542
1951,1733
1490,1853
1005,1999
621,2165
438,2353
539,2537
917,2682
1433,2803
1947,2877
2393,2865
2712,2716
2940,2465
3084,2144
3151,1803
3158,1477
3099,1226
2984,1110
2816,1166
2580,1352
2265,1593
1858,1750
1377,1871
909,2029
564,2210
443,2394
631,2559
1062,2701
1573,2809
2072,2870
2480,2817
2777,2629
2983,2361
3104,2022
3159,1682
3147,1373
3065,1144
2929,1085
2737,1191
2476,1431
2131,1673
1697,1809
1213,1925
774,2082
497,2255
462,2439
725,2603
1175,2738
1694,2838
2179,2873
2552,2782
2826,2561
3013,2266
3104,1913
3153,1576
3119,1294
3022,1118
2865,1115
2658,1269
2380,1523
2011,1739
1559,1861
1066,1995
646,2164
414,2341
446,2518
774,2680
1282,2803
1815,2884
2283,2882
2641,2748
2900,2502
3065,2196
3150,1857
3172,1535
3114,1267
3001,1122
2834,1154
2607,1326
2305,1572
1919,1755
1455,1865
964,2014
601,2188
431,2365
551,2547
935,2699
1458,2814
1971,2885
2409,2856
2727,2694
2955,2437
3095,2110
3163,1772
3164,1457
3102,1223
2977,1112
2804,1178
2560,1375
2231,1621
1823,1774
1350,1896
891,2051
568,2227
466,2407
661,2564
1099,2700
1619,2810
2110,2865
2508,2808
2799,2613
2997,2339
3116,2002
3161,1658
3136,1349
3052,1146
2913,1103
2713,1225
2446,1449
2101,1677
1671,1805
1193,1936
767,2092
507,2272
502,2462
760,2620
1217,2748
1725,2845
2202,2870
2572,2767
2841,2542
3027,2238
3128,1893
3156,1555
3115,1271
3012,1104
2852,1116
2638,1281
2354,1531
1972,1737
1513,1860
1015,1996
610,2168
404,2361
457,2543
823,2689
1337,2808
1859,2876
2323,2872
2668,2727
2918,2483
3079,2170
3158,1835
3164,1516
3107,1259
2986,1113
2820,1162
2585,1342
2281,1575
1883,1748
1404,1870
931,2021
563,2209
412,2391
567,2562
977,2707
1499,2821
2006,2883
2433,2844
2748,2674
2961,2411
3099,2078
3167,1745
3163,1431
3099,1203
2974,1112
2790,1198
2542,1402
2213,1646
1789,1784
1311,1903
863,2056
562,2237
493,2416
715,2578
1156,2721
1666,2831
2149,2868
2533,2799
2811,2590
2997,2304
3115,1966
3152,1623
3131,1340
3035,1137
2894,1108
2700,1242
2429,1468
2074,1690
1640,1814
1159,1936
740,2105
483,2289
499,2469
780,2630
1258,2762
1773,2847
2249,2862
2606,2743
2866,2510
3038,2205
3131,1863
3150,1534
3106,1264
2999,1108
2839,1126
2619,1285
2321,1539
1934,1742
1467,1867
974,2010
566,2185
378,2370
476,2544
855,2694
1377,2808
1903,2883
2354,2874
2684,2723
2916,2473
3066,2158
3142,1815
3154,1486
3096,1228
2983,1104
2813,1165
2578,1362
2261,1609
1851,1774
1367,1885
890,2034
531,2212
416,2398
583,2573
997,2716
1524,2824
2030,2885
2451,2841
2758,2659
2975,2389
3108,2054
3167,1720
3158,1409
3084,1188
2946,1121
2759,1226
2506,1437
2168,1668
1749,1796
1276,1908
840,2061
555,2238
505,2421
734,2592
1181,2731
1696,2832
2174,2865
2550,2782
2824,2563
3014,2270
3119,1933
3153,1606
3128,1319
3035,1131
2887,1112
2685,1251
2413,1485
2048,1699
1596,1824
1113,1960
688,2128
440,2315
470,2489
788,2640
1293,2765
1819,2849
2285,2856
2639,2730
2890,2490
3052,2184
3136,1837
3156,1510
3104,1244
2993,1098
2826,1129
2602,1301
2301,1548
1905,1742
1433,1872
950,2019
569,2194
401,2381
520,2556
905,2704
1421,2822
1937,2892
2379,2869
2700,2715
2934,2459
3081,2138
3152,1788
3155,1461
3096,1212
2972,1098
2796,1171
2553,1381
2229,1628
1813,1783
1335,1891
855,2040
518,2223
409,2407
609,2585
1044,2727
1574,2836
2077,2885
2488,2828
2785,2636
2990,2362
3118,2027
3164,1691
3154,1388
3074,1185
2933,1124
2739,1233
2477,1455
2140,1686
1719,1817
1247,1927
821,2073
546,2251
513,2431
767,2603
1225,2741
1736,2843
2212,2868
2583,2774
2838,2547
3023,2248
3123,1911
3156,1583
3122,1300
3028,1131
2876,1123
2671,1266
2389,1506
2022,1714
1574,1832
1095,1981
684,2142
448,2328
495,2503
822,2661
1322,2774
1848,2862
2312,2858
2657,2716
2900,2474
3059,2149
3138,1809
3150,1494
3098,1228
2982,1098
2818,1133
2585,1315
2278,1573
1880,1757
1399,1879
919,2023
546,2198
387,2390
529,2561
934,2708
1462,2815
1975,2887
2408,2862
2729,2700
2953,2448
3089,2113
3151,1764
3148,1447
3081,1210
2965,1127
2778,1197
2533,1392
2210,1628
1786,1774
1303,1901
840,2062
508,2243
416,2425
626,2592
1067,2737
1594,2842
2093,2884
2499,2817
2796,2613
3007,2336
3127,2000
3176,1663
3157,1369
3075,1162
2931,1135
2733,1251
2462,1485
2115,1701
1678,1804
1204,1931
760,2094
508,2274
516,2466
795,2626
1267,2749
1787,2834
2254,2857
2606,2761
2859,2533
3033,2231
3124,1886
3147,1558
3109,1283
3012,1122
2858,1126
2650,1282
2372,1530
1992,1719
1543,1852
1044,1974
635,2144
436,2326
495,2507
851,2670
1369,2786
1885,2859
2341,2851
2671,2699
2912,2451
3067,2134
3141,1789
3154,1454
3098,1204
2977,1073
2805,1133
2568,1338
2261,1580
1858,1773
1373,1867
888,2030
523,2203
383,2391
561,2563
973,2719
1504,2836
2021,2904
2442,2861
2746,2686
2961,2418
3090,2078
3152,1728
3147,1430
3072,1199
2942,1123
2763,1202
2505,1409
2175,1661
1742,1795
1256,1911
797,2069
463,2254
403,2444
633,2599
1093,2734
1634,2847
2147,2892
2545,2818
2826,2613
3026,2314
3137,1972
3172,1633
3140,1343
3051,1157
2908,1137
2710,1269
2429,1489
2079,1713
1641,1826
1161,1958
749,2120
509,2304
528,2478
825,2631
1298,2757
1819,2842
2283,2859
2635,2735
2885,2511
3047,2196
3137,1884
3157,1529
3112,1257
3010,1081
2848,1123
2632,1287
2347,1543
1958,1745
1505,1875
1032,1998
631,2178
443,2359
541,2539
907,2675
1426,2785
1927,2859
2369,2845
2699,2689
2937,2430
3079,2110
3152,1775
3155,1447
3092,1191
2971,1079
2790,1148
2554,1350
2226,1600
1815,1762
1342,1893
880,2040
525,2218
414,2400
607,2568
1040,2722
1541,2836
2037,2901
2470,2858
2766,2661
2978,2397
3101,2049
3162,1714
3149,1411
3071,1190
2932,1135
2754,1221
2493,1435
2146,1648
1709,1794
1227,1931
774,2092
480,2271
428,2452
682,2613
1140,2753
1667,2847
2161,2876
2559,2792
2837,2584
3027,2275
3133,1938
3179,1629
3135,1368
3050,1164
2898,1122
2689,1272
2413,1512
2044,1710
1600,1834
1116,1965
707,2133
501,2312
537,2492
860,2657
1340,2772
1851,2855
2304,2855
2640,2722
2882,2487
3054,2176
3131,1847
3146,1519
3112,1257
3008,1078
2844,1126
2620,1298
2320,1546
1935,1750
1440,1855
966,2006
608,2184
428,2359
561,2553
954,2691
1473,2809
1977,2874
2409,2834
2725,2665
2945,2412
3088,2086
3154,1753
3148,1421
3080,1187
2958,1092
2768,1161
2523,1361
2200,1635
1772,1776
1297,1880
819,2034
468,2221
406,2419
603,2580
1052,2731
1583,2845
2088,2887
2495,2835
2778,2639
2978,2358
3105,2031
3161,1688
3143,1390
3066,1182
2924,1123
2739,1235
2469,1464
2119,1681
1687,1815
1193,1937
724,2095
456,2285
457,2467
713,2638
1177,2755
1727,2845
2217,2886
2577,2788
2843,2571
3033,2262
3136,1922
3166,1604
3129,1304
3034,1134
2883,1148
2667,1309
2384,1540
2013,1733
1562,1857
1078,1987
689,2141
484,2327
533,2506
879,2658
1372,2773
1883,2860
2331,2866
2676,2714
2905,2457
3065,2150
3143,1816
3152,1478
3105,1218
2989,1085
2828,1134
2603,1318
2297,1569
1906,1749
1441,1866
971,2027
610,2200
433,2384
576,2541
985,2690
1490,2813
1998,2875
2434,2842
2746,2652
2950,2390
3089,2052
3154,1716
3146,1414
3068,1169
2937,1080
2764,1161
2508,1374
2173,1641
1744,1787
1260,1918
788,2066
463,2240
409,2417
631,2582
1074,2733
1607,2850
2110,2890
2520,2818
2801,2627
3003,2346
3123,2003
3161,1667
3137,1377
3055,1172
2907,1133
2706,1278
2437,1510
2080,1720
1643,1839
1146,1955
729,2114
455,2281
444,2462
731,2632
1205,2759
1746,2849
2232,2868
2594,2766
2867,2542
3055,2254
3150,1904
3169,1572
3126,1288
3022,1110
2867,1139
2656,1314
2373,1558
2010,1754
1539,1853
1086,1995
696,2156
493,2349
555,2539
892,2682
1398,2787
1900,2861
2341,2844
2685,2695
2923,2446
3068,2135
3149,1802
3163,1467
3095,1213
2977,1088
2801,1137
2570,1314
2268,1594
1869,1768
1399,1889
923,2037
583,2205
447,2397
603,2555
1028,2701
1545,2817
2039,2870
2468,2825
2771,2644
2976,2381
3096,2046
3164,1706
3155,1404
3076,1166
2936,1081
2750,1177
2489,1388
2140,1637
1719,1779
1229,1904
763,2065
466,2265
419,2437
644,2592
1098,2727
1636,2838
2146,2885
2537,2806
2822,2598
3021,2312
3139,1973
3180,1644
3152,1369
3060,1159
2915,1107
2707,1293
2425,1534
2056,1729
1599,1846
1107,1972
680,2131
444,2309
459,2493
761,2662
1261,2762
1796,2841
2263,2877
2618,2745
2881,2502
3061,2211
3144,1878
3163,1558
3127,1270
3023,1104
2851,1156
2625,1328
2343,1566
1963,1744
1485,1847
1040,2002
705,2177
524,2361
605,2544
971,2687
1481,2806
1962,2879
2381,2846
2721,2689
2937,2433
3068,2099
3144,1757
3151,1431
3085,1181
2964,1097
2786,1153
2552,1346
2229,1603
1812,1764
1345,1859
880,2032
539,2233
452,2428
633,2577
1062,2701
1604,2824
2085,2877
2494,2816
2783,2627
2983,2349
3113,2005
3153,1647
3132,1366
3063,1187
2922,1108
2724,1204
2461,1436
2104,1655
1678,1782
1192,1910
701,2073
435,2264
434,2449
672,2607
1137,2751
1669,2855
2176,2882
2555,2782
2819,2571
3019,2277
3139,1928
3164,1589
3136,1317
3054,1164
2903,1176
2687,1310
2407,1542
2045,1731
1591,1860
1078,1983
661,2144
430,2320
458,2514
794,2664
1315,2769
1840,2860
2312,2873
2654,2739
2896,2487
3062,2171
3141,1856
3149,1533
3102,1249
2995,1134
2832,1188
2616,1330
2314,1561
1942,1762
1486,1869
998,2014
631,2184
459,2387
582,2543
995,2689
1485,2808
1983,2887
2429,2863
2735,2683
2943,2408
3085,2061
3152,1716
3163,1406
3090,1161
2955,1074
2786,1160
2545,1359
2204,1595
1794,1768
1326,1908
856,2061
530,2223
468,2427
690,2595
1116,2719
1624,2832
2129,2887
2537,2818
2814,2623
3009,2325
3123,1973
3154,1648
3131,1344
3043,1141
2897,1097
2703,1218
2434,1457
2095,1681
1640,1800
1138,1936
716,2100
400,2268
379,2451
711,2622
1205,2767
1709,2859
2213,2876
2603,2780
2862,2555
3041,2237
3148,1921
3170,1595
3137,1306
3031,1126
2873,1138
2665,1304
2372,1563
2004,1770
1540,1897
1035,2015
650,2171
433,2343
466,2518
835,2676
1354,2801
1871,2861
2328,2856
2665,2725
2914,2477
3071,2149
3141,1803
3159,1491
3101,1235
2975,1081
2808,1152
2580,1351
2285,1602
1889,1770
1430,1873
1006,2029
648,2212
513,2400
672,2566
1050,2694
1541,2818
2036,2881
2445,2847
2752,2676
2970,2411
3088,2068
3146,1723
3136,1390
3060,1167
2921,1088
2735,1162
2493,1373
2165,1625
1742,1777
1267,1899
813,2060
505,2260
462,2447
684,2603
1118,2739
1646,2821
2137,2863
2534,2790
2814,2578
3022,2298
3131,1967
3170,1626
3144,1341
3049,1157
2906,1106
2698,1213
2416,1463
2059,1686
1612,1822
1125,1947
660,2130
396,2309
451,2475
734,2643
1209,2767
1749,2850
2223,2873
2581,2746
2848,2522
3020,2218
3126,1899
3164,1557
3127,1290
3030,1158
2876,1174
2651,1333
2352,1570
1971,1763
1506,1903
1002,2027
597,2171
429,2364
522,2541
870,2692
1397,2795
1924,2879
2354,2871
2688,2707
2923,2431
3069,2114
3142,1794
3156,1480
3091,1247
2963,1127
2798,1178
2561,1378
2238,1613
1831,1786
1372,1895
936,2025
594,2213
456,2405
662,2586
1073,2729
1577,2823
2070,2883
2489,2842
2787,2650
2985,2372
3097,2026
3161,1673
3150,1390
3063,1166
2927,1089
2748,1203
2479,1405
2148,1637
1711,1774
1230,1901
786,2083
466,2241
452,2421
716,2625
1155,2767
1709,2843
2183,2856
2563,2787
2838,2582
3022,2286
3120,1915
3150,1616
3120,1336
3034,1116
2896,1081
2683,1247
2405,1510
2052,1713
1577,1810
1078,1947
642,2104
389,2308
427,2489
727,2643
1272,2781
1814,2864
2248,2864
2606,2738
2889,2495
3053,2184
3131,1832
3147,1514
3121,1275
3023,1143
2844,1184
2621,1347
2339,1611
1944,1791
1455,1903
975,2022
580,2195
412,2381
538,2541
913,2683
1442,2815
1972,2891
2407,2856
2726,2674
2951,2440
3088,2125
3149,1731
3139,1401
3074,1211
2963,1148
2784,1170
2548,1355
2234,1641
1831,1804
1363,1899
880,2035
543,2235
496,2419
666,2580
1083,2723
1604,2838
2107,2895
2529,2835
2811,2632
2998,2362
3139,2037
3178,1672
3132,1344
3051,1128
2929,1093
2727,1197
2451,1408
2107,1657
1705,1811
1210,1926
736,2064
488,2266
495,2458
746,2626
1205,2743
1728,2829
2209,2874
2594,2778
2843,2548
3028,2239
3138,1910
3175,1598
3128,1298
3027,1104
2880,1118
2678,1271
2376,1488
1998,1718
1570,1876
1094,1991
645,2114
419,2292
468,2507
817,2663
1317,2758
1827,2850
2292,2856
2648,2722
2885,2478
3047,2152
3126,1829
3143,1543
3101,1260
2986,1124
2813,1205
2601,1397
2290,1606
1892,1746
1419,1896
971,2076
608,2201
400,2377
528,2558
964,2710
1446,2818
1940,2872
2402,2848
2730,2687
2946,2422
3085,2078
3150,1755
3153,1436
3082,1197
2960,1098
2767,1187
2532,1409
2216,1646
1770,1778
1260,1897
842,2061
550,2246
400,2429
619,2597
1121,2736
1630,2829
2115,2864
2529,2811
2823,2637
3024,2362
3138,1995
3177,1657
3165,1368
3075,1160
2923,1097
2725,1182
2457,1418
2104,1670
1657,1786
1168,1907
746,2093
485,2295
492,2468
777,2611
1245,2762
1774,2857
2237,2854
2590,2755
2871,2556
3060,2260
3151,1878
3173,1527
3145,1259
3043,1134
2875,1119
2650,1264
2349,1501
1971,1708
1511,1838
1019,1978
611,2152
444,2345
520,2504
868,2663
1380,2789
1911,2864
2351,2852
2659,2699
2920,2454
3095,2137
3157,1789
3152,1470
3104,1246
2988,1153
2811,1200
2568,1363
2256,1610
1868,1800
1377,1902
920,2035
564,2214
429,2412
599,2581
1000,2712
1517,2832
2037,2901
2451,2855
2749,2659
2970,2383
3107,2052
3164,1730
3153,1405
3079,1195
2954,1144
2765,1201
2506,1386
2178,1646
1756,1799
1277,1930
807,2074
482,2252
482,2444
737,2606
1149,2753
1670,2855
2189,2888
2574,2820
2836,2599
3022,2304
3142,1990
3175,1650
3146,1359
3061,1152
2911,1129
2713,1248
2423,1452
2055,1666
1640,1821
1149,1937
700,2089
467,2270
506,2465
812,2641
1297,2770
1807,2840
2276,2878
2630,2765
2883,2521
3059,2186
3139,1854
3168,1543
3133,1234
3025,1080
2864,1142
2650,1302
2358,1540
1952,1732
1485,1853
1029,1999
622,2149
393,2333
487,2532
888,2683
1391,2793
1917,2873
2364,2855
2702,2700
2943,2433
3083,2105
3145,1767
3155,1447
3087,1219
2953,1123
2775,1176
2557,1402
2235,1648
1817,1802
1357,1916
884,2065
530,2256
416,2421
589,2576
1034,2734
1562,2838
2066,2890
2485,2838
2786,2656
2990,2389
3113,2049
3169,1693
3152,1403
3071,1184
2938,1092
2745,1197
2476,1429
2152,1666
1722,1793
1213,1924
767,2105
496,2281
481,2448
716,2616
1177,2750
1721,2857
2205,2886
2571,2797
2860,2577
3056,2284
3157,1938
3189,1626
3159,1345
3063,1149
2910,1132
2689,1248
2411,1475
2060,1683
1602,1814
1114,1956
726,2119
507,2306
543,2489
849,2633
1354,2764
1880,2849
2300,2864
2649,2719
2895,2483
3053,2183
3142,1862
3154,1530
3106,1271
3005,1135
2838,1146
2620,1285
2321,1524
1910,1727
1440,1861
970,2020
599,2196
441,2370
561,2539
954,2678
1466,2805
1955,2877
2387,2827
2705,2653
2923,2400
3064,2076
3146,1741
3153,1435
3084,1195
2962,1100
2781,1214
2527,1393
2188,1653
1749,1809
1263,1933
799,2082
483,2252
444,2430
646,2610
1094,2759
1610,2873
2098,2905
2501,2821
2775,2609
2981,2316
3113,1993
3154,1690
3136,1403
3072,1165
2923,1125
2726,1241
2460,1452
2105,1671
1657,1799
1171,1924
738,2078
470,2263
450,2469
741,2649
1252,2777
1782,2863
2246,2889
2618,2781
2876,2551
3045,2260
3140,1911
3171,1598
3139,1317
3055,1130
2893,1144
2683,1280
2414,1514
2020,1696
1555,1814
1059,1956
648,2127
442,2315
494,2504
884,2670
1406,2788
1911,2851
2356,2844
2681,2716
2921,2484
3082,2157
3146,1805
3153,1454
3111,1190
2995,1081
2824,1169
2595,1363
2297,1604
1895,1768
1402,1865
916,2020
560,2202
434,2358
578,2536
1003,2695
1553,2835
2024,2900
2431,2832
2744,2651
2964,2372
3092,2031
3133,1698
3133,1375
3063,1176
2914,1079
2742,1177
2500,1428
2160,1693
1750,1844
1268,1941
785,2102
492,2274
422,2448
624,2589
1108,2738
1660,2889
2148,2907
2560,2834
2824,2620
3013,2330
3127,1971
3159,1611
3128,1357
3036,1187
2890,1103
2697,1193
2416,1461
2080,1718
1665,1849
1161,1983
733,2133
520,2301
499,2471
764,2619
1226,2759
1759,2863
2269,2884
2630,2768
2879,2560
3074,2276
3166,1913
3167,1554
3116,1265
3027,1110
2872,1148
2632,1297
2339,1519
1981,1716
1553,1843
1062,1983
686,2140
534,2348
581,2529
923,2646
1393,2759
1895,2864
2359,2857
2687,2674
2924,2420
3094,2141
3163,1846
3156,1489
3092,1191
2960,1084
2793,1172
2563,1339
2244,1566
1833,1789
1361,1909
915,2006
550,2177
364,2396
596,2594
1032,2706
1487,2801
2013,2868
2450,2824
2752,2629
2949,2342
3084,2001
3165,1697
3162,1380
3061,1151
2915,1104
2740,1219
2484,1408
2124,1653
1680,1818
1236,1974
801,2131
419,2289
386,2457
696,2630
1148,2773
1659,2855
2159,2873
2568,2804
2849,2606
3023,2278
3112,1946
3156,1647
3138,1379
3031,1139
2877,1114
2688,1292
2409,1538
2031,1682
1575,1765
1119,1967
694,2170
464,2320
490,2477
800,2657
1333,2800
1850,2851
2266,2852
2619,2747
2897,2530
3059,2199
3130,1843
3165,1572
3136,1329
3033,1130
2852,1109
2646,1308
2357,1590
1973,1716
1463,1816
1006,1983
690,2178
512,2349
550,2508
942,2661
1499,2796
1985,2858
2366,2814
2705,2664
2942,2436
3081,2112
3132,1724
3138,1400
3108,1256
2981,1163
2782,1172
2545,1352
2246,1625
1825,1769
1298,1863
827,2028
565,2253
467,2414
608,2537
1056,2692
1597,2851
2080,2890
2466,2795
2751,2585
2974,2347
3113,2018
3144,1643
3112,1334
3056,1171
2942,1118
2735,1184
2442,1407
2112,1714
1700,1851
1135,1930
642,2074
420,2314
438,2504
689,2637
1148,2761
1707,2888
2239,2908
2569,2793
2818,2550
3035,2262
3156,1936
3169,1607
3122,1303
3043,1139
2906,1164
2671,1273
2369,1462
2011,1720
1574,1874
1074,1976
637,2096
456,2319
556,2537
872,2688
1347,2775
1883,2870
2353,2886
2682,2738
2904,2467
3073,2184
3147,1890
3163,1527
3115,1196
3003,1113
2837,1214
2619,1350
2300,1556
1898,1746
1457,1882
988,2029
589,2175
423,2361
640,2535
1053,2657
1519,2766
2012,2863
2450,2852
2754,2668
2956,2366
3074,2041
3155,1721
3164,1409
3072,1166
2935,1110
2786,1195
2529,1419
2185,1662
1762,1794
1323,1903
884,2054
551,2220
478,2402
692,2583
1108,2745
1580,2836
2083,2852
2505,2793
2785,2599
2970,2310
3093,1951
3145,1618
3113,1346
3013,1147
2881,1091
2688,1229
2431,1459
2086,1658
1646,1787
1149,1958
699,2151
420,2317
401,2483
693,2666
1200,2800
1738,2879
2231,2855
2586,2759
2851,2550
3034,2256
3121,1923
3138,1626
3120,1322
3028,1096
2863,1094
2650,1297
2362,1556
1967,1733
1478,1855
985,2004
622,2177
413,2336
516,2499
872,2660
1408,2775
1933,2871
2332,2881
2642,2738
2904,2476
3078,2150
3152,1816
3170,1492
3135,1240
3015,1118
2821,1181
2588,1365
2285,1618
1875,1785
1397,1891
954,2008
642,2182
526,2372
610,2545
998,2696
1523,2813
2023,2866
2444,2809
2763,2614
2980,2348
3111,2034
3163,1698
3149,1371
3067,1168
2937,1152
2748,1224
2488,1394
2163,1626
1749,1771
1271,1906
831,2072
513,2275
466,2446
722,2585
1149,2706
1668,2829
2162,2864
2542,2782
2799,2564
2988,2288
3093,1962
3133,1632
3114,1323
3025,1112
2886,1088
2693,1224
2409,1462
2017,1702
1562,1835
1070,1969
629,2124
394,2311
459,2496
760,2667
1247,2801
1784,2870
2244,2887
2600,2773
2863,2545
3035,2222
3138,1862
3174,1532
3131,1279
3012,1122
2845,1172
2623,1336
2316,1568
1929,1740
1474,1841
996,1987
620,2159
424,2339
514,2539
894,2693
1411,2818
1924,2895
2363,2865
2712,2696
2951,2432
3097,2121
3158,1799
3156,1473
3097,1253
2978,1134
2803,1188
2573,1366
2274,1604
1862,1765
1380,1889
902,2041
544,2242
412,2418
612,2565
1068,2688
1604,2789
2095,2858
2497,2813
2783,2629
2979,2347
3106,2018
3156,1676
3143,1367
3066,1151
2938,1099
2753,1184
2484,1420
2131,1671
1701,1834
1228,1938
783,2082
502,2256
512,2430
776,2600
1204,2753
1715,2848
2188,2882
2555,2775
2829,2552
3014,2238
3122,1897
3164,1580
3131,1296
3021,1105
2856,1107
2651,1269
2365,1497
2001,1690
1559,1819
1069,1979
631,2146
407,2326
451,2508
766,2684
1282,2819
1828,2891
2304,2885
2660,2751
2906,2501
3064,2181
3146,1859
3146,1558
3104,1293
2993,1136
2825,1156
2609,1329
2310,1580
1908,1753
1423,1868
932,2019
578,2198
409,2362
538,2546
939,2695
1483,2802
1991,2867
2407,2851
2726,2692
2953,2436
3095,2120
3150,1776
3160,1443
3094,1208
2966,1108
2791,1180
2553,1399
2229,1652
1813,1798
1338,1907
890,2058
596,2240
509,2410
672,2577
1114,2714
1633,2832
2107,2872
2500,2796
2800,2593
2998,2327
3116,1985
3163,1632
3140,1337
3049,1144
2911,1091
2720,1208
2453,1451
2104,1692
1672,1814
1182,1929
748,2099
505,2287
496,2466
777,2616
1250,2758
1762,2860
2233,2863
2596,2740
2842,2526
3023,2231
3122,1886
3146,1565
3102,1272
3007,1100
2853,1103
2631,1262
2342,1517
1978,1714
1517,1836
1012,1983
599,2156
396,2336
467,2520
819,2670
1317,2805
1854,2888
2326,2890
2658,2737
2897,2488
3065,2175
3146,1847
3143,1517
3084,1248
2978,1120
2798,1184
2563,1368
2266,1599
1867,1766
1385,1881
903,2023
541,2190
395,2392
542,2578
955,2695
1487,2799
1997,2877
2428,2856
2739,2681
2956,2399
3095,2066
3159,1746
3156,1431
3083,1188
2951,1122
2776,1226
2536,1421
2204,1646
1769,1820
1291,1939
852,2085
528,2244
445,2423
699,2594
1154,2733
1642,2834
2127,2869
2534,2791
2816,2575
3002,2281
3113,1940
3156,1605
3141,1310
3049,1126
2895,1109
2700,1239
2446,1488
2081,1689
1634,1809
1185,1940
773,2115
513,2291
505,2466
803,2639
1288,2790
1798,2865
2254,2864
2612,2743
2877,2514
3043,2193
3124,1849
3139,1545
3097,1285
2991,1107
2832,1100
2613,1273
2325,1543
1945,1732
1469,1830
966,1974
571,2173
355,2352
428,2531
832,2684
1379,2809
1913,2878
2362,2856
2688,2704
2925,2476
3083,2168
3144,1810
3141,1489
3107,1256
2981,1136
2801,1186
2563,1369
2256,1633
1849,1791
1348,1901
870,2034
516,2209
404,2394
573,2552
989,2697
1524,2824
2042,2882
2448,2839
2746,2653
2970,2395
3101,2056
3161,1704
3146,1370
3080,1164
2960,1133
2769,1223
2511,1432
2185,1683
1766,1819
1287,1925
838,2068
538,2271
490,2453
724,2608
1165,2737
1689,2841
2183,2877
2561,2786
2836,2556
3019,2264
3129,1925
3161,1586
3126,1296
3027,1115
2887,1118
2690,1251
2406,1474
2051,1705
1610,1835
1130,1967
701,2118
480,2304
534,2488
835,2645
1317,2772
1837,2846
2306,2871
2643,2741
2883,2497
3057,2180
3139,1855
3155,1521
3105,1253
2994,1084
2830,1111
2602,1282
2303,1532
1905,1725
1442,1863
967,2012
556,2173
363,2353
495,2531
870,2688
1395,2805
1921,2878
2377,2871
2706,2703
2945,2446
3090,2122
3159,1785
3162,1477
3104,1231
2972,1126
2789,1216
2543,1407
2216,1638
1800,1790
1308,1904
852,2058
517,2234
414,2414
592,2583
1034,2726
1571,2819
2064,2867
2472,2817
2777,2632
2987,2370
3110,2032
3158,1693
3144,1388
3067,1176
2923,1121
2740,1235
2486,1455
2147,1686
1714,1815
1231,1938
799,2098
535,2288
509,2469
761,2624
1228,2753
1749,2846
2210,2855
2573,2768
2851,2542
3028,2255
3130,1906
3159,1573
3127,1284
3027,1111
2876,1107
2669,1247
2386,1490
2017,1707
1568,1836
1084,1981
677,2140
463,2325
539,2501
872,2650
1355,2772
1879,2866
2329,2866
2662,2723
2901,2474
3060,2160
3149,1815
3159,1485
3106,1237
2997,1104
2829,1145
2598,1316
2282,1561
1879,1738
1401,1860
912,2001
519,2169
367,2366
520,2548
911,2697
1431,2811
1960,2879
2404,2862
2723,2686
2950,2415
3097,2088
3165,1759
3163,1456
3097,1220
2974,1134
2792,1235
2538,1425
2205,1652
1773,1802
1303,1926
828,2071
485,2237
395,2427
609,2599
1073,2734
1601,2828
2097,2876
2508,2812
2806,2607
3001,2328
3114,1998
3159,1671
3146,1362
3057,1156
2909,1119
2723,1248
2469,1471
2108,1694
1674,1819
1206,1951
790,2116
518,2291
512,2476
814,2638
1291,2767
1788,2856
2251,2872
2621,2765
2876,2538
3040,2231
3133,1881
3164,1547
3126,1272
3017,1094
2857,1093
2651,1259
2357,1519
1986,1721
1532,1838
1058,1981
663,2153
463,2332
548,2508
906,2670
1406,2796
1919,2860
2365,2848
2697,2706
2928,2461
3082,2132
3155,1789
3160,1485
3109,1233
2986,1086
2808,1139
2569,1334
2266,1587
1863,1749
1381,1869
899,2022
540,2193
386,2374
526,2550
951,2707
1493,2815
2005,2874
2426,2835
2738,2660
2965,2398
3100,2068
3156,1742
3156,1436
3092,1211
2957,1130
2769,1228
2522,1435
2187,1680
1751,1818
1252,1930
807,2084
502,2258
419,2440
651,2604
1121,2745
1647,2844
2134,2880
2527,2794
2807,2590
3006,2304
3118,1962
3158,1626
3138,1335
3051,1152
2901,1133
2702,1262
2432,1499
2072,1720
1633,1828
1156,1940
741,2117
508,2310
528,2491
827,2646
1305,2779
1826,2866
2288,2877
2639,2752
2891,2520
3055,2211
3142,1862
3157,1523
3110,1259
3004,1108
2846,1121
2630,1271
2337,1529
1960,1729
1500,1843
1013,1983
618,2167
443,2356
544,2531
908,2677
1425,2795
1951,2864
2391,2841
2713,2688
2942,2436
3090,2122
3168,1777
3160,1435
3098,1189
2984,1086
2806,1145
2561,1342
2244,1602
1832,1774
1348,1893
865,2030
510,2196
398,2391
585,2570
1010,2696
1539,2808
2043,2880
2456,2833
2757,2639
2976,2368
3107,2040
3163,1707
3149,1406
3072,1187
2937,1135
2746,1235
2482,1459
2141,1699
1714,1838
1230,1956
779,2100
483,2267
444,2458
690,2621
1149,2755
1668,2852
2164,2884
2554,2790
2833,2572
3019,2273
3128,1940
3159,1604
3130,1320
3032,1141
2881,1124
2673,1275
2392,1503
2029,1703
1586,1834
1113,1975
711,2141
485,2320
529,2500
860,2660
1346,2782
1855,2866
2320,2878
2670,2750
2911,2508
3065,2179
3151,1835
3165,1515
3113,1250
2997,1082
2833,1119
2610,1304
2308,1553
1915,1727
1440,1846
981,1996
620,2173
460,2363
574,2542
960,2691
1472,2805
1977,2870
2410,2845
2738,2680
2959,2427
3098,2088
3173,1739
3151,1425
3093,1184
2965,1089
2783,1168
2538,1367
2221,1616
1803,1768
1318,1894
852,2051
514,2227
402,2409
596,2574
1045,2721
1575,2828
2075,2875
2484,2807
2779,2610
2988,2345
3110,2014
3163,1684
3140,1382
3065,1189
2926,1139
2735,1248
2468,1484
2124,1709
1684,1841
1194,1956
750,2113
466,2304
445,2489
720,2636
1200,2759
1728,2853
2210,2879
2577,2771
2843,2547
3028,2256
3129,1919
3152,1593
3127,1304
3032,1130
2871,1128
2662,1270
2372,1520
2002,1735
1547,1860
1061,1990
666,2149
466,2333
545,2518
892,2670
1383,2793
1900,2874
2350,2868
2681,2731
2918,2486
3073,2174
3153,1827
3162,1484
3110,1217
2996,1086
2823,1132
2587,1313
2278,1563
1881,1746
1416,1872
953,2011
602,2190
465,2369
605,2544
994,2694
1508,2813
2010,2879
2437,2842
2747,2660
2970,2388
3106,2056
3164,1724
3156,1411
3087,1172
2950,1079
2770,1176
2513,1390
2180,1622
1756,1778
1279,1904
831,2061
520,2239
443,2420
662,2585
1094,2731
1616,2826
2106,2875
2507,2802
2794,2594
2995,2308
3111,1972
3154,1646
3137,1384
3045,1186
2903,1159
2704,1282
2438,1500
2073,1715
1622,1834
1129,1971
699,2144
436,2316
446,2497
742,2653
1232,2776
1748,2865
2225,2873
2593,2761
2861,2527
3041,2223
3132,1890
3160,1555
3118,1278
3016,1121
2856,1147
2643,1312
2350,1561
1969,1742
1503,1846
1011,1985
617,2171
432,2361
530,2537
898,2689
1418,2808
1928,2877
2366,2861
2695,2709
2929,2460
3084,2147
3159,1808
3167,1482
3101,1216
2979,1081
2801,1134
2572,1320
2260,1586
1862,1760
1388,1868
916,2014
561,2188
443,2383
617,2563
1034,2711
1560,2824
2065,2879
2470,2831
2764,2645
2972,2375
3099,2043
3161,1703
3149,1384
3075,1170
2939,1090
2749,1184
2487,1394
2152,1646
1719,1802
1241,1922
787,2073
481,2251
427,2437
671,2596
1135,2736
1666,2840
2161,2875
2550,2785
2832,2566
3013,2273
3118,1936
3159,1607
3136,1331
3045,1152
2893,1161
2693,1303
2408,1530
2040,1733
1591,1850
1101,1977
690,2141
453,2338
471,2516
786,2661
1283,2780
1803,2858
2272,2871
2632,2747
2888,2514
3049,2211
3137,1861
3154,1529
3109,1271
3004,1117
2850,1145
2635,1322
2339,1567
1942,1745
1471,1865
988,1997
602,2168
433,2359
564,2549
952,2700
1454,2823
1959,2884
2401,2858
2720,2700
2947,2439
3091,2122
3161,1781
3163,1457
3100,1211
2974,1088
2794,1143
2555,1349
2234,1604
1822,1764
1338,1881
879,2033
552,2203
452,2383
653,2560
1099,2714
1604,2825
2101,2881
2504,2822
2794,2624
2993,2341
3117,2016
3165,1685
3147,1377
3065,1164
2928,1107
2732,1212
2467,1428
2124,1662
1689,1805
1204,1923
742,2082
471,2270
433,2448
693,2609
1175,2749
1701,2844
2179,2870
2561,2771
2841,2551
3025,2251
3127,1906
3165,1578
3137,1306
3039,1137
2881,1147
2677,1306
2393,1537
2017,1744
1561,1868
1073,2000
649,2162
423,2347
487,2527
823,2673
1321,2796
1845,2875
2308,2868
2648,2730
2899,2491
3058,2172
3142,1841
3155,1515
3108,1248
2997,1110
2825,1141
2604,1323
2301,1585
1906,1752
1441,1860
963,2014
605,2189
449,2381
595,2548
996,2697
1502,2819
2006,2887
2440,2859
2745,2690
2959,2423
3095,2092
3160,1756
3154,1440
3086,1204
2954,1102
2772,1164
2526,1370
2198,1622
1777,1772
1296,1891
842,2041
535,2222
451,2409
665,2568
1108,2718
1626,2826
2123,2875
2520,2807
2804,2606
3001,2323
3120,1982
3161,1650
3131,1353
3055,1147
2915,1110
2718,1232
2448,1450
2092,1666
1648,1809
1166,1940
732,2097
466,2282
463,2472
743,2626
1218,2753
1737,2841
2214,2868
2581,2755
2854,2529
3035,2227
3128,1894
3156,1567
3117,1284
3017,1120
2861,1136
2651,1306
2361,1563
1974,1757
1515,1886
1031,2017
626,2174
415,2365
515,2542
866,2694
1368,2812
1883,2887
2336,2872
2671,2718
2897,2477
3065,2159
3145,1812
3160,1497
3101,1242
2986,1115
2811,1166
2578,1349
2264,1605
1859,1775
1385,1885
921,2033
564,2205
433,2390
603,2559
1009,2710
1525,2827
2029,2887
2454,2848
2758,2669
2977,2399
3108,2068
3171,1731
3162,1424
3091,1203
2954,1107
2769,1194
2511,1395
2177,1627
1757,1773
1275,1899
828,2057
528,2241
467,2424
691,2586
1141,2735
1667,2833
2153,2875
2541,2789
2823,2586
3014,2294
3125,1958
3165,1626
3141,1334
3049,1137
2903,1113
2704,1237
2428,1470
2069,1695
1621,1811
1139,1947
717,2112
469,2295
487,2469
787,2633
1269,2759
1790,2851
2257,2860
2607,2745
2865,2516
3036,2203
3129,1866
3149,1531
3110,1268
3004,1115
2841,1136
2624,1313
2325,1569
1939,1765
1476,1886
995,2020
608,2191
428,2375
526,2545
894,2691
1401,2809
1923,2885
2365,2864
2698,2704
2930,2455
3087,2131
3156,1792
3162,1464
3098,1221
2975,1110
2798,1181
2556,1376
2237,1620
1829,1777
1350,1899
889,2039
546,2217
435,2402
622,2573
1038,2720
1558,2829
2059,2884
2477,2836
2772,2632
2986,2376
3111,2046
3164,1711
3155,1399
3079,1178
2943,1109
2757,1203
2496,1411
2158,1644
1733,1785
1259,1901
813,2061
528,2246
481,2433
722,2603
1189,2735
1701,2836
2181,2876
2561,2796
2833,2572
3018,2275
3120,1933
3158,1610
3127,1321
3026,1133
2877,1124
2675,1266
2391,1493
2020,1707
1575,1827
1090,1959
678,2120
451,2307
489,2482
804,2643
1293,2772
1816,2853
2280,2861
2641,2721
2889,2486
3051,2171
3138,1827
3161,1499
3112,1240
2997,1092
2827,1139
2607,1326
2308,1586
1905,1774
1435,1893
951,2035
567,2207
396,2389
514,2563
906,2715
1437,2824
1954,2893
2393,2861
2717,2691
2954,2430
3094,2098
3160,1758
3156,1443
3089,1214
2963,1111
2781,1183
2535,1380
2215,1631
1798,1780
1325,1894
868,2052
541,2229
439,2411
640,2583
1080,2724
1602,2834
2102,2887
2510,2832
2802,2640
3002,2365
3118,2024
3165,1685
3145,1378
3059,1170
2923,1121
2734,1235
2472,1451
2127,1672
1693,1796
1205,1915
766,2069
499,2263
479,2453
743,2605
1218,2749
1741,2839
2216,2870
2594,2768
2857,2539
3040,2244
3139,1906
3163,1573
3122,1286
3025,1109
2869,1121
2657,1277
2372,1517
2007,1722
1551,1847
1063,1974
644,2129
423,2316
485,2501
827,2656
1334,2780
1860,2863
2326,2860
2663,2711
2910,2461
3066,2136
3143,1794
3155,1472
3103,1226
2986,1092
2813,1141
2584,1328
2279,1594
1876,1781
1403,1907
926,2052
560,2225
399,2400
545,2570
959,2716
1483,2836
1999,2899
2440,2864
2754,2682
2967,2412
3104,2076
3160,1737
3148,1423
3078,1205
2947,1125
2764,1206
2516,1408
2187,1647
1772,1786
1292,1906
848,2066
542,2253
465,2435
679,2594
1125,2729
1643,2834
2140,2880
2538,2814
2822,2616
3019,2337
3125,1999
3166,1662
3142,1363
3052,1161
2911,1122
2720,1250
2456,1479
2108,1694
1672,1802
1189,1926
756,2084
498,2266
508,2460
789,2617
1260,2751
1772,2839
2245,2862
2607,2753
2865,2526
3042,2219
3138,1879
3162,1548
3122,1279
3016,1115
2855,1127
2644,1288
2359,1537
1979,1736
1523,1852
1041,1988
633,2154
416,2336
501,2518
858,2673
1362,2793
1887,2866
2345,2852
2679,2695
2914,2442
3067,2120
3143,1777
3146,1454
3085,1196
2968,1082
2797,1149
2560,1344
2246,1604
1838,1782
1358,1900
877,2055
518,2231
388,2411
559,2583
999,2725
1531,2838
2045,2900
2469,2855
2772,2669
2981,2392
3108,2057
3161,1725
3151,1412
3071,1193
2933,1118
2743,1215
2490,1425
2147,1661
1726,1801
1245,1933
796,2079
501,2258
450,2444
687,2605
1145,2739
1670,2842
2166,2882
2557,2805
2839,2594
3024,2311
3132,1970
3174,1634
3145,1341
3048,1151
2905,1129
2702,1265
2433,1499
2077,1708
1639,1824
1160,1953
749,2114
505,2292
520,2472
822,2629
1303,2760
1812,2846
2278,2860
2631,2731
2882,2498
3047,2190
3136,1853
3152,1528
3102,1263
2995,1110
2833,1137
2618,1309
2320,1557
1939,1744
1480,1859
1004,2003
625,2167
447,2350
542,2521
912,2667
1419,2796
1933,2868
2372,2844
2698,2683
2930,2426
3071,2094
3138,1755
3138,1442
3079,1194
2954,1088
2779,1162
2537,1352
2216,1615
1796,1780
1304,1908
830,2061
479,2242
367,2427
559,2598
999,2736
1540,2848
2053,2896
2473,2838
2778,2647
2990,2370
3117,2035
3170,1701
3156,1388
3076,1179
2936,1115
2744,1220
2482,1439
2138,1669
1705,1804
1224,1926
780,2088
485,2268
454,2454
727,2620
1191,2760
1711,2852
2197,2882
2577,2792
2850,2568
3038,2285
3139,1948
3176,1621
3142,1337
3046,1155
2895,1138
2687,1277
2406,1513
2038,1717
1589,1837
1111,1969
707,2130
486,2309
539,2485
864,2642
1358,2764
1871,2847
2324,2852
2667,2718
2909,2478
3069,2162
3147,1822
3162,1501
3112,1240
2998,1101
2827,1139
2602,1322
2297,1576
1905,1755
1438,1875
962,2012
597,2186
442,2363
566,2537
961,2685
1473,2798
1982,2865
2409,2833
2723,2659
2948,2399
3084,2066
3148,1726
3144,1410
3080,1176
2946,1077
2767,1162
2518,1371
2190,1628
1772,1791
1285,1910
827,2068
500,2249
416,2436
624,2606
1074,2746
1598,2850
2098,2897
2504,2829
2792,2632
2994,2351
3114,2015
3160,1678
3137,1384
3052,1184
2912,1139
2714,1247
2449,1465
2099,1684
1655,1811
1177,1934
741,2100
473,2285
471,2471
752,2631
1235,2768
1752,2856
2221,2878
2595,2773
2860,2547
3040,2258
3143,1918
3168,1588
3134,1308
3038,1133
2885,1142
2674,1299
2388,1538
2012,1736
1554,1849
1073,1980
672,2144
462,2325
541,2504
887,2653
1385,2776
1902,2854
2345,2845
2679,2698
2914,2455
3067,2132
3144,1791
3158,1470
3103,1222
2987,1094
2814,1147
2582,1333
2271,1588
1874,1769
1404,1882
933,2027
567,2195
433,2378
585,2551
991,2696
1500,2808
2011,2868
2444,2833
2733,2651
2955,2380
3090,2048
3150,1707
3139,1388
3066,1162
2927,1079
2745,1180
2490,1398
2155,1643
1723,1782
1231,1915
768,2072
455,2258
397,2442
634,2635
1104,2758
1635,2855
2136,2894
2531,2820
2818,2609
3010,2324
3122,1989
3166,1657
3138,1359
3050,1166
2900,1131
2699,1258
2423,1485
2065,1704
1617,1822
1133,1950
706,2117
460,2301
468,2487
774,2640
1267,2767
1797,2863
2268,2880
2626,2767
2883,2533
3053,2229
3146,1884
3171,1561
3129,1292
3022,1130
2866,1152
2650,1311
2355,1554
1980,1749
1519,1845
1044,1999
659,2165
480,2345
574,2515
931,2664
1430,2785
1939,2862
2374,2848
2703,2688
2933,2431
3080,2109
3160,1770
3156,1453
3089,1203
2973,1092
2801,1161
2566,1356
2247,1610
1847,1773
1377,1888
917,2037
572,2214
460,2401
617,2570
1036,2708
1542,2817
2050,2869
2465,2815
2762,2631
2971,2354
3100,2017
3156,1679
3137,1374
3054,1149
2922,1082
2731,1191
2474,1409
2135,1652
1692,1796
1201,1922
742,2084
440,2272
401,2456
661,2626
1137,2762
1669,2857
2163,2891
2549,2803
2825,2592
3021,2305
3129,1968
3168,1637
3140,1345
3047,1153
2891,1138
2683,1272
2403,1509
2034,1715
1584,1833
1095,1962
685,2132
448,2318
492,2498
817,2655
1312,2782
1828,2862
2294,2876
2650,2751
2896,2510
3069,2198
3156,1860
3174,1540
3126,1283
3020,1131
2851,1164
2629,1328
2329,1572
1940,1750
1483,1868
1011,2012
638,2186
482,2369
604,2535
972,2683
1479,2792
1987,2855
2412,2840
2723,2673
2947,2411
3085,2086
3150,1736
3148,1426
3085,1194
2954,1092
2786,1173
2544,1369
2222,1617
1807,1775
1323,1894
864,2052
537,2220
453,2410
652,2578
1076,2721
1603,2824
2089,2873
2487,2806
2778,2615
2980,2331
3099,1996
3152,1657
3132,1354
3048,1147
2909,1091
2714,1205
2447,1426
2098,1668
1658,1815
1168,1927
715,2092
426,2276
409,2461
683,2630
1172,2771
1704,2868
2191,2892
2568,2793
2837,2558
3021,2276
3128,1939
3160,1614
3129,1337
3034,1160
2877,1155
2666,1296
2381,1531
2005,1731
1540,1846
1052,1976
634,2141
420,2326
478,2509
828,2662
1336,2783
1865,2863
2326,2862
2663,2728
2912,2490
3071,2173
3159,1835
3169,1509
3119,1256
3010,1121
2839,1170
2614,1350
2309,1598
1909,1764
1440,1874
976,2021
611,2195
465,2382
609,2553
1005,2697
1509,2804
2012,2864
2436,2829
2742,2653
2956,2385
3096,2046
3161,1701
3152,1393
3083,1170
2955,1087
2774,1186
2529,1392
2197,1632
1774,1781
1292,1898
834,2058
528,2240
464,2426
681,2596
1129,2732
1647,2839
2134,2875
2525,2799
2802,2589
2994,2302
3110,1957
3148,1633
3115,1334
3036,1139
2892,1098
2694,1220
2427,1448
2067,1671
1609,1809
1121,1940
672,2102
404,2284
418,2468
719,2634
1218,2771
1751,2866
2234,2893
2602,2776
2862,2544
3038,2242
3137,1907
3157,1585
3128,1316
3027,1158
2864,1168
2651,1320
2355,1558
1967,1748
1501,1860
1011,1991
614,2160
418,2341
505,2522
873,2672
1387,2794
1906,2871
2356,2862
2694,2712
2929,2463
3079,2146
3154,1804
3162,1482
3107,1235
2993,1111
2828,1173
2592,1362
2288,1613
1884,1775
1414,1887
949,2036
592,2213
469,2401
633,2565
1047,2711
1565,2822
2059,2875
2475,2825
2774,2641
2983,2371
3110,2029
3158,1687
3147,1378
3074,1156
2940,1089
2757,1189
2503,1409
2169,1656
1745,1799
1264,1915
814,2071
522,2250
474,2434
717,2603
1171,2738
1692,2840
2173,2880
2553,2791
2828,2578
3017,2283
3121,1932
3156,1600
3128,1316
3035,1120
2886,1105
2686,1246
2414,1479
2044,1696
1594,1815
1098,1947
664,2113
407,2301
427,2485
750,2645
1252,2773
1782,2865
2260,2881
2629,2762
2879,2525
3050,2220
3141,1885
3163,1557
3115,1295
3009,1147
2860,1179
2629,1340
2329,1583
1939,1766
1468,1878
980,2012
587,2177
414,2357
520,2533
898,2683
1420,2804
1938,2876
2381,2856
2707,2702
2939,2447
3089,2123
3156,1787
3161,1463
3097,1221
2976,1117
2801,1185
2564,1377
2246,1623
1845,1780
1374,1898
906,2057
576,2229
476,2411
660,2583
1095,2721
1599,2827
2091,2884
2497,2826
2792,2629
2991,2346
3116,2006
3163,1664
3145,1358
3065,1148
2925,1090
2734,1196
2472,1421
2132,1661
1704,1799
1222,1924
779,2088
501,2273
470,2453
734,2614
1209,2748
1729,2844
2207,2873
2585,2778
2848,2554
3030,2257
3128,1911
3158,1575
3127,1298
3025,1117
2871,1109
2667,1250
2383,1489
2009,1708
1554,1826
1062,1960
641,2136
405,2310
456,2490
808,2653
1297,2778
1822,2865
2290,2873
2643,2743
2893,2498
3059,2190
3146,1853
3161,1534
3112,1286
3002,1140
2829,1190
2600,1370
2296,1611
1897,1778
1424,1886
939,2027
559,2193
400,2376
535,2551
936,2693
1457,2811
1973,2880
2412,2847
2732,2668
2952,2413
3096,2081
3159,1751
3158,1461
3089,1205
2962,1116
2786,1197
2544,1400
2222,1641
1810,1794
1333,1901
878,2056
555,2240
475,2423
682,2593
1128,2732
1643,2831
2136,2881
2529,2812
2812,2610
3008,2320
3123,1969
3165,1637
3140,1335
3057,1133
2917,1084
2721,1206
2461,1441
2112,1674
1676,1805
1200,1933
761,2096
492,2279
491,2466
772,2628
1249,2761
1770,2848
2242,2873
2606,2765
2863,2540
3039,2238
3129,1894
3156,1556
3114,1267
3018,1099
2859,1113
2646,1270
2361,1509
1978,1715
1512,1833
1038,1971
626,2144
422,2325
482,2503
832,2660
1343,2785
1870,2867
2330,2864
2667,2718
2909,2471
3067,2161
3148,1821
3159,1509
3104,1264
2988,1137
2814,1191
2580,1375
2269,1620
1875,1793
1388,1903
912,2041
548,2214
405,2395
556,2563
971,2707
1493,2811
2010,2876
2440,2839
2749,2662
2968,2397
3101,2064
3157,1725
3151,1417
3083,1194
2946,1118
2767,1204
2517,1417
2187,1652
1768,1797
1291,1916
839,2079
542,2256
484,2445
710,2608
1162,2746
1677,2846
2185,2885
2551,2808
2826,2600
3015,2308
3125,1958
3163,1616
3137,1323
3048,1121
2900,1090
2701,1223
2433,1461
2079,1684
1640,1810
1161,1942
747,2112
502,2313
521,2479
815,2643
1293,2771
1807,2850
2272,2871
2626,2750
2876,2519
3047,2205
3139,1870
3156,1541
3108,1266
3003,1099
2838,1119
2618,1287
2327,1533
1947,1731
1473,1844
998,1980
596,2151
400,2340
498,2514
862,2668
1381,2793
1901,2866
2349,2855
2676,2692
2913,2447
3064,2135
3142,1797
3148,1489
3092,1250
2975,1135
2799,1204
2561,1396
2239,1641
1828,1802
1344,1916
868,2060
509,2230
387,2412
559,2580
991,2718
1518,2832
2032,2884
2456,2829
2758,2656
2970,2368
3102,2035
3156,1700
3146,1395
3075,1185
2937,1125
2749,1220
2494,1427
2156,1664
1727,1804
1245,1927
803,2090
516,2267
478,2449
727,2612
1185,2752
1706,2850
2192,2885
2570,2799
2842,2584
3027,2287
3132,1942
3165,1603
3120,1307
3042,1116
2893,1096
2690,1238
2413,1471
2051,1684
1602,1806
1119,1944
708,2117
483,2306
521,2489
839,2645
1325,2775
1842,2859
2302,2865
2655,2738
2898,2505
3061,2190
3148,1847
3161,1516
3115,1248
3000,1095
2834,1122
2608,1300
2308,1551
1916,1737
1444,1857
951,2000
570,2164
396,2352
516,2526
902,2679
1422,2796
1946,2869
2383,2844
2705,2679
2938,2423
3082,2104
3148,1772
3156,1457
3090,1230
2967,1132
2788,1209
2542,1413
2216,1662
1797,1812
1314,1931
847,2080
504,2250
395,2429
599,2588
1041,2731
1568,2836
2077,2887
2480,2823
2780,2627
2984,2353
3113,2013
3166,1676
3143,1379
3068,1160
2929,1120
2734,1235
2469,1450
2125,1676
1692,1813
1212,1943
778,2102
512,2284
501,2465
765,2628
1233,2762
1753,2851
2230,2887
2599,2788
2858,2566
3042,2261
3140,1919
3171,1580
3131,1290
3029,1108
2882,1100
2674,1250
2387,1484
2016,1688
1567,1817
1088,1960
688,2127
484,2320
546,2503
883,2659
1370,2781
1885,2861
2334,2861
2675,2723
2916,2480
3074,2160
3148,1822
3162,1502
3109,1242
2990,1107
2819,1144
2588,1317
2278,1569
1880,1749
1406,1868
930,2015
559,2186
410,2371
554,2546
958,2692
1470,2805
1979,2869
2409,2830
2725,2658
2950,2395
3081,2066
3148,1730
3144,1425
3079,1215
2950,1134
2769,1220
2518,1426
2185,1674
1757,1818
1271,1941
812,2090
480,2262
403,2441
633,2605
1088,2739
1613,2843
2110,2887
2511,2815
2798,2611
2996,2325
3113,1981
3154,1641
3136,1351
3053,1157
2905,1122
2715,1248
2445,1480
2089,1692
1650,1819
1170,1941
738,2110
480,2294
491,2478
787,2643
1261,2776
1784,2861
2251,2882
2615,2777
2877,2548
3051,2249
3141,1907
3165,1569
3127,1287
3022,1117
2868,1117
2651,1272
2362,1517
1991,1707
1527,1830
1051,1966
661,2137
459,2329
551,2511
911,2668
1411,2791
1923,2865
2364,2854
2697,2708
2928,2455
3080,2133
3155,1794
3165,1474
3104,1226
2983,1102
2808,1152
2571,1336
2257,1581
1856,1760
1376,1878
900,2023
546,2200
421,2384
578,2551
990,2698
1512,2807
2018,2869
2441,2824
2746,2641
2961,2371
3094,2035
3151,1698
3143,1396
3067,1180
2936,1122
2746,1227
2504,1445
2152,1688
1723,1831
1231,1948
772,2106
465,2286
409,2461
650,2619
1112,2755
1641,2851
2144,2889
2532,2802
2821,2591
3012,2299
3125,1961
3162,1623
3133,1336
3046,1142
2897,1122
2692,1257
2421,1495
2060,1712
1612,1829
1131,1959
715,2132
473,2311
501,2492
811,2651
1300,2781
1819,2866
2286,2877
2643,2760
2896,2530
3063,2214
3151,1881
3173,1549
3128,1267
3014,1110
2857,1124
2635,1283
2340,1533
1955,1723
1494,1837
1013,1974
649,2150
467,2341
577,2519
951,2671
1457,2799
1967,2865
2397,2848
2719,2687
2947,2435
3095,2106
3160,1766
3163,1453
3091,1209
2972,1101
2796,1170
2550,1368
2231,1612
1817,1761
1341,1888
868,2039
526,2215
429,2403
609,2566
1037,2711
1563,2819
2064,2871
2474,2813
2767,2625
2981,2334
3107,2000
3158,1672
3143,1371
3058,1168
2923,1122
2728,1247
2468,1468
2116,1705
1685,1834
1192,1958
747,2115
456,2298
426,2474
696,2640
1171,2768
1703,2861
2189,2892
2570,2787
2837,2568
3025,2265
3130,1927
3163,1597
3134,1321
3036,1139
2882,1128
2674,1275
2390,1513
2020,1718
1564,1843
1081,1978
667,2146
450,2325
505,2503
840,2661
1344,2788
1867,2872
2323,2877
2669,2747
2910,2505
3069,2189
3158,1843
3170,1523
3120,1261
3012,1116
2839,1152
2616,1318
2313,1557
1919,1730
1455,1840
985,1983
622,2165
472,2353
605,2532
990,2682
1500,2800
2003,2870
2424,2849
2736,2666
2959,2408
3100,2076
3157,1741
3154,1429
3086,1194
2959,1097
2778,1182
2531,1386