2048,2652
1083,2003
1089,2020
1281,2054
1653,2107
2109,2171
2571,2195
2947,2193
3150,2176
3068,2136
2756,2124
2313,2122
1837,2108
1413,2061
1137,2021
1060,2014
1195,2036
1514,2084
1956,2152
2432,2180
2845,2178
3099,2168
3116,2134
2879,2114
2475,2104
2000,2100
1545,2057
1208,2007
1067,1988
1136,2003
1394,2042
1806,2107
2273,2153
2701,2164
3015,2150
3156,2122
2984,2098
2624,2088
2162,2085
1690,2062
1305,2011
1098,1989
1088,1994
1281,2025
1648,2082
2102,2135
2569,2152
2946,2152
3132,2134
3057,2107
2756,2094
2314,2092
1841,2082
1415,2028
1134,1990
1053,1989
1184,2010
1502,2050
1951,2118
2429,2160
2835,2168
3081,2151
3112,2133
2878,2115
2473,2109
1998,2105
1544,2066
1205,2019
1059,2001
1125,2016
1377,2061
1781,2129
2240,2185
2687,2186
3014,2178
3148,2156
2977,2130
2618,2122
2156,2114
1685,2091
1298,2032
1079,2007
1074,2010
1255,2039
1620,2099
2092,2155
2551,2185
2930,2181
3124,2162
3056,2141
2756,2122
2314,2118
1839,2106
1413,2053
1137,2006
1063,2009
1197,2026
1500,2066
1939,2140
2406,2171
2821,2174
3081,2156
3109,2130
2876,2105
2469,2096
2009,2090
1555,2049
1216,2000
1054,1978
1108,2001
1374,2036
1783,2094
2251,2144
2692,2158
3013,2139
3149,2117
2987,2092
2626,2082
2172,2078
1697,2056
1300,2006
1078,1982
1070,1992
1268,2020
1629,2070
2087,2131
2551,2157
2928,2148
3122,2126
3058,2104
2758,2086
2320,2082
1842,2075
1421,2023
1144,1984
1056,1974
1172,1991
1486,2053
1924,2118
2395,2156
2809,2160
3071,2151
3111,2129
2879,2103
2482,2098
2007,2097
1554,2069
1211,2019
1052,1999
1110,2009
1360,2055
1767,2116
2231,2170
2674,2185
3009,2173
3140,2150
2979,2125
2629,2116
2165,2096
1679,2094
1275,2033
1078,1999
1067,2001
1248,2035
1611,2091
2069,2155
2532,2185
2911,2182
3116,2157
3054,2134
2761,2114
2331,2105
1856,2096
1434,2049
1138,2008
1044,2003
1168,2028
1477,2073
1916,2134
2384,2177
2801,2169
3069,2152
3113,2121
2885,2096
2495,2087
2031,2087
1559,2052
1212,1998
1058,1974
1113,1991
1358,2028
1761,2084
2225,2138
2674,2145
3004,2135
3146,2113
2993,2091
2638,2081
2173,2085
1706,2059
1313,2001
1096,1970
1072,1978
1248,2012
1611,2062
2066,2120
2527,2148
2902,2145
3111,2127
3063,2104
2777,2086
2338,2076
1859,2069
1425,2018
1137,1978
1041,1976
1164,2002
1465,2046
1897,2108
2373,2156
2797,2156
3078,2145
3123,2119
2894,2091
2487,2096
2018,2100
1556,2061
1209,2013
1054,1997
1102,2009
1346,2049
1753,2109
2217,2165
2665,2176
2985,2165
3118,2144
2978,2126
2634,2109
2176,2101
1703,2085
1305,2030
1080,1996
1063,1996
1239,2035
1598,2086
2052,2148
2508,2181
2882,2173
3099,2160
3058,2130
2775,2107
2340,2108
1862,2096
1431,2046
1138,2006
1041,1996
1160,2018
1461,2065
1892,2128
2371,2157
2801,2163
3071,2148
3112,2121
2891,2097
2496,2087
2028,2086
1566,2051
1218,1997
1058,1977
1107,1986
1344,2021
1752,2080
2224,2133
2666,2145
2994,2135
3140,2112
2995,2086
2666,2073
2192,2074
1714,2054
1314,2001
1092,1965
1066,1970
1245,2012
1600,2066
2034,2127
2501,2151
2897,2131
3109,2127
3061,2100
2778,2082
2341,2074
1868,2070
1434,2022
1139,1977
1035,1972
1152,1996
1447,2043
1884,2102
2364,2148
2780,2153
3053,2142
3109,2118
2898,2104
2504,2097
2028,2095
1569,2063
1213,2010
1048,1994
1098,2002
1340,2037
1747,2102
2205,2161
2643,2176
2982,2165
3134,2145
2988,2123
2645,2113
2187,2103
1708,2083
1315,2028
1085,1991
1058,2001
1229,2036
1573,2092
2026,2147
2502,2173
2888,2169
3103,2150
3062,2124
2783,2107
2347,2100
1868,2100
1430,2050
1127,2009
1037,2005
1161,2017
1455,2069
1884,2121
2355,2160
2786,2163
3057,2142
3108,2120
2894,2095
2503,2089
2031,2084
1582,2043
1236,1990
1074,1964
1103,1974
1334,2017
1729,2076
2199,2131
2650,2138
2982,2131
3136,2111
2997,2085
2662,2072
2208,2068
1735,2052
1321,1995
1082,1966
1057,1977
1231,2008
1582,2051
2035,2114
2503,2145
2890,2137
3104,2118
3066,2093
2791,2076
2353,2073
1870,2065
1426,2024
1133,1985
1038,1970
1150,1989
1444,2036
1875,2101
2346,2145
2771,2147
3049,2136
3107,2105
2895,2099
2505,2087
2041,2084
1585,2052
1232,2009
1054,1994
1090,2000
1321,2040
1718,2101
2185,2159
2632,2170
2972,2163
3127,2134
2989,2119
2661,2101
2214,2103
1732,2085
1321,2023
1088,1991
1050,1993
1218,2021
1566,2074
2011,2147
2484,2167
2875,2163
3099,2148
3070,2125
2797,2107
2357,2107
1873,2097
1445,2044
1148,2001
1035,1985
1143,2002
1437,2057
1865,2118
2339,2160
2763,2161
3045,2148
3111,2120
2900,2092
2514,2077
2049,2077
1593,2044
1230,1987
1061,1965
1095,1976
1324,2014
1718,2073
2176,2124
2628,2139
2969,2127
3126,2104
3016,2076
2690,2068
2229,2066
1746,2050
1339,1995
1095,1967
1058,1971
1221,1999
1563,2046
2013,2111
2479,2135
2869,2143
3081,2121
3056,2098
2799,2080
2375,2068
1899,2060
1454,2021
1151,1975
1037,1958
1138,1986
1424,2030
1851,2098
2317,2142
2740,2150
3038,2144
3117,2120
2913,2096
2530,2091
2060,2087
1594,2057
1232,2009
1054,1986
1083,1999
1302,2036
1695,2098
2164,2157
2625,2170
2979,2159
3125,2137
2999,2120
2673,2104
2222,2099
1743,2084
1335,2025
1090,1992
1045,1996
1204,2023
1548,2078
2007,2128
2465,2171
2860,2166
3084,2148
3065,2124
2803,2105
2383,2100
1908,2096
1468,2049
1158,2001
1041,2001
1140,2002
1423,2050
1837,2116
2299,2165
2734,2160
3035,2149
3122,2116
2921,2090
2539,2080
2070,2081
1609,2049
1240,1995
1058,1969
1082,1981
1299,2020
1696,2067
2156,2120
2617,2139
2965,2134
3130,2109
3013,2086
2688,2068
2236,2070
1762,2056
1348,1999
1096,1969
1049,1965
1209,1989
1563,2038
2015,2113
2466,2138
2860,2138
3092,2120
3075,2080
2811,2077
2389,2068
1911,2067
1469,2017
1163,1961
1046,1966
1138,1989
1409,2036
1820,2095
2304,2140
2731,2146
3032,2140
3118,2118
2921,2099
2545,2088
2080,2089
1613,2059
1243,2012
1056,1989
1070,2000
1280,2042
1673,2089
2143,2147
2597,2171
2950,2165
3119,2141
3012,2118
2690,2106
2235,2100
1760,2085
1341,2029
1092,1987
1035,1985
1202,2013
1544,2077
1982,2135
2448,2170
2848,2166
3086,2149
3075,2123
2816,2102
2399,2100
1923,2097
1476,2042
1156,2000
1036,1985
1134,2009
1412,2053
1834,2114
2302,2153
2738,2160
3034,2145
3125,2114
2924,2090
2549,2078
2081,2076
1606,2052
1232,1997
1064,1976
1082,1980
1296,2014
1681,2076
2149,2124
2601,2134
2951,2131
3124,2108
3021,2081
2697,2069
2248,2066
1781,2054
1370,2001
1106,1967
1051,1967
1201,1989
1537,2045
1981,2116
2451,2135
2850,2139
3083,2128
3079,2097
2821,2076
2411,2071
1941,2060
1490,2011
1161,1974
1037,1959
1125,1984
1402,2027
1820,2087
2291,2135
2726,2146
3029,2135
3127,2112
2936,2095
2549,2099
2076,2095
1609,2063
1251,2006
1061,1982
1084,1995
1286,2032
1666,2092
2129,2151
2587,2174
2940,2164
3117,2145
3015,2123
2685,2103
2240,2097
1777,2080
1358,2027
1100,1992
1041,1991
1187,2021
1520,2070
1962,2136
2429,2170
2834,2170
3078,2152
3080,2121
2839,2096
2426,2096
1940,2098
1488,2057
1165,2008
1040,1991
1122,2009
1393,2052
1815,2113
2287,2155
2723,2159
3034,2139
3136,2112
2947,2094
2564,2080
2098,2079
1631,2051
1257,1997
1066,1969
1078,1976
1289,2007
1673,2064
2132,2118
2589,2133
2947,2132
3115,2118
3011,2086
2701,2072
2266,2070
1793,2051
1371,1996
1112,1964
1046,1967
1193,1990
1524,2038
1961,2103
2433,2139
2853,2141
3086,2117
3086,2090
2830,2073
2418,2066
1942,2064
1494,2019
1169,1973
1040,1962
1119,1984
1386,2031
1804,2089
2285,2138
2721,2144
3021,2133
3126,2113
2938,2094
2572,2086
2105,2068
1635,2058
1258,2007
1066,1986
1070,1995
1279,2033
1658,2086
2112,2145
2562,2167
2933,2163
3114,2143
3021,2117
2710,2100
2264,2100
1789,2084
1370,2031
1105,1995
1041,1989
1177,2019
1505,2068
1939,2140
2417,2172
2829,2172
3071,2147
3083,2125
2836,2103
2426,2100
1953,2092
1503,2051
1173,2004
1040,1993
1117,2004
1389,2051
1809,2109
2279,2154
2708,2158
3016,2145
3129,2124
2948,2096
2581,2085
2114,2081
1646,2053
1268,1990
1070,1965
1079,1973
1281,2008
1658,2067
2114,2122
2574,2140
2938,2130
3122,2110
3031,2083
2725,2067
2283,2064
1803,2052
1383,2005
1118,1966
1039,1967
1174,1998
1493,2043
1950,2100
2424,2126
2827,2143
3077,2124
3090,2092
2841,2073
2429,2065
1955,2067
1503,2024
1175,1978
1038,1968
1113,1970
1384,2023
1795,2087
2259,2140
2696,2143
3011,2135
3126,2115
2946,2092
2581,2087
2116,2089
1646,2062
1268,2007
1073,1979
1086,1991
1277,2025
1638,2088
2096,2143
2557,2166
2930,2163
3111,2144
3028,2118
2723,2102
2277,2094
1805,2088
1382,2028
1111,1993
1038,1990
1171,2015
1493,2064
1939,2130
2413,2162
2823,2165
3071,2152
3093,2125
2849,2104
2435,2098
1949,2096
1496,2061
1176,2010
1046,1990
1116,2005
1375,2047
1790,2105
2263,2154
2696,2165
3009,2147
3128,2121
2946,2095
2588,2085
2135,2083
1669,2046
1280,1986
1071,1969
1070,1970
1265,2005
1640,2059
2101,2120
2557,2136
2925,2130
3112,2114
3041,2082
2742,2065
2305,2060
1816,2053
1390,2005
1119,1969
1044,1972
1179,1993
1497,2039
1937,2102
2413,2114
2822,2137
3078,2124
3088,2097
2850,2076
2432,2068
1958,2076
1515,2030
1181,1976
1042,1962
1108,1982
1371,2020
1785,2084
2251,2134
2690,2145
3051,2140
3125,2120
2943,2093
2587,2084
2126,2089
1660,2067
1273,2014
1069,1989
1065,1993
1258,2029
1629,2084
2087,2146
2547,2171
2914,2160
3108,2135
3043,2112
2743,2103
2294,2100
1812,2088
1392,2033
1114,2005
1034,1983
1166,2014
1482,2061
1921,2130
2395,2167
2811,2162
3087,2150
3094,2128
2853,2104
2450,2100
1979,2097
1523,2054
1186,2009
1043,1992
1109,2004
1365,2048
1777,2108
2249,2158
2688,2166
2998,2153
3117,2127
2956,2092
2602,2085
2142,2084
1670,2058
1283,1998
1073,1970
1069,1976
1261,2009
1629,2057
2080,2120
2541,2136
2922,2125
3121,2103
3049,2084
2744,2070
2302,2065
1829,2059
1406,2003
1125,1964
1037,1965
1173,1987
1486,2037
1923,2100
2396,2130
2815,2139
3064,2127
3095,2095
2861,2076
2456,2069
1983,2067
1527,2027
1191,1978
1045,1964
1107,1978
1356,2019
1756,2083
2219,2136
2673,2151
3000,2137
3133,2117
2963,2095
2605,2090
2146,2087
1672,2066
1282,2014
1071,1988
1060,1988
1240,2029
1610,2086
2071,2150
2535,2170
2908,2165
3106,2145
3038,2118
2744,2102
2305,2099
1825,2090
1395,2033
1117,1998
1025,1995
1166,2012
1490,2059
1919,2119
2382,2155
2794,2172
3060,2150
3096,2126
2862,2106
2461,2096
1990,2096
1533,2056
1192,2007
1052,1990
1114,2001
1358,2039
1760,2098
2227,2151
2671,2158
2995,2146
3132,2122
2969,2096
2617,2082
2158,2079
1689,2058
1298,2005
1081,1974
1051,1981
1232,2006
1611,2056
2074,2119
2538,2136
2915,2128
3110,2112
3055,2087
2758,2068
2321,2067
1840,2059
1408,2010
1119,1966
1029,1960
1168,1984
1479,2035
1913,2099
2386,2145
2799,2134
3063,2121
3104,2091
2871,2076
2465,2069
1990,2068
1536,2028
1205,1971
1065,1962
1115,1978
1349,2020
1750,2077
2219,2131
2664,2146
2991,2136
3124,2114
2966,2095
2616,2085
2166,2084
1692,2069
1299,2015
1076,1990
1056,1991
1240,2022
1604,2077
2059,2141
2519,2166
2898,2169
3104,2147
3047,2118
2757,2105
2331,2097
1836,2094
1398,2046
1103,1998
1022,1983
1153,2010
1460,2061
1897,2125
2370,2164
2789,2167
3053,2151
3098,2130
2874,2109
2481,2102
2013,2096
1545,2059
1197,2005
1045,1988
1102,2003
1349,2041
1754,2100
2219,2151
2664,2159
2989,2150
3130,2122
2985,2096
2632,2083
2168,2076
1695,2055
1300,2001
1083,1969
1068,1972
1243,2003
1603,2051
2059,2112
2525,2133
2903,2132
3109,2114
3056,2081
2756,2066
2322,2069
1858,2063
1425,2011
1135,1968
1037,1964
1161,1992
1466,2029
1899,2091
2371,2134
2784,2134
3056,2126
3095,2098
2883,2080
2481,2074
2008,2068
1551,2031
1200,1978
1048,1962
1097,1964
1340,2017
1738,2076
2206,2132
2652,2141
2986,2132
3137,2107
2989,2094
2627,2090
2169,2089
1696,2067
1301,2014
1079,1986
1055,1992
1233,2020
1593,2077
2045,2141
2510,2164
2899,2164
3106,2150
3049,2122
2763,2103
2333,2099
1858,2086
1424,2038
1125,1992
1028,1988
1148,2006
1452,2056
1887,2125
2353,2167
2769,2172
3034,2154
3094,2129
2888,2104
2495,2098
2020,2095
1560,2061
1208,2012
1049,1993
1097,2004
1335,2044
1732,2104
2201,2155
2640,2161
2992,2147
3137,2125
3001,2101
2682,2086
2182,2080
1707,2059
1310,2002
1086,1975
1058,1975
1236,1999
1590,2053
2047,2105
2521,2130
2908,2133
3105,2118
3059,2087
2775,2070
2346,2064
1871,2056
1434,2012
1140,1968
1038,1964
1155,1982
1458,2029
1888,2090
2361,2133
2780,2136
3053,2126
3107,2097
2887,2076
2494,2068
2023,2068
1566,2029
1213,1981
1048,1959
1086,1975
1319,2017
1720,2081
2197,2140
2643,2144
2979,2136
3128,2117
2983,2098
2641,2085
2185,2085
1707,2071
1307,2021
1076,1987
1054,1992
1234,2022
1592,2073
2034,2135
2498,2161
2885,2165
3097,2143
3057,2121
2773,2106
2338,2099
1864,2091
1425,2039
1135,1993
1044,1985
1155,2002
1445,2041
1871,2118
2341,2166
2765,2169
3044,2154
3102,2130
2892,2106
2499,2097
2033,2098
1580,2068
1219,2012
1044,1991
1081,2003
1321,2041
1725,2099
2187,2139
2636,2162
2975,2153
3126,2121
2993,2099
2653,2080
2197,2082
1721,2066
1314,2008
1080,1970
1053,1973
1227,2003
1577,2053
2031,2116
2497,2138
2885,2135
3103,2119
3066,2086
2789,2070
2357,2066
1881,2058
1440,2012
1160,1968
1048,1966
1147,1989
1443,2026
1871,2090
2342,2137
2765,2129
3045,2125
3110,2101
2897,2076
2509,2065
2043,2065
1589,2034
1219,1987
1053,1964
1088,1974
1317,2015
1714,2073
2178,2126
2626,2140
2966,2136
3124,2118
2991,2095
2665,2091
2202,2097
1711,2081
1304,2018
1082,1989
1051,1987
1220,2025
1565,2078
2016,2141
2482,2166
2871,2165
3094,2149
3063,2121
2783,2107
2353,2094
1873,2087
1446,2037
1141,1997
1026,1991
1132,2010
1425,2069
1855,2118
2330,2164
2757,2166
3040,2155
3120,2129
2921,2100
2523,2092
2041,2093
1582,2063
1221,2013
1053,1993
1086,2002
1317,2040
1711,2102
2181,2151
2630,2164
2975,2149
3125,2122
2989,2099
2654,2091
2208,2089
1739,2062
1332,2004
1082,1973
1051,1972
1220,1998
1568,2050
2018,2109
2480,2134
2871,2130
3080,2116
3059,2094
2801,2080
2377,2071
1902,2063
1459,2015
1153,1972
1042,1965
1142,1993
1430,2026
1855,2089
2324,2138
2755,2142
3045,2126
3124,2098
2910,2066
2524,2068
2053,2071
1589,2034
1227,1981
1051,1963
1084,1973
1307,2014
1701,2072
2169,2124
2627,2140
2973,2143
3129,2119
2994,2098
2665,2085
2212,2089
1737,2076
1332,2021
1089,1988
1051,1989
1211,2020
1558,2070
2010,2135
2469,2174
2853,2167
3079,2148
3064,2122
2792,2102
2367,2097
1892,2094
1448,2042
1145,1998
1031,1988
1135,2010
1424,2060
1843,2120
2306,2162
2736,2162
3036,2156
3116,2130
2911,2109
2525,2098
2058,2096
1591,2062
1227,2013
1053,1993
1082,2003
1302,2039
1698,2091
2176,2141
2631,2156
2971,2149
3123,2131
3001,2103
2671,2091
2222,2082
1743,2066
1335,2008
1093,1972
1050,1974
1219,1998
1567,2051
2021,2112
2479,2135
2865,2129
3095,2112
3073,2090
2807,2069
2374,2073
1906,2062
1467,2014
1157,1971
1044,1961
1146,1985
1422,2024
1832,2087
2309,2131
2754,2134
3037,2115
3114,2103
2915,2077
2528,2070
2056,2068
1597,2035
1228,1983
1052,1970
1091,1972
1309,2017
1693,2061
2155,2136
2610,2145
2961,2138
3123,2118
3004,2095
2673,2089
2220,2088
1745,2075
1339,2024
1101,1988
1057,1989
1204,2015
1544,2068
1995,2134
2465,2163
2857,2161
3084,2145
3071,2116
2809,2104
2384,2096
1908,2091
1463,2043
1146,1997
1024,1988
1126,2007
1412,2050
1836,2112
2304,2158
2736,2163
3030,2158
3114,2136
2918,2109
2538,2098
2071,2093
1601,2066
1227,2018
1055,2001
1082,2008
1301,2038
1689,2088
2152,2148
2605,2158
2957,2156
3120,2131
3009,2109
2680,2086
2228,2084
1764,2055
1360,2003
1111,1972
1049,1973
1208,2001
1541,2044
1995,2104
2461,2131
2861,2136
3089,2119
3079,2092
2820,2072
2402,2060
1932,2058
1484,2013
1164,1972
1039,1961
1131,1987
1413,2028
1834,2082
2304,2127
2735,2135
3034,2122
3126,2104
2929,2080
2542,2074
2067,2071
1599,2037
1239,1983
1061,1965
1080,1970
1295,2012
1679,2070
2144,2128
2598,2140
2947,2139
3115,2114
3005,2097
2680,2088
2230,2086
1766,2067
1353,2017
1099,1989
1042,1991
1197,2018
1535,2065
1980,2128
2444,2169
2844,2165
3080,2155
3073,2123
2817,2096
2409,2091
1927,2091
1475,2044
1154,1995
1033,1989
1120,2004
1402,2052
1818,2110
2289,2161
2732,2167
3030,2156
3123,2130
2921,2110
2554,2103
2083,2094
1617,2068
1241,2014
1059,1987
1077,1996
1295,2034
1681,2090
2143,2145
2592,2163
2938,2155
3103,2138
3001,2112
2693,2087
2243,2079
1772,2063
1358,2009
1106,1976
1047,1975
1200,1997
1533,2040
1979,2106
2445,2136
2845,2137
3097,2121
3085,2093
2828,2073
2410,2065
1937,2062
1490,2020
1170,1979
1042,1970
1128,1984
1387,2029
1818,2088
2299,2131
2743,2133
3036,2121
3123,2100
2931,2083
2557,2069
2092,2065
1622,2037
1249,1981
1060,1962
1075,1973
1288,2008
1675,2062
2130,2126
2582,2133
2936,2136
3117,2121
3015,2103
2695,2087
2248,2090
1770,2071
1355,2023
1105,1988
1048,1991
1191,2024
1521,2075
1957,2139
2424,2162
2834,2165
3079,2147
3078,2122
2825,2109
2406,2099
1932,2091
1485,2043
1161,2004
1040,1988
1115,2007
1382,2050
1807,2111
2290,2152
2713,2165
3018,2151
3121,2129
2937,2114
2565,2104
2100,2094
1620,2069
1253,2013
1062,1984
1076,1991
1290,2041
1676,2094
2131,2150
2583,2166
2939,2157
3117,2133
3021,2104
2707,2090
2261,2080
1786,2060
1372,2009
1110,1973
1049,1973
1190,2003
1521,2052
1958,2109
2435,2138
2842,2134
3083,2118
3086,2088
2837,2068
2422,2060
1947,2061
1504,2027
1175,1981
1042,1972
1116,1983
1381,2015
1809,2084
2280,2128
2719,2140
3022,2129
3124,2105
2932,2083
2565,2075
2103,2074
1635,2049
1270,1994
1080,1963
1077,1963
1277,2002
1655,2060
2118,2119
2573,2143
2937,2140
3113,2127
3018,2099
2713,2088
2265,2088
1793,2068
1369,2020
1100,1980
1035,1988
1184,2011
1513,2063
1958,2131
2425,2166
2831,2171
3076,2151
3084,2126
2836,2108
2421,2091
1936,2093
1475,2050
1150,2013
1038,1997
1116,2014
1380,2053
1796,2112
2268,2158
2701,2168
3013,2156
3123,2130
2938,2113
2568,2101
2105,2098
1650,2070
1273,2015
1070,1991
1072,2002
1277,2031
1650,2088
2109,2144
2568,2157
2929,2150
3111,2130
3020,2100
2721,2080
2284,2074
1811,2063
1381,2010
1111,1970
1041,1967
1183,1998
1512,2045
1951,2108
2420,2139
2835,2141
3083,2120
3096,2095
2856,2076
2441,2071
1955,2065
1511,2021
1179,1975
1047,1963
1119,1988
1380,2023
1794,2085
2268,2131
2705,2135
3017,2123
3129,2099
2938,2082
2568,2072
2107,2068
1648,2044
1268,1988
1065,1962
1070,1967
1269,2000
1641,2057
2098,2122
2556,2147
2923,2139
3105,2124
3028,2096
2732,2090
2290,2090
1808,2082
1379,2026
1110,1983
1037,1982
1174,2009
1494,2062
1938,2131
2403,2164
2815,2162
3073,2146
3102,2124
2858,2104
2441,2095
1965,2092
1511,2049
1177,1999
1036,1982
1104,2002
1362,2045
1779,2109
2251,2162
2680,2168
2989,2158
3129,2134
2950,2108
2591,2097
2125,2096
1654,2076
1274,2025
1069,2001
1067,2006
1267,2034
1637,2090
2091,2144
2556,2166
2924,2158
3102,2128
3034,2103
2726,2088
2285,2080
1814,2069
1391,2016
1119,1974
1040,1969
1176,1993
1496,2033
1945,2097
2425,2131
2831,2127
3070,2115
3094,2092
2861,2071
2454,2063
1979,2062
1524,2027
1187,1973
1050,1960
1120,1978
1376,2023
1784,2080
2253,2133
2683,2146
3007,2133
3134,2105
2961,2082
2598,2069
2131,2074
1663,2043
1280,1987
1072,1963
1066,1959
1252,1999
1593,2059
2069,2125
2540,2139
2918,2134
3113,2113
3039,2096
2732,2081
2296,2085
1813,2075
1392,2024
1117,1993
1032,1985
1161,2016
1483,2058
1927,2127
2392,2180
2793,2165
3061,2155
3092,2128
2860,2110
2454,2106
1981,2100
1524,2056
1186,2001
1042,1983
1109,1995
1370,2043
1771,2101
2227,2162
2668,2166
2994,2160
3129,2134
2964,2106
2609,2095
2147,2090
1680,2071
1288,2028
1078,1989
1064,1996
1244,2035
1604,2086
2073,2147
2538,2162
2909,2152
3111,2129
3044,2102
2748,2089
2312,2083
1836,2069
1407,2027
1124,1987
1020,1978
1152,1998
1480,2037
1919,2101
2389,2139
2796,2132
3065,2120
3102,2097
2868,2079
2468,2070
1996,2069
1538,2027
1197,1975
1051,1952
1118,1973
1375,2013
1760,2073
2229,2128
2675,2133
2996,2128
3129,2106
2961,2086
2613,2074
2162,2066
1693,2040
1293,1986
1073,1962
1062,1982
1247,2006
1612,2056
2066,2124
2527,2146
2904,2140
3106,2121
3047,2097
2753,2081
2309,2080
1821,2070
1393,2034
1122,1997
1031,1983
1160,2012
1469,2058
1905,2124
2377,2157
2798,2161
3063,2148
3093,2121
2862,2105
2462,2105
1985,2098
1539,2060
1190,2003
1053,1978
1097,1997
1343,2034
1750,2102
2219,2160
2659,2170
2986,2166
3123,2140
2981,2114
2630,2104
2176,2096
1694,2074
1297,2016
1078,1990
1061,1994
1246,2027
1603,2080
2061,2133
2521,2160
2899,2156
3112,2135
3055,2104
2767,2088
2329,2085
1848,2075
1418,2023
1131,1979
1036,1972
1161,1993
1468,2036
1903,2096
2376,2134
2795,2125
3062,2120
3104,2099
2872,2076
2478,2066
2014,2061
1556,2031
1208,1982
1053,1967
1099,1977
1347,2017
1751,2070
2212,2130
2662,2150
2984,2137
3121,2100
2965,2080
2631,2072
2170,2068
1695,2044
1307,1991
1083,1960
1060,1966
1235,2001
1596,2065
2046,2119
2511,2142
2895,2136
3114,2123
3060,2101
2764,2090
2330,2089
1849,2080
1423,2033
1130,1992
1031,1985
1152,2011
1448,2052
1886,2116
2359,2156
2789,2158
3051,2154
3101,2122
2882,2104
2487,2103
2013,2099
1556,2058
1202,2007
1044,1992
1089,2003
1329,2041
1733,2092
2200,2158
2645,2171
2983,2153
3124,2137
2975,2107
2634,2097
2178,2096
1703,2075
1306,2021
1076,1993
1052,1995
1231,2031
1580,2083
2058,2147
2519,2163
2892,2153
3102,2138
3051,2108
2768,2091
2336,2080
1863,2071
1426,2015
1134,1976
1039,1968
1164,1993
1470,2033
1903,2091
2358,2128
2778,2136
3055,2122
3109,2099
2892,2074
2500,2064
2028,2067
1570,2032
1220,1978
1060,1971
1099,1970
1327,2006
1716,2071
2200,2132
2648,2139
2984,2131
3129,2108
2984,2085
2642,2079
2186,2083
1713,2054
1313,1999
1076,1963
1044,1971
1211,2002
1568,2063
2039,2112
2501,2147
2886,2137
3096,2122
3054,2096
2777,2084
2343,2082
1861,2081
1426,2034
1130,1986
1036,1981
1149,2004
1458,2056
1874,2123
2344,2164
2768,2167
3048,2155
3105,2128
2889,2108
2495,2097
2031,2094
1564,2053
1219,1999
1059,1984
1098,2002
1317,2040
1715,2102
2184,2155
2629,2170
2970,2161
3122,2139
2983,2115
2648,2100
2199,2098
1725,2077
1314,2025
1074,1996
1038,1993
1219,2017
1578,2072
2024,2136
2499,2162
2887,2154
3101,2132
3061,2107
2787,2091
2352,2087
1875,2082
1433,2025
1133,1975
1036,1972
1150,1990
1448,2031
1875,2094
2344,2129
2759,2137
3051,2120
3111,2098
2900,2078
2509,2065
2042,2060
1588,2026
1243,1979
1071,1960
1096,1969
1331,2007
1717,2073
2185,2136
2636,2138
2976,2128
3129,2104
2992,2075
2656,2065
2189,2062
1718,2048
1321,1998
1088,1963
1055,1965
1221,1997
1570,2057
2024,2115
2486,2148
2876,2141
3097,2126
3068,2106
2770,2091
2343,2090
1877,2088
1440,2031
1139,1989
1034,1980
1142,2007
1437,2057
1865,2117
2336,2165
2758,2171
3049,2156
3107,2130
2899,2109
2518,2097
2042,2090
1577,2058
1214,2007
1046,1989
1081,1996
1316,2036
1704,2097
2173,2147
2621,2172
2968,2158
3129,2138
3004,2110
2664,2093
2203,2096
1729,2080
1317,2025
1090,1995
1052,1994
1217,2029
1566,2076
2015,2138
2484,2163
2876,2159
3091,2148
3059,2128
2787,2088
2370,2082
1891,2075
1454,2027
1147,1982
1040,1969
1145,1986
1434,2031
1860,2093
2336,2135
2749,2140
3033,2126
3106,2096
2908,2074
2529,2067
2057,2066
1592,2035
1235,1981
1065,1958
1091,1973
1315,2015
1709,2068
2173,2127
2623,2133
2974,2122
3138,2105
3004,2086
2664,2074
2210,2071
1735,2052
1331,1997
1104,1965
1049,1967
1213,1999
1559,2049
2009,2110
2481,2138
2879,2141
3094,2116
3062,2101
2796,2084
2371,2087
1891,2076
1452,2036
1146,1992
1034,1983
1134,2002
1426,2052
1853,2118
2317,2169
2733,2168
3024,2152
3110,2129
2910,2107
2538,2092
2050,2100
1600,2060
1228,2006
1050,1991
1078,2000
1298,2038
1687,2098
2147,2152
2614,2167
2962,2163
3123,2136
2990,2119
2669,2101
2219,2100
1744,2080
1332,2027
1091,1994
1050,1994
1225,2018
1575,2066
2009,2129
2472,2160
2865,2161
3085,2141
3068,2109
2799,2086
2375,2084
1896,2072
1465,2028
1157,1982
1048,1967
1140,1986
1415,2029
1847,2087
2320,2132
2748,2139
3038,2123
3112,2103
2918,2079
2541,2065
2082,2060
1612,2034
1241,1983
1058,1960
1071,1972
1296,2021
1696,2075
2159,2125
2611,2142
2960,2130
3124,2108
3016,2082
2678,2067
2228,2068
1744,2056
1331,2005
1091,1967
1049,1969
1211,1996
1547,2039
1996,2111
2461,2141
2860,2140
3088,2127
3068,2101
2804,2080
2381,2082
1901,2081
1464,2031
1163,1987
1050,1986
1134,2004
1409,2048
1835,2114
2305,2162
2738,2176
3028,2157
3112,2134
2916,2109
2533,2096
2071,2094
1612,2070
1242,2019
1042,1989
1076,1998
1296,2027
1681,2087
2140,2149
2596,2166
2947,2159
3117,2140
3007,2120
2687,2098
2235,2097
1750,2080
1333,2030
1090,1995
1048,1997
1202,2031
1542,2073
1991,2135
2460,2161
2859,2157
3092,2136
3071,2112
2810,2093
2389,2084
1913,2072
1485,2024
1168,1983
1040,1965
1131,1989
1413,2031
1837,2090
2305,2132
2737,2134
3032,2120
3124,2096
2932,2074
2555,2060
2094,2068
1630,2038
1252,1983
1066,1959
1083,1964
1298,2006
1682,2069
2146,2128
2605,2137
2955,2125
3119,2105
2997,2075
2670,2077
2234,2080
1763,2059
1353,1999
1102,1963
1046,1962
1200,1993
1538,2043
1981,2109
2447,2139
2845,2142
3076,2128
3074,2104
2821,2092
2397,2081
1906,2083
1476,2035
1156,1997
1038,1985
1127,2003
1399,2055
1821,2112
2293,2160
2728,2167
3031,2153
3137,2134
2936,2098
2549,2095
2081,2095
1614,2062
1241,2013
1053,1987
1082,1997
1285,2034
1666,2083
2137,2146
2592,2168
2950,2159
3112,2145
3004,2118
2692,2106
2245,2093
1768,2083
1355,2032
1102,2002
1045,1994
1201,2022
1537,2064
1982,2128
2444,2165
2832,2165
3069,2142
3074,2115
2825,2087
2408,2077
1935,2080
1487,2032
1166,1985
1043,1969
1128,1980
1403,2018
1818,2085
2284,2130
2723,2140
3042,2126
3130,2100
2938,2070
2564,2062
2096,2070
1635,2044
1256,1991
1065,1971
1075,1971
1288,2004
1676,2056
2145,2117
2605,2138
2958,2135
3120,2114
3018,2083
2702,2070
2253,2073
1773,2089
1356,2006
1098,1961
1046,1953
1197,1983
1532,2039
1976,2115
2431,2148
2834,2143
3077,2122
3085,2097
2822,2085
2407,2088
1935,2088
1488,2045
1168,1995
1043,1979
1122,1999
1386,2053
1797,2118
2263,2162
2712,2170
3020,2156
3122,2136
2934,2115
2563,2109
2098,2105
1630,2070
1251,2010
1057,1981
1062,1988
1268,2029
1661,2086
2129,2147
2575,2166
2931,2153
3119,2136
3019,2113
2703,2104
2258,2110
1778,2093
1374,2034
1109,1990
1053,1980
1191,2006
1522,2065
1966,2138
2438,2165
2840,2160
3080,2142
3086,2114
2831,2094
2417,2090
1942,2082
1499,2027
1168,1973
1032,1965
1120,1989
1403,2039
1813,2095
2280,2135
2719,2137
3021,2117
3126,2099
2941,2078
2571,2075
2110,2074
1635,2042
1255,1983
1069,1958
1082,1964
1282,2001
1661,2064
2122,2120
2577,2142
2939,2129
3119,2112
3022,2093
2702,2079
2262,2079
1789,2056
1378,2000
1120,1956
1043,1961
1184,1995
1511,2050
1958,2103
2429,2135
2829,2135
3075,2124
3079,2108
2835,2097
2429,2093
1950,2082
1500,2031
1170,1984
1037,1980
1117,1997
1385,2048
1795,2109
2268,2155
2704,2163
3013,2154
3125,2140
2943,2110
2575,2101
2104,2093
1626,2060
1253,2010
1064,1989
1062,2002
1266,2036
1642,2092
2105,2170
2562,2165
2926,2160
3110,2148
3024,2126
2716,2112
2272,2092
1799,2075
1383,2023
1111,1986
1040,1993
1183,2014
1504,2068
1950,2131
2416,2165
2824,2166
3075,2145
3087,2110
2847,2085
2444,2074
1974,2070
1513,2027
1177,1983
1043,1970
1119,1983
1383,2020
1795,2076
2267,2124
2707,2137
3015,2130
3144,2108
2960,2089
2587,2076
2115,2067
1655,2034
1275,1981
1074,1961
1074,1970
1271,1992
1647,2056
2106,2116
2567,2137
2924,2127
3105,2115
3029,2092
2724,2073
2278,2064
1803,2047
1381,2000
1114,1963
1038,1966
1177,1992
1497,2038
1936,2102
2404,2140
2826,2142
3084,2130
3100,2105
2846,2084
2433,2083
1961,2082
1509,2033
1179,1990
1039,1986
1111,2003
1370,2049
1790,2107
2259,2160
2702,2166
3017,2151
3124,2133
2947,2117
2586,2104
2122,2091
1652,2068
1263,2009
1064,1982
1065,1994
1265,2028
1633,2086
2090,2147
2538,2169
2904,2164
3104,2152
3031,2117
2729,2101
2283,2093
1810,2070
1389,2027
1118,1995
1038,1991
1178,2018
1489,2067
1929,2132
2403,2159
2818,2162
3071,2144
3090,2117
2853,2092
2452,2084
1976,2078
1520,2035
1185,1982
1046,1969
1110,1978
1374,2014
1786,2075
2269,2126
2704,2140
3010,2129
3135,2101
2963,2078
2605,2063
2142,2059
1669,2037
1288,1991
1075,1962
1070,1966
1269,1998
1642,2059
2092,2125
2549,2138
2922,2134
3112,2118
3039,2089
2734,2068
2290,2066
1815,2053
1394,2003
1120,1970
1043,1970
1174,1997
1477,2046
1912,2110
2395,2139
2810,2140
3066,2128
3092,2104
2854,2086
2483,2080
1978,2082
1523,2043
1184,1996
1036,1979
1100,1994
1357,2034
1771,2100
2240,2156
2677,2170
2997,2165
3130,2140
2961,2109
2602,2102
2139,2098
1667,2074
1276,2013
1066,1981
1064,1983
1267,2033
1628,2091
2073,2151
2542,2179
2918,2170
3105,2149
3039,2116
2742,2094
2304,2096
1825,2080
1391,2032
1109,1993
1022,1997
1171,2018
1485,2060
1922,2129
2395,2162
2807,2154
3068,2144
3098,2117
2865,2091
2456,2082
1981,2080
1519,2040
1190,1990
1048,1977
1112,1986
1363,2022
1769,2083
2238,2133
2680,2140
3001,2131
3133,2110
2966,2083
2612,2074
2153,2075
1693,2045
1308,1982
1082,1957
1067,1964
1255,1997
1623,2056
2080,2115
2538,2133
2912,2128
3110,2112
3044,2089
2748,2072
2315,2067
1840,2052
1400,2001
1122,1967
1033,1963
1164,1993
1476,2052
1914,2110
2379,2147
2799,2146
3066,2133
3099,2109
2867,2093
2455,2093
1972,2092
1524,2051
1191,1998
1045,1987
1104,1998
1350,2039
1756,2101
2228,2152
2675,2169
2990,2165
3125,2138
2954,2112
2603,2099
2139,2095
1685,2069
1287,2010
1072,1985
1054,1998
1244,2026
1607,2087
2055,2145
2522,2174
2894,2172
3094,2151
3043,2118
2762,2097
2331,2098
1842,2089
1407,2043
1126,2004
1033,1996
1165,2025
1470,2066
1909,2125
2381,2163
2799,2163
3071,2146
3107,2118
2876,2095
2466,2083
1998,2075
1545,2034
1201,1986
1049,1968
1104,1981
1354,2020
1760,2077
2231,2131
2674,2141
3001,2135
3129,2113
2960,2086
2617,2070
2168,2071
1694,2045
1302,1994
1081,1966
1066,1968
1249,1999
1608,2055
2066,2124
2528,2145
2920,2140
3118,2115
3047,2086
2755,2071
2319,2069
1841,2059
1414,2009
1126,1965
1031,1959
1159,1984
1464,2034
1906,2097
2388,2143
2799,2138
3055,2126
3098,2104
2877,2085
2479,2080
2004,2083
1550,2047
1197,2001
1047,1982
1100,2001
1352,2041
1745,2104
2205,2159
2648,2171
2984,2167
3127,2143
2973,2112
2622,2097
2161,2099
1688,2076
1294,2018
1069,1991
1054,1989
1236,2022
1587,2077
2039,2154
2508,2179
2896,2170
3098,2145
3043,2115
2758,2104
2323,2096
1848,2083
1423,2039
1128,1994
1031,1989
1152,2015
1467,2062
1911,2118
2379,2175
2784,2169
3054,2153
3101,2127
2882,2099
2486,2090
2011,2083
1553,2044
1208,1983
1054,1967
1107,1978
1350,2025
1755,2080
2207,2132
2658,2142
2991,2128
3134,2109
2984,2078
2636,2072
2181,2066
1708,2046
1314,1993
1088,1957
1060,1971
1225,2007
1578,2056
2050,2114
2517,2137
2898,2132
3102,2114
3052,2088
2766,2075
2333,2074
1856,2064
1422,2015
1129,1974
1027,1959
1147,1979
1460,2032
1893,2098
2359,2138
2779,2145
3051,2132
3101,2108
2880,2092
2486,2089
2018,2091
1555,2054
1207,1990
1057,1971
1111,1990
1344,2038
1731,2100
2198,2155
2643,2167
2980,2161
3123,2133
2981,2109
2638,2097
2176,2093
1709,2075
1314,2018
1084,1995
1050,1996
1220,2027
1578,2077
2036,2140
2511,2170
2888,2166
3099,2153
3055,2122
2775,2104
2333,2098
1851,2091
1410,2050
1132,2006
1032,1993
1151,2011
1453,2056
1888,2110
2360,2153
2778,2161
3050,2143
3102,2116
2886,2096
2493,2086
2028,2083
1577,2040
1217,1981
1053,1965
1097,1976
1335,2016
1737,2073
2202,2130
2646,2144
2980,2130
3128,2106
2989,2084
2655,2068
2206,2064
1723,2045
1318,1993
1090,1965
1060,1966
1234,1996
1586,2051
2039,2112
2503,2138
2889,2134
3106,2116
3063,2087
2770,2072
2332,2073
1857,2069
1431,2023
1137,1967
1033,1960
1145,1979
1445,2028
1878,2092
2351,2133
2771,2145
3048,2130
3102,2112
2873,2094
2487,2084
2026,2082
1565,2048
1206,1996
1050,1986
1093,1999
1326,2033
1727,2094
2189,2149
2635,2166
2970,2160
3124,2131
2988,2107
2656,2100
2192,2099
1702,2076
1316,2015
1084,1984
1051,1994
1217,2017
1568,2079
2022,2141
2487,2165
2874,2162
3100,2144
3063,2121
2781,2101
2359,2095
1877,2089
1439,2041
1142,1999
1037,1991
1146,2011
1439,2053
1872,2116
2345,2160
2774,2162
3047,2152
3101,2129
2897,2095
2507,2084
2040,2081
1578,2044
1215,1997
1056,1970
1092,1978
1322,2014
1723,2074
2188,2132
2634,2142
2967,2131
3110,2108
2994,2084
2658,2072
2200,2063
1727,2033
1326,1994
1092,1967
1058,1966
1225,2001
1572,2056
2023,2108
2510,2137
2886,2132
3096,2118
3057,2096
2784,2077
2356,2073
1880,2065
1445,2015
1142,1968
1034,1963
1148,1980
1443,2020
1867,2089
2326,2134
2759,2143
3045,2129
3113,2107
2900,2090
2510,2082
2039,2083
1579,2052
1207,2002
1052,1982
1085,1993
1309,2038
1694,2101
2172,2164
2628,2169
2971,2159
3116,2141
2990,2111
2656,2099
2201,2099
1733,2083
1320,2026
1078,1989
1040,1993
1218,2031
1564,2076
2022,2139
2480,2160
2866,2168
3088,2148
3062,2120
2791,2102
2361,2091
1886,2089
1446,2045
1144,1998
1040,1996
1156,2007
1447,2050
1860,2116
2328,2161
2757,2163
3039,2148
3108,2124
2904,2101
2519,2091
2054,2088
1592,2047
1226,1966
1061,1973
1081,1985
1306,2017
1708,2072
2174,2124
2627,2135
2973,2128
3129,2105
3002,2081
2673,2066
2220,2063
1738,2041
1334,1997
1085,1966
1041,1964
1211,1997
1563,2044
2015,2112
2482,2135
2880,2133
3095,2110
3066,2092
2803,2074
2364,2074
1893,2072
1446,2020
1146,1972
1047,1963
1153,1986
1429,2032
1851,2096
2319,2130
2746,2139
3037,2130
3109,2107
2907,2089
2520,2082
2059,2081
1598,2046
1239,1999
1068,1985
1084,1994
1304,2030
1695,2088
2160,2144
2612,2161
2957,2154
3118,2136
3004,2108
2677,2098
2224,2101
1750,2084
1329,2033
1072,1994
1040,1996
1206,2017
1544,2073
1993,2140
2462,2164
2859,2166
3089,2143
3068,2122
2798,2106
2373,2097
1905,2096
1463,2046
1152,2004
1040,1995
1134,2010
1421,2052
1841,2111
2310,2154
2742,2158
3031,2142
3116,2120
2926,2093
2552,2085
2080,2080
1605,2047
1239,1992
1064,1973
1088,1978
1308,2019
1697,2067
2155,2120
2609,2138
2962,2126
3139,2109
3017,2080
2689,2067
2232,2066
1763,2054
1353,1999
1102,1968
1051,1973
1191,1999
1545,2044
1993,2104
2462,2136
2863,2127
3084,2113
3065,2090
2799,2074
2391,2073
1915,2068
1470,2018
1159,1968
1035,1960
1130,1979
1409,2025
1834,2095
2301,2135
2729,2142
3027,2131
3115,2112
2932,2084
2545,2085
2073,2088
1606,2061
1238,2011
1059,1990
1077,1998
1293,2029
1679,2085
2140,2141
2597,2155
2960,2146
3133,2132
3019,2113
2683,2101
2224,2106
1761,2087
1350,2025
1092,1995
1043,1985
1193,2015
1532,2069
1979,2129
2448,2161
2848,2170
3075,2148
3066,2122
2823,2110
2399,2095
1925,2093
1477,2047
1163,2001
1039,1990
1129,2005
1405,2053
1824,2109
2293,2161
2720,2165
3014,2150
3126,2119
2922,2100
2551,2087
2087,2081
1619,2054
1250,1993
1060,1967
1080,1979
1291,2009
1675,2062
2137,2114
2594,2128
2959,2127
3127,2109
3018,2081
2696,2074
2250,2069
1774,2057
1359,2003
1106,1970
1056,1961
1199,1991
1534,2033
1988,2096
2452,2129
2854,2134
3088,2121
3078,2094
2817,2078
2400,2071
1927,2068
1484,2022
1173,1974
1044,1958
1123,1974
1390,2015
1810,2087
2289,2137
2723,2154
3024,2131
3119,2113
2929,2094
2555,2087
2089,2085
1621,2048
1241,2001
1053,1985
1062,1991
1265,2038
1669,2088
2131,2144
2586,2161
2943,2167
3117,2139
3015,2120
2700,2102
2244,2093
1770,2088
1350,2033
1096,1994
1060,1989
1200,2013
1527,2055
1967,2124
2426,2164
2838,2165
3079,2150
3078,2126
2821,2106
2409,2102
1932,2096
1488,2053
1175,2005
1046,1979
1126,1999
1395,2046
1816,2107
2274,2152
2715,2166
3019,2153
3127,2125
2935,2101
2567,2088
2101,2084
1629,2060
1252,2003
1051,1974
1071,1977
1287,2003
1667,2062
2124,2117
2581,2137
2957,2130
3123,2106
3025,2088
2711,2076
2263,2070
1783,2056
1362,1996
1111,1961
1048,1970
1196,1988
1523,2032
1969,2100
2438,2133
2840,2135
3083,2120
3083,2101
2833,2076
2412,2070
1942,2063
1503,2015
1186,1978
1046,1963
1121,1977
1387,2022
1807,2074
2275,2132
2710,2141
3013,2133
3122,2115
2940,2095
2569,2089
2114,2092
1636,2072
1253,2006
1063,1978
1068,1986
1274,2019
1654,2085
2100,2146
2568,2164
2939,2167
3114,2144
3023,2119
2711,2104
2261,2109
1772,2090
1358,2034
1102,1989
1035,1986
1181,2014
1505,2066
1939,2127
2420,2163
2826,2168
3071,2154
3082,2126
2844,2105
2431,2097
1948,2090
1498,2050
1173,2006
1041,1991
1119,2007
1383,2046
1794,2112
2273,2159
2710,2169
3023,2152
3148,2123
2948,2094
2576,2083
2113,2089
1649,2061
1267,2003
1071,1972
1075,1977
1269,2006
1657,2062
2115,2119
2577,2137
2935,2129
3106,2112
3016,2093
2721,2076
2286,2068
1806,2057
1382,2003
1116,1966
1045,1962
1187,1989
1510,2038
1950,2101
2415,2131
2817,2142
3065,2125
3088,2107
2848,2082
2434,2077
1956,2070
1509,2025
1176,1974
1041,1958
1112,1972
1372,2011
1788,2073
2259,2126
2706,2135
3029,2128
3140,2116
2945,2091
2579,2088
2114,2089
1647,2063
1266,2005
1065,1982
1070,1993
1270,2024
1646,2081
2108,2139
2569,2163
2925,2163
3107,2148
3025,2120
2716,2103
2276,2098
1802,2086
1378,2034
1108,1994
1035,1985
1178,2013
1503,2065
1937,2134
2393,2168
2796,2172
3065,2152
3087,2122
2847,2105
2438,2094
1965,2091
1515,2047
1183,2003
1045,1987
1111,2006
1367,2050
1776,2110
2249,2156
2703,2166
3012,2152
3128,2128
2952,2101
2593,2093
2126,2084
1662,2056
1275,1997
1072,1973
1069,1974
1266,2002
1646,2056
2112,2116
2569,2134
2924,2131
3112,2111
3039,2086
2736,2070
2295,2065
1816,2057
1392,2005
1123,1963
1045,1954
1188,1987
1509,2037
1941,2107
2409,2137
2823,2138
3069,2121
3089,2107
2850,2077
2447,2070
1973,2067
1523,2023
1180,1970
1032,1961
1098,1978
1369,2022
1779,2072
2256,2127
2686,2139
3003,2136
3130,2113
2953,2090
2593,2083
2118,2083
1658,2060
1270,2009
1072,1982
1072,1987
1263,2021
1626,2083
2088,2143
2550,2167
2920,2164
3107,2146
3032,2115
2728,2104
2290,2101
1813,2088
1392,2030
1128,1991
1036,1981
1168,2012
1485,2063
1925,2133
2398,2165
2807,2168
3063,2157
3090,2130
2852,2106
2450,2102
1978,2094
1520,2051
1181,1998
1039,1991
1111,2009
1366,2046
1776,2110
2246,2157
2686,2167
3004,2152
3131,2125
2958,2104
2605,2095
2136,2088
1659,2054
1275,1993
1072,1969
1070,1974
1263,2003
1619,2058
2085,2120
2547,2140
2924,2137
3110,2115
3043,2088
2742,2071
2302,2065
1834,2053
1412,2007
1127,1965
1036,1964
1174,1988
1489,2037
1932,2092
2399,2133
2811,2134
3067,2150
3098,2093
2861,2072
2462,2064
1996,2067
1537,2025
1188,1975
1044,1958
1108,1972
1360,2015
1767,2080
2236,2132
2675,2141
3000,2135
3131,2117
2961,2096
2602,2091
2131,2091
1664,2062
1287,2008
1070,1983
1062,1986
1249,2019
1616,2079
2074,2139
2534,2164
2907,2163
3098,2149
3035,2120
2730,2108
2298,2093
1827,2087
1401,2029
1120,1990
1028,1985
1160,2014
1473,2062
1907,2127
2378,2167
2802,2166
3075,2150
3108,2121
2869,2094
2460,2093
1988,2096
1534,2055
1192,2005
1043,1992
1101,2008
1358,2044
1768,2104
2235,2155
2680,2163
2994,2152
3122,2124
2961,2099
2611,2086
2150,2081
1679,2058
1292,2004
1077,1973
1068,1973
1259,2006
1622,2059
2074,2116
2530,2137
2893,2136
3105,2125
3047,2093
2754,2074
2318,2058
1842,2056
1420,2005
1133,1969
1038,1962
1167,1986
1473,2034
1905,2094
2378,2137
2807,2141
3075,2119
3103,2100
2875,2079
2469,2067
1998,2067
1539,2026
1197,1973
1043,1958
1098,1974
1348,2019
1759,2072
2234,2128
2682,2142
2997,2134
3129,2113
2963,2088
2616,2081
2158,2083
1686,2064
1286,2010
1075,1994
1063,1992
1250,2023
1610,2081
2065,2145
2521,2166
2898,2163
3101,2142
3042,2117
2751,2100
2318,2097
1837,2083
1412,2035
1127,1993
1031,1989
1154,2015
1455,2070
1881,2130
2362,2166
2785,2173
3053,2158
3097,2128
2873,2106
2477,2100
2008,2096
1543,2057
1199,2007
1044,1992
1092,2001
1340,2035
1757,2096
2224,2161
2665,2166
2994,2154
3130,2132
2979,2107
2628,2091
2169,2084
1696,2063
1297,2006
1079,1971
1064,1970
1253,2001
1615,2058
2066,2113
2519,2138
2901,2135
3106,2112
3055,2090
2764,2074
2330,2070
1854,2058
1425,2011
1145,1977
1043,1965
1155,1991
1456,2029
1895,2096
2372,2137
2788,2141
3058,2124
3104,2099
2883,2073
2479,2056
2009,2068
1549,2029
1204,1978
1056,1964
1101,1978
1341,2014
1738,2076
2206,2128
2653,2141
2983,2134
3139,2113
2974,2089
2624,2082
2171,2086
1731,2065
1323,2009
1088,1978
1060,1981
1232,2018
1587,2077
2046,2140
2513,2168
2890,2161
3097,2147
3052,2118
2765,2099
2337,2096
1861,2088
1423,2038
1120,1997
1026,1988
1149,2007
1452,2056
1883,2123
2353,2163
2777,2169
3051,2152
3106,2129
2885,2106
2484,2097
2007,2098
1541,2060
1209,2015
1052,1991
1093,2004
1334,2046
1732,2105
2200,2153
2649,2169
2984,2153
3124,2132
2977,2101
2634,2085
2182,2082
1719,2062
1317,1999
1086,1973
1060,1974
1230,2000
1589,2052
2042,2116
2505,2139
2890,2139
3099,2119
3061,2089
2783,2071
2369,2065
1884,2059
1439,2012
1134,1971
1039,1963
1155,1971
1450,2031
1884,2097
2356,2133
2775,2122
3062,2118
3115,2098
2896,2081
2501,2073
2021,2066
1564,2029
1215,1983
1051,1966
1095,1973
1328,2011
1726,2067
2193,2128
2642,2140
2983,2135
3119,2121
2969,2098
2628,2085
2184,2084
1717,2066
1314,2017
1084,1983
1053,1986
1226,2021
1577,2076
2028,2139
2487,2167
2874,2166
3088,2146
3059,2113
2789,2098
2352,2099
1874,2088
1436,2036
1132,1991
1030,1985
1138,2005
1432,2056
1856,2121
2358,2166
2777,2161
3051,2150
3107,2124
2894,2105
2506,2094
2037,2091
1572,2061
1217,2011
1051,1989
1090,2001
1329,2041
1725,2098
2184,2156
2628,2165
2965,2161
3124,2140
2992,2106
2654,2089
2199,2085
1725,2062
1324,2001
1092,1968
1062,1968
1231,1999
1571,2052
2019,2119
2479,2152
2882,2141
3100,2115
3062,2089
2788,2070
2366,2069
1892,2061
1453,2015
1150,1971
1036,1962
1147,1986
1439,2025
1877,2089
2350,2132
2766,2134
3042,2123
3115,2105
2903,2081
2517,2068
2043,2057
1581,2033
1222,1977
1051,1960
1086,1973
1322,2007
1726,2081
2178,2120
2626,2140
2982,2132
3128,2114
2995,2093
2658,2082
2205,2083
1731,2062
1324,2009
1091,1985
1053,1991
1213,2026
1551,2077
2005,2138
2478,2166
2873,2164
3090,2145
3059,2124
2790,2105
2363,2094
1888,2090
1449,2044
1141,1999
1029,1989
1127,2007
1417,2052
1855,2115
2324,2166
2746,2171
3035,2157
3108,2132
2907,2105
2518,2099
2053,2094
1588,2063
1222,2005
1053,1980
1097,1992
1324,2036
1704,2097
2166,2152
2620,2165
2967,2158
3128,2130
2992,2101
2664,2089
2218,2085
1737,2060
1339,2006
1103,1972
1070,1973
1212,2000
1560,2052
2010,2113
2479,2145
2869,2138
3080,2120
3073,2086
2806,2065
2380,2060
1907,2054
1463,2017
1153,1974
1025,1963
1132,1979
1430,2026
1850,2088
2326,2136
2757,2137
3041,2127
3112,2100
2902,2076
2525,2072
2058,2072
1606,2035
1245,1980
1058,1954
1128,1972
1308,2021
1698,2067
2160,2122
2612,2142
2957,2134
3115,2116
2999,2096
2673,2079
2229,2078
1754,2063
1338,2012
1092,1988
1045,1993
1208,2017
1552,2067
2001,2134
2466,2162
2861,2163
3089,2151
3070,2123
2804,2100
2383,2092
1889,2082
1454,2043
1147,1995
1032,1989
1134,2007
1412,2057
1838,2119
2312,2163
2739,2166
3032,2153
3111,2130
2906,2111
2519,2102
2056,2106
1605,2070
1237,2011
1058,1990
1085,2001
1306,2037
1693,2097
2155,2153
2607,2166
2954,2156
3115,2130
3008,2097
2688,2084
2242,2091
1759,2068
1344,2011
1098,1976
1050,1974
1208,2003
1550,2056
1996,2113
2462,2141
2881,2134
3098,2114
3092,2085
2828,2067
2395,2067
1919,2064
1478,2009
1161,1967
1044,1962
1132,1977
1414,2027
1842,2093
2314,2137
2744,2139
3033,2127
3110,2104
2906,2081
2539,2068
2077,2066
1610,2038
1239,1987
1060,1966
1085,1973
1301,1996
1684,2069
2147,2123
2597,2142
2942,2137
3109,2113
3002,2092
2687,2079
2235,2082
1759,2074
1348,2018
1098,1989
1044,1989
1198,2017
1532,2069
1979,2134
2445,2165
2852,2161
3098,2145
3086,2123
2819,2103
2398,2092
1921,2086
1477,2040
1156,2000
1034,1984
1120,2003
1397,2052
1816,2112
2297,2161
2723,2172
3024,2160
3121,2133
2925,2110
2551,2091
2082,2088
1616,2061
1246,2013
1060,1989
1073,1999
1288,2036
1661,2092
2122,2153
2592,2170
2950,2148
3120,2129
3015,2105
2693,2090
2246,2088
1770,2071
1355,2023
1104,1979
1044,1981
1195,2007
1529,2054
1989,2105
2451,2130
2848,2131
3082,2114
3078,2089
2827,2072
2410,2065
1926,2059
1491,2007
1167,1969
1047,1963
1139,1984
1421,2028
1833,2082
2292,2131
2725,2143
3026,2136
3124,2104
2930,2084
2556,2071
2090,2076
1625,2058
1254,1984
1066,1961
1075,1964
1282,2007
1661,2065
2129,2123
2587,2149
2943,2134
3116,2115
3016,2092
2697,2085
2252,2082
1777,2073
1358,2024
1088,1991
1028,1998
1178,2011
1521,2066
1970,2128
2437,2163
2837,2160
3077,2148
3079,2123
2826,2102
2408,2097
1933,2094
1487,2049
1163,1999
1043,1982
1125,2007
1390,2058
1807,2116
2271,2162
2711,2170
3016,2154
3126,2129
2935,2108
2565,2097
2098,2090
1632,2064
1264,2009
1079,1991
1085,2003
1300,2040
1659,2094
2119,2153
2577,2166
2938,2156
3116,2133
3020,2104
2708,2086
2265,2081
1793,2070
1376,2018
1098,1980
1038,1975
1192,1999
1523,2045
1966,2104
2434,2136
2836,2133
3083,2116
3089,2092
2847,2080
2428,2071
1949,2069
1475,2031
1158,1977
1046,1961
1124,1976
1391,2022
1822,2086
2280,2128
2712,2136
3017,2125
3122,2103
2937,2077
2576,2067
2122,2062
1644,2029
1259,1985
1065,1965
1071,1974
1277,2006
1651,2065
2109,2124
2569,2140
2929,2138
3113,2115
3033,2091
2720,2077
2269,2072
1788,2068
1373,2017
1107,1981
1038,1987
1184,2009
1508,2062
1951,2125
2424,2163
2832,2157
3076,2145
3077,2122
2826,2107
2414,2104
1950,2099
1499,2050
1164,1994
1035,1988
1110,2005
1380,2045
1788,2112
2262,2153
2699,2166
3005,2156
3110,2136
2939,2112
2582,2100
2113,2100
1618,2069
1265,2014
1070,1991
1071,1999
1280,2046
1645,2095
2105,2152
2563,2168
2914,2152
3125,2125
3043,2100
2722,2088
2279,2076
1804,2066
1381,2012
1113,1972
1042,1972
1183,1997
1507,2046
1949,2106
2413,2137
2834,2139
3094,2120
3098,2095
2854,2071
2440,2066
1966,2057
1515,2020
1186,1980
1044,1961
1119,1977
1378,2020
1791,2075
2264,2130
2694,2147
2999,2131
3122,2124
2954,2082
2588,2074
2123,2073
1649,2047
1268,1986
1071,1960
1072,1965
1269,2006
1640,2064
2090,2126
2549,2140
2912,2124
3111,2116
3029,2090
2728,2079
2284,2074
1808,2070
1386,2020
1112,1988
1040,1993
1170,2018
1490,2062
1936,2124
2404,2146
2825,2162
3069,2151
3090,2123
2850,2118
2443,2098
1970,2094
1512,2053
1172,1999
1037,1983
1105,2002
1363,2038
1783,2107
2242,2164
2686,2167
3006,2163
3132,2134
2954,2109
2595,2098
2133,2099
1661,2068
1276,2019
1068,1993
1058,2002
1247,2037
1627,2093
2095,2150
2551,2177
2922,2162
3110,2137
3037,2108
2733,2088
2290,2085
1813,2069
1392,2013
1114,1985
1043,1974
1186,1999
1500,2049
1935,2107
2396,2140
2807,2139
3071,2120
3097,2096
2864,2074
2452,2068
1982,2065
1531,2026
1197,1974
1062,1958
1127,1968
1369,2008
1771,2072
2244,2127
2688,2135
3006,2131
3141,2114
2961,2085
2603,2075
2141,2068
1674,2045
1285,1991
1068,1961
1049,1971
1249,2011
1625,2053
2085,2116
2545,2141
2914,2131
3112,2116
3038,2089
2742,2081
2298,2081
1821,2080
1384,2033
1103,1986
1038,1986
1170,2021
1483,2063
1920,2135
2391,2167
2804,2169
3062,2152
3091,2125
2863,2102
2449,2091
1975,2089
1530,2043
1202,1993
1052,1987
1101,2003
1350,2043
1761,2101
2228,2155
2670,2166
2991,2162
3126,2145
2963,2113
2610,2099
2154,2095
1691,2069
1301,2021
1077,1996
1060,1994
1248,2026
1618,2084
2076,2146
2538,2167
2911,2159
3111,2133
3047,2105
2754,2089
2310,2090
1826,2084
1390,2031
1124,1983
1034,1980
1169,1998
1484,2043
1919,2103
2390,2133
2801,2137
3066,2118
3105,2094
2868,2074
2463,2070
1979,2065
1534,2017
1203,1976
1053,1961
1109,1981
1359,2019
1766,2077
2231,2126
2672,2139
3002,2130
3141,2102
2982,2079
2624,2064
2151,2064
1673,2049
1291,1992
1077,1962
1064,1966
1245,2002
1610,2050
2068,2109
2530,2138
2909,2128
3113,2119
3041,2096
2749,2080
2312,2085
1836,2078
1405,2027
1122,1992
1030,1993
1163,2014
1471,2059
1894,2121
2384,2155
2789,2156
3045,2140
3087,2119
2866,2103
2469,2097
1996,2093
1538,2055
1192,2010
1040,1990
1098,2004
1343,2045
1747,2103
2213,2159
2655,2176
2987,2164
3135,2134
2971,2105
2621,2091
2160,2088
1691,2067
1298,2017
1080,1988
1060,1994
1241,2031
1603,2087
2060,2137
2525,2157
2912,2169
3114,2142
3043,2116
2760,2096
2324,2091
1851,2076
1421,2023
1132,1976
1035,1972
1164,1989
1466,2035
1906,2097
2371,2141
2786,2140
3057,2118
3108,2089
2887,2071
2490,2067
2019,2064
1560,2028
1213,1979
1057,1971
1104,1979
1350,2026
1738,2083
2200,2130
2644,2141
2986,2124
3132,2102
2981,2076
2626,2068
2174,2069
1699,2044
1301,1992
1082,1964
1059,1968
1232,2003
1591,2054
2045,2115
2517,2141
2890,2146
3098,2124
3047,2096
2762,2080
2330,2083
1860,2075
1422,2035
1130,1989
1029,1980
1154,2004
1461,2042
1906,2115
2364,2157
2774,2165
3048,2150
3101,2129
2885,2108
2489,2096
2013,2093
1557,2061
1207,2010
1047,1994
1094,2005
1330,2049
1725,2110
2199,2156
2647,2164
2981,2156
3125,2129
2978,2102
2638,2092
2183,2090
1707,2072
1297,2023
1067,1997
1043,2003
1233,2031
1592,2081
2045,2139
2508,2165
2893,2161
3101,2145
3055,2116
2768,2093
2337,2089
1857,2077
1426,2028
1143,1981
1049,1968
1161,1983
1455,2039
1890,2101
2360,2134
2779,2137
3055,2121
3108,2093
2896,2072
2500,2066
2031,2067
1579,2031
1231,1977
1056,1963
1099,1976
1335,2018
1732,2076
2200,2129
2648,2136
2981,2126
3130,2098
2989,2077
2647,2067
2191,2065
1711,2050
1299,1996
1072,1975
1052,1974
1230,1997
1583,2052
2034,2114
2500,2140
2885,2138
3097,2123
3055,2096
2778,2085
2334,2084
1856,2076
1427,2027
1135,1994
1032,1983
1149,2004
1445,2053
1876,2116
2346,2163
2767,2169
3043,2158
3100,2131
2886,2102
2498,2086
2040,2086
1583,2057
1215,2005
1047,1993
1088,2006
1321,2040
1718,2100
2182,2152
2630,2161
2969,2157
3123,2137
2994,2103
2658,2099
2205,2093
1723,2075
1318,2020
1085,1993
1051,2001
1224,2029
1576,2067
2027,2138
2494,2162
2888,2152
3097,2138
3063,2113
2779,2102
2340,2095
1869,2080
1442,2024
1142,1979
1039,1973
1147,1998
1446,2039
1875,2100
2346,2135
2766,2137
3050,2124
3106,2096
2897,2069
2509,2065
2048,2065
1585,2031
1228,1979
1059,1957
1096,1967
1326,2010
1715,2077
2186,2130
2639,2140
2987,2135
3138,2099
2997,2072
2650,2065
2198,2068
1727,2056
1323,2000
1089,1965
1052,1969
1222,1995
1571,2045
2032,2112
2491,2136
2870,2126
3079,2116
3058,2096
2785,2082
2359,2080
1881,2078
1442,2033
1141,1993
1035,1985
1144,2010
1433,2056
1863,2116
2328,2157
2745,2167
3035,2158
3110,2132
2900,2102
2511,2093
2042,2089
1578,2054
1220,2003
1048,1986
1078,2000
1307,2035
1697,2100
2169,2159
2632,2168
2969,2164
3123,2137
2993,2113
2659,2101
2206,2095
1736,2079
1326,2026
1088,1993
1048,1998
1215,2024
1569,2069
2027,2123
2493,2163
2873,2161
3088,2138
3065,2108
2795,2088
2369,2087
1895,2083
1453,2034
1152,1989
1044,1980
1151,1997
1435,2041
1852,2100
2319,2133
2757,2136
3049,2123
3117,2096
2913,2071
2521,2065
2060,2065
1599,2031
1238,1982
1060,1967
1087,1980
1306,2022
1694,2066
2168,2121
2626,2142
2969,2128
3126,2105
2998,2085
2668,2068
2216,2071
1736,2058
1331,1997
1088,1969
1046,1962
1215,1987
1570,2038
2013,2112
2473,2138
2861,2130
3087,2117
3065,2092
2797,2084
2374,2085
1898,2083
1453,2035
1152,1972
1041,1977
1147,2002
1430,2056
1847,2121
2314,2157
2740,2161
3032,2145
3111,2126
2911,2108
2529,2097
2062,2096
1601,2062
1235,2007
1053,1989
1071,2004
1286,2039
1682,2096
2155,2151
2609,2168
2959,2159
3122,2140
3002,2112
2673,2095
2219,2096
1742,2080
1334,2027
1096,1995
1048,1996
1210,2023
1555,2080
2002,2137
2468,2167
2863,2158
3088,2138
3067,2114
2800,2088
2377,2085
1911,2079
1485,2031
1170,1984
1042,1974
1140,1997
1422,2034
1849,2095
2316,2135
2745,2137
3036,2122
3121,2100
2923,2074
2545,2065
2083,2063
1612,2036
1243,1985
1062,1967
1089,1976
1305,2001
1691,2064
2153,2124
2610,2140
2960,2131
3128,2109
3013,2082
2678,2068
2221,2069
1737,2056
1340,2005
1097,1969
1046,1965
1203,1992
1543,2045
1993,2106
2459,2140
2856,2135
3083,2121
3066,2099
2802,2082
2391,2076
1916,2082
1469,2037
1150,1992
1035,1983
1131,2003
1412,2057
1835,2114
2301,2163
2731,2162
3019,2152
3115,2118
2927,2095
2553,2094
2082,2096
1605,2066
1237,2011
1055,1995
1079,1998
1291,2038
1675,2104
2138,2157
2593,2167
2945,2159
3119,2133
3012,2119
2690,2101
2234,2090
1764,2075
1351,2027
1099,1994
1044,1997
1200,2024
1533,2075
1983,2134
2458,2159
2854,2174
3083,2146
3065,2117
2800,2094
2394,2084
1924,2078
1478,2034
1161,1991
1040,1979
1131,1991
1413,2030
1832,2090
2299,2134
2727,2138
3025,2120
3126,2091
2936,2072
2556,2067
2088,2068
1626,2042
1253,1989
1068,1966
1085,1977
1293,2010
1675,2065
2153,2120
2611,2131
2960,2118
3119,2103
3013,2086
2687,2073
2245,2070
1768,2058
1353,2004
1104,1965
1046,1967
1205,1994
1538,2048
1981,2110
2433,2138
2835,2133
3080,2129
3077,2098
2840,2082
2401,2064
1926,2076
1482,2035
1163,1983
1034,1978
1122,2002
1392,2050
1799,2118
2277,2165
2722,2170
3025,2152
3117,2130
2895,2106
2552,2097
2083,2098
1621,2070
1245,2010
1053,1993
1068,2006
1279,2031
1674,2094
2140,2144
2586,2160
2939,2156
3113,2138
3014,2118
2698,2098
2257,2097
1771,2085
1359,2028
1104,1999
1044,2000
1202,2022
1539,2072
1978,2126
2438,2157
2840,2160
3084,2144
3081,2112
2827,2093
2413,2087
1941,2080
1492,2035
1172,1985
1048,1975
1125,1995
1380,2035
1804,2086
2286,2134
2724,2137
3027,2124
3124,2102
2940,2076
2572,2067
2107,2069
1643,2043
1262,1987
1060,1968
1066,1969
1271,2003
1669,2062
2124,2123
2583,2138
2945,2126
3118,2104
3019,2080
2704,2069
2252,2070
1778,2062
1358,2002
1094,1965
1055,1959
1208,1987
1529,2044
1960,2115
2431,2137
2832,2137
3071,2121
3078,2096
2826,2082
2413,2078
1937,2080
1499,2039
1178,1992
1054,1983
1127,2008
1388,2047
1804,2110
2273,2158
2706,2164
3011,2151
3122,2133
2938,2108
2572,2094
2108,2097
1643,2063
1254,2022
1048,1998
1054,1996
1269,2032
1650,2092
2114,2147
2573,2165
2935,2158
3113,2141
3018,2125
2703,2101
2258,2103
1793,2086
1380,2027
1108,1994
1039,1993
1184,2025
1517,2075
1961,2133
2429,2161
2834,2166
3076,2139
3084,2117
2838,2095
2434,2085
1963,2072
1499,2029
1174,1986
1046,1975
1125,1991
1392,2029
1805,2087
2274,2132
2711,2130
3025,2123
3136,2096
2950,2074
2579,2066
2109,2061
1648,2041
1270,1989
1072,1958
1077,1964
1278,2005
1652,2056
2119,2118
2571,2133
2935,2128
3115,2109
3024,2080
2700,2072
2261,2080
1795,2063
1369,2005
1110,1971
1038,1962
1182,1991
1515,2041
1949,2101
2418,2136
2819,2137
3070,2121
3086,2090
2843,2076
2434,2079
1951,2075
1502,2039
1170,1997
1041,1983
1115,2001
1373,2051
1801,2106
2258,2156
2694,2160
3015,2144
3133,2126
2952,2108
2585,2118
2114,2100
1645,2071
1269,2019
1066,1996
1065,2001
1261,2033
1636,2085
2100,2144
2554,2139
2925,2167
3103,2147
3019,2115
2730,2092
2281,2094
1808,2085
1387,2029
1112,1998
1042,1994
1180,2019
1499,2069
1944,2131
2413,2169
2812,2169
3057,2142
3081,2115
2846,2092
2438,2086
1956,2080
1513,2042
1184,1989
1045,1972
1132,1992
1374,2029
1791,2091
2255,2134
2703,2130
3021,2121
3142,2098
2957,2078
2589,2068
2131,2068
1663,2046
1280,1987
1078,1967
1070,1976
1266,2010
1640,2059
2106,2111
2559,2133
2923,2132
3113,2111
3027,2080
2721,2078
2283,2072
1808,2065
1389,2008
1116,1965
1042,1963
1181,1991
1480,2041
1914,2106
2399,2143
2815,2142
3072,2126
3091,2100
2852,2080
2443,2078
1967,2076
1514,2043
1183,2001
1038,1986
1111,2007
1358,2053
1771,2116
2249,2161
2682,2167
3006,2158
3128,2131
2955,2107
2591,2101
2129,2096
1662,2072
1268,2017
1063,1998
1065,1999
1272,2031
1636,2074
2086,2143
2525,2173
2914,2164
3104,2143
3023,2116
2730,2096
2290,2096
1813,2088
1394,2038
1123,2003
1044,1993
1176,2018
1485,2072
1928,2133
2398,2167
2810,2158
3071,2142
3085,2110
2858,2090
2456,2086
1985,2078
1532,2044
1191,2000
1035,1985
1098,1999
1362,2029
1775,2085
2243,2132
2683,2136
3006,2127
3141,2104
2967,2081
2610,2069
2150,2068
1671,2048
1282,1991
1075,1954
1070,1970
1258,2003
1628,2058
2082,2117
2543,2147
2919,2131
3110,2110
3043,2087
2739,2075
2298,2070
1826,2059
1402,2007
1134,1969
1049,1969
1169,1992
1483,2031
1919,2100
2390,2135
2800,2130
3053,2130
3090,2099
2861,2084
2458,2077
1992,2078
1540,2048
1193,2006
1040,1989
1104,2002
1352,2045
1761,2105
2231,2155
2668,2162
2998,2148
3131,2129
2967,2110
2613,2095
2149,2101
1663,2077
1264,2022
1067,1991
1058,1994
1243,2031
1606,2084
2069,2141
2523,2175
2905,2160
3100,2141
3037,2117
2755,2099
2316,2091
1834,2083
1401,2039
1112,2002
1033,1997
1166,2022
1479,2066
1914,2128
2385,2163
2798,2162
3065,2147
3110,2119
2884,2089
2474,2081
1991,2085
1537,2050
1200,1995
1050,1976
1108,1988
1360,2024
1761,2083
2229,2136
2676,2139
3000,2136
3136,2101
2960,2077
2613,2075
2164,2065
1694,2048
1298,1995
1084,1959
1066,1971
1248,2002
1615,2060
2056,2108
2525,2137
2902,2129
3092,2118
3033,2091
2751,2074
2322,2072
1844,2062
1401,2010
1126,1971
1035,1965
1162,1990
1479,2035
1903,2101
2372,2127
2791,2134
3064,2114
3116,2091
2876,2086
2470,2082
1995,2081
1539,2046
1199,1997
1045,1981
1098,2003
1345,2045
1745,2103
2223,2153
2673,2165
2997,2157
3134,2136
2968,2110
2617,2100
2160,2097
1691,2075
1295,2022
1072,1988
1049,1986
1237,2026
1598,2080
2057,2146
2516,2176
2879,2169
3086,2142
3055,2109
2763,2098
2326,2096
1849,2084
1417,2039
1132,1997
1036,1993
1158,2019
1462,2071
1889,2133
2358,2166
2784,2164
3059,2144
3101,2119
2879,2097
2482,2087
2009,2082
1558,2043
1205,1994
1048,1980
1100,1987
1341,2023
1746,2071
2225,2122
2673,2130
2993,2135
3130,2102
2980,2078
2635,2068
2177,2064
1706,2050
1307,1995
1090,1968
1063,1966
1241,1999
1606,2049
2049,2107
2517,2136
2899,2134
3101,2113
3051,2089
2763,2072
2333,2066
1858,2066
1428,2015
1133,1965
1028,1966
1142,1993
1448,2037
1891,2102
2358,2136
2777,2137
3054,2124
3104,2102
2883,2080
2487,2076
2025,2079
1555,2049
1204,2001
1044,1987
1099,1999
1332,2034
1735,2091
2200,2148
2640,2159
2983,2152
3128,2132
2978,2106
2629,2098
2176,2096
1700,2075
1307,2025
1098,1993
1065,1994
1227,2014
1585,2075
2035,2144
2502,2163
2885,2164
3095,2145
3052,2117
2768,2101
2341,2097
1864,2090
1436,2042
1133,1998
1032,1992
1151,2023
1451,2065
1883,2124
2352,2180
2773,2163
3052,2139
3105,2114
2890,2092
2500,2089
2025,2090
1563,2056
1202,1995
1044,1974
1096,1985
1331,2023
1729,2081
2196,2132
2647,2135
2982,2128
3133,2101
2991,2082
2648,2072
2190,2067
1722,2041
1325,1991
1095,1967
1057,1971
1229,2001
1586,2047
2036,2110
2504,2129
2888,2133
3098,2118
3059,2095
2779,2070
2352,2064
1883,2053
1447,2014
1143,1984
1037,1967
1147,1984
1443,2032
1872,2092
2339,2135
2764,2134
3045,2121
3108,2098
2895,2084
2507,2083
2027,2088
1569,2046
1215,2003
1053,1988
1088,1998
1322,2037
1719,2096
2183,2151
2631,2159
2972,2157
3123,2134
2983,2116
2643,2102
2182,2098
1713,2076
1318,2021
1082,1994
1045,1996
1215,2021
1564,2078
2015,2142
2493,2169
2873,2164
3101,2141
3076,2115
2793,2096
2353,2088
1878,2088
1440,2041
1140,2003
1033,1998
1145,2019
1436,2065
1869,2125
2341,2162
2773,2174
3053,2149
3113,2117
2896,2093
2510,2091
2038,2086
1579,2051
1225,1996
1053,1976
1096,1985
1324,2018
1722,2073
2188,2125
2635,2130
2960,2125
3111,2108
2991,2085
2661,2070
2211,2071
1745,2052
1333,2000
1094,1967
1057,1971
1225,1995
1570,2047
2019,2106
2478,2139
2871,2135
3098,2119
3067,2085
2791,2070
2365,2068
1890,2064
1450,2017
1145,1975
1037,1966
1135,1985
1428,2030
1853,2086
2337,2122
2772,2129
3052,2120
3112,2097
2901,2080
2514,2076
2046,2077
1581,2047
1220,2002
1049,1989
1088,2001
1315,2031
1712,2094
2178,2153
2622,2169
2965,2155
3122,2131
2991,2107
2658,2094
2206,2095
1732,2080
1328,2023
1088,1994
1049,1992
1214,2025
1557,2078
1992,2145
2457,2170
2858,2166
3090,2146
3063,2115
2795,2100
2372,2090
1897,2084
1457,2041
1150,2000
1036,1995
1135,2014
1419,2058
1848,2119
2323,2160
2753,2165
3040,2146
3116,2119
2912,2095
2532,2088
2059,2085
1594,2050
1229,1996
1054,1974
1083,1980
1315,2013
1719,2072
2180,2130
2619,2140
2962,2128
3125,2105
3007,2077
2678,2064
2223,2064
1748,2059
1346,1993
1103,1960
1064,1963
1222,1998
1559,2054
2010,2114
2473,2134
2865,2136
3089,2114
3071,2088
2804,2070
2380,2068
1905,2062
1452,2015
1143,1975
1030,1966
1136,1987
1419,2027
1843,2092
2312,2134
2737,2140
3035,2128
3113,2105
2912,2077
2531,2075
2058,2079
1599,2053
1235,2005
1068,1980
1084,1989
1298,2031
1687,2088
2159,2146
2611,2165
2956,2157
3117,2135
3000,2110
2675,2096
2228,2094
1758,2080
1352,2020
1097,1984
1038,1995
1202,2025
1543,2076
1994,2141
2456,2168
2853,2168
3083,2147
3071,2119
2810,2102
2390,2091
1911,2086
1458,2045
1148,2007
1039,2001
1135,2014
1415,2059
1835,2119
2305,2162
2741,2165
3037,2149
3117,2121
2917,2097
2534,2086
2064,2083
1602,2049
1244,1995
1062,1975
1085,1985
1299,2021
1683,2074
2150,2126
2601,2142
2955,2130
3123,2107
3010,2078
2690,2063
2248,2059
1780,2053
1357,1998
1101,1966
1049,1972
1204,1997
1545,2044
1990,2109
2458,2142
2854,2131
3085,2112
3083,2075
2823,2068
2412,2065
1926,2064
1473,2020
1157,1984
1040,1968
1133,1983
1409,2026
1828,2088
2296,2134
2732,2133
3031,2123
3121,2100
2920,2090
2535,2084
2072,2079
1614,2051
1246,2000
1060,1982
1077,1995
1291,2031
1675,2091
2139,2154
2593,2165
2941,2164
3107,2138
3001,2108
2679,2093
2245,2093
1771,2081
1353,2027
1095,1996
1040,1995
1193,2020
1519,2069
1966,2134
2443,2171
2855,2167
3095,2142
3081,2114
2819,2096
2403,2091
1930,2085
1482,2044
1159,1999
1037,1996
1125,2015
1403,2058
1822,2115
2300,2161
2729,2162
3019,2147
3119,2126
2929,2098
2556,2084
2089,2082
1623,2055
1253,2005
1068,1976
1092,1983
1288,2014
1673,2068
2131,2122
2571,2141
2934,2138
3122,2112
3020,2086
2703,2067
2253,2064
1785,2055
1370,2006
1112,1969
1051,1967
1193,1990
1521,2045
1963,2112
2441,2140
2846,2137
3085,2113
3083,2087
2829,2074
2412,2068
1940,2066
1488,2021
1165,1972
1037,1963
1117,1981
1395,2020
1823,2076
2295,2132
2721,2142
3018,2132
3122,2103
2936,2085
2563,2078
2097,2080
1629,2056
1253,2003
1065,1982
1079,1992
1286,2032
1661,2090
2112,2147
2574,2163
2937,2159
3111,2140
3015,2109
2701,2097
2256,2095
1784,2086
1364,2030
1108,1997
1040,1998
1176,2025
1493,2077
1945,2136
2426,2167
2829,2161
3071,2145
3078,2123
2832,2099
2421,2093
1947,2091
1493,2055
1160,2007
1034,1994
1114,2006
1387,2049
1807,2117
2274,2164
2711,2170
3017,2154
3131,2121
2946,2097
2573,2088
2107,2084
1641,2059
1263,2003
1069,1971
1083,1975
1290,2015
1658,2068
2113,2126
2570,2141
2935,2132
3115,2108
3031,2082
2722,2068
2276,2062
1806,2056
1388,2004
1123,1967
1051,1968
1177,1991
1508,2045
1951,2104
2424,2135
2827,2130
3079,2112
3087,2084
2837,2071
2427,2064
1951,2063
1497,2031
1173,1986
1058,1971
1118,1983
1380,2026
1793,2084
2262,2131
2700,2140
3010,2125
3120,2101
2944,2088
2576,2079
2120,2081
1658,2058
1281,1998
1065,1977
1064,1993
1264,2033
1641,2088
2104,2146
2561,2169
2925,2157
3108,2135
3026,2112
2725,2095
2285,2094
1808,2078
1378,2019
1105,1999
1034,1995
1195,2021
1494,2072
1935,2129
2406,2165
2814,2169
3073,2144
3094,2120
2841,2100
2431,2093
1949,2108
1508,2054
1181,2007
1048,1998
1113,2011
1373,2057
1779,2106
2256,2159
2697,2163
3008,2151
3122,2122
2945,2104
2577,2087
2129,2081
1662,2056
1274,2005
1071,1983
1070,1985
1265,2017
1639,2070
2093,2125
2553,2138
2925,2128
3108,2108
3045,2075
2753,2065
2305,2067
1821,2058
1389,2008
1118,1970
1041,1970
1178,1991
1494,2046
1939,2102
2404,2133
2818,2128
3079,2112
3106,2091
2862,2069
2443,2066
1969,2064
1519,2030
1185,1981
1040,1968
1106,1978
1366,2016
1779,2076
2248,2124
2691,2134
3002,2133
3114,2113
2934,2086
2590,2078
2138,2078
1667,2059
1279,2009
1069,1987
1064,1990
1259,2028
1629,2083
2085,2145
2539,2172
2903,2163
3097,2136
3032,2112
2738,2097
2297,2095
1816,2086
1390,2038
1114,1997
1030,1992
1161,2018
1474,2062
1928,2125
2405,2165
2813,2161
3065,2148
3090,2116
2856,2097
2454,2094
1980,2090
1522,2059
1186,2007
1043,1991
1109,2010
1370,2052
1778,2113
2239,2157
2679,2153
3002,2155
3133,2127
2964,2101
2604,2087
2143,2084
1664,2065
1288,2006
1082,1976
1069,1976
1256,2010
1611,2065
2063,2130
2541,2147
2916,2134
3108,2108
3045,2084
2747,2065
2313,2071
1835,2051
1407,2006
1127,1967
1036,1972
1169,1996
1485,2043
1928,2102
2394,2132
2803,2134
3064,2113
3100,2089
2870,2070
2460,2067
1988,2066
1530,2025
1190,1978
1044,1966
1112,1978
1371,2020
1774,2086
2230,2131
2673,2134
2996,2128
3127,2103
2964,2084
2609,2075
2147,2078
1676,2060
1289,2002
1075,1985
1066,1995
1245,2031
1610,2082
2068,2142
2533,2166
2904,2159
3102,2140
3031,2115
2745,2099
2313,2085
1832,2088
1410,2033
1123,1999
1017,2001
1141,2018
1461,2068
1901,2127
2375,2167
2789,2164
3055,2146
3095,2122
2872,2101
2472,2095
1996,2097
1538,2052
1191,2003
1041,1989
1107,2010
1350,2055
1762,2112
2221,2162
2667,2167
2999,2150
3128,2127
2968,2103
2620,2086
2156,2080
1686,2052
1314,2000
1098,1977
1070,1981
1248,2011
1608,2062
2067,2119
2529,2135
2906,2130
3106,2115
3052,2086
2762,2065
2328,2065
1854,2056
1420,2011
1130,1978
1036,1969
1166,1992
1471,2037
1909,2091
2394,2140
2796,2136
3062,2122
3105,2093
2865,2072
2464,2064
1996,2070
1548,2033
1205,1983
1048,1961
1099,1979
1348,2015
1749,2073
2215,2124
2657,2136
2984,2129
3126,2110
2974,2088
2636,2078
2178,2075
1696,2054
1301,2011
1075,1983
1058,1989
1241,2022
1582,2082
2052,2145
2518,2163
2896,2161
3108,2134
3056,2114
2769,2100
2323,2088
1845,2087
1412,2044
1122,2004
1028,1993
1149,2012
1453,2066
1891,2121
2362,2163
2785,2166
3055,2146
3095,2124
2866,2103
2474,2101
2010,2097
1555,2060
1209,2014
1047,1994
1098,2007
1338,2047
1743,2104
2212,2161
2655,2168
2977,2160
3120,2128
2972,2098
2632,2087
2180,2088
1703,2067
1304,2014
1083,1979
1056,1981
1238,2010
1594,2060
2044,2121
2510,2139
2896,2126
3104,2106
3074,2082
2778,2071
2341,2069
1865,2060
1428,2012
1137,1976
1037,1971
1154,1983
1457,2033
1891,2090
2370,2130
2791,2142
3065,2115
3114,2098
2888,2078
2487,2062
2018,2073
1562,2041
1211,1986
1049,1965
1099,1970
1335,2012
1735,2077
2204,2135
2642,2144
2964,2134
3112,2103
2978,2080
2639,2077
2184,2080
1708,2068
1311,2013
1081,1987
1054,1988
1230,2027
1583,2077
2029,2138
2492,2161
2878,2156
3094,2137
3059,2114
2773,2098
2344,2094
1867,2087
1432,2042
1133,1996
1030,1989
1147,2015
1434,2061
1888,2120
2348,2157
2774,2161
3047,2155
3105,2126
2889,2100
2497,2101
2027,2094
1566,2062
1212,2011
1044,1994
1100,2003
1324,2041
1718,2102
2196,2168
2643,2165
2977,2155
3129,2131
2988,2102
2646,2087
2192,2082
1721,2069
1322,2010
1090,1977
1048,1980
1216,2011
1568,2066
2031,2126
2496,2136
2885,2133
3099,2113
3062,2084
2790,2072
2361,2069
1886,2059
1446,2010
1141,1971
1033,1968
1154,1994
1451,2028
1871,2089
2343,2132
2776,2135
3051,2121
3111,2090
2898,2067
2510,2070
2037,2066
1575,2039
1223,1990
1062,1968
1103,1971
1325,2012
1713,2072
2188,2128
2630,2138
2972,2130
3123,2108
2990,2088
2653,2076
2200,2076
1731,2058
1318,2003
1086,1989
1041,1995
1221,2025
1579,2073
2021,2138
2485,2165
2874,2159
3088,2142
3060,2110
2785,2100
2361,2092
1880,2096
1437,2050
1127,1997
1023,1992
1138,2014
1428,2059
1854,2118
2299,2170
2751,2165
3040,2149
3110,2129
2902,2106
2524,2100
2043,2099
1586,2052
1228,2002
1058,1996
1086,2008
1311,2045
1706,2101
2172,2167
2629,2157
2968,2154
3126,2136
2994,2104
2663,2087
2213,2075
1749,2061
1342,2014
1091,1983
1051,1980
1219,2005
1568,2054
2015,2116
2484,2139
2869,2131
3101,2116
3071,2086
2802,2070
2379,2073
1899,2068
1449,2020
1156,1973
1044,1966
1146,1989
1433,2031
1863,2092
2330,2134
2753,2123
3039,2125
3103,2088
2899,2080
2524,2080
2058,2062
1596,2039
1233,1985
1056,1965
1088,1980
1311,2015
1698,2068
2157,2123
2609,2136
2955,2131
3128,2096
3018,2083
2677,2072
2217,2072
1739,2069
1325,2013
1092,1983
1046,1991
1208,2017
1549,2075
2003,2137
2472,2163
2870,2155
3098,2135
3066,2112
2797,2094
2376,2090
1894,2082
1458,2042
1144,1998
1034,1991
1130,2011
1416,2054
1844,2121
2319,2162
2743,2170
3021,2152
3092,2128
2910,2108
2530,2100
2063,2095
1601,2061
1236,2010
1062,1993
1086,2006
1303,2040
1693,2097
2153,2159
2602,2169
2949,2156
3117,2130
3005,2104
2680,2088
2229,2084
1753,2070
1348,2012
1098,1981
1043,1986
1210,2011
1545,2052
1993,2111
2469,2132
2878,2130
3104,2115
3076,2086
2812,2066
2392,2063
1918,2053
1473,2016
1160,1977
1041,1966
1132,1994
1421,2022
1848,2087
2320,2127
2745,2139
3030,2123
3118,2091
2921,2071
2533,2060
2072,2069
1607,2039
1237,1989
1061,1964
1084,1981
1302,2010
1687,2070
2141,2123
2586,2138
2947,2138
3117,2107
3004,2088
2685,2077
2234,2080
1762,2067
1351,2014
1097,1986
1048,1993
1198,2021
1527,2070
1974,2129
2453,2164
2850,2166
3083,2145
3072,2116
2813,2098
2393,2099
1916,2090
1473,2054
1153,2005
1030,1993
1117,2010
1406,2050
1825,2112
2295,2158
2731,2165
3029,2154
3114,2129
2921,2106
2545,2097
2079,2095
1614,2067
1246,2019
1062,1991
1077,2004
1289,2043
1683,2105
2147,2153
2598,2164
2956,2157
3121,2133
3009,2101
2687,2086
2242,2082
1768,2068
1351,2027
1092,1981
1032,1983
1203,2015
1541,2057
1985,2109
2455,2136
2851,2136
3087,2115
3082,2088
2824,2075
2405,2067
1929,2062
1481,2018
1168,1981
1049,1971
1131,1985
1407,2024
1831,2092
2294,2127
2729,2129
3027,2126
3123,2098
2931,2073
2555,2068
2090,2061
1631,2047
1266,1988
1072,1961
1075,1975
1283,2010
1669,2068
2136,2122
2588,2137
2945,2129
3113,2104
3015,2085
2697,2075
2252,2079
1768,2076
1353,2020
1093,1989
1045,1991
1195,2016
1525,2065
1972,2134
2439,2161
2839,2161
3080,2142
3077,2116
2823,2102
2400,2098
1918,2094
1469,2050
1150,2005
1039,1990
1120,2010
1392,2054
1809,2111
2280,2162
2712,2166
3016,2154
3117,2129
2929,2099
2556,2090
2101,2087
1636,2064
1258,2015
1061,1996
1072,2005
1279,2046
1663,2102
2128,2155
2581,2168
2945,2154
3118,2128
3021,2100
2713,2084
2273,2084
1791,2071
1363,2016
1105,1983
1043,1983
1194,2007
1526,2053
1961,2110
2437,2135
2843,2134
3087,2116
3091,2087
2836,2080
2423,2072
1938,2062
1496,2024
1180,1979
1046,1965
1127,1986
1398,2027
1815,2085
2285,2128
2713,2131
3010,2126
3120,2102
2933,2086
2571,2068
2103,2067
1640,2043
1258,1993
1066,1970
1076,1979
1282,2009
1655,2063
2112,2124
2570,2142
2945,2136
3128,2109
3025,2080
2707,2073
2260,2077
1783,2070
1369,2017
1104,1987
1037,1987
1185,2013
1509,2065
1956,2130
2437,2164
2844,2157
3078,2144
3080,2117
2832,2097
2419,2093
1943,2091
1489,2051
1165,2005
1038,1991
1115,2007
1385,2054
1799,2113
2264,2158
2692,2160
3005,2159
3123,2136
2940,2101
2570,2092
2107,2094
1644,2069
1264,2018
1068,1992
1074,2004
1276,2043
1645,2099
2101,2151
2564,2164
2933,2160
3115,2131
3024,2107
2717,2090
2272,2087
1798,2070
1377,2019
1109,1983
1040,1985
1182,2003
1505,2046
1961,2101
2437,2134
2835,2134
3081,2112
3092,2089
2846,2065
2435,2066
1962,2065
1511,2036
1180,1978
1044,1968
1125,1980
1394,2020
1806,2087
2270,2136
2707,2137
3016,2125
3131,2097
2946,2073
2581,2068
2116,2066
1646,2045
1269,1991
1074,1965
1073,1977
1270,2011
1632,2067
2096,2117
2559,2136
2925,2129
3107,2112
3024,2087
2722,2075
2277,2074
1805,2069
1380,2024
1104,1994
1034,1994
1166,2018
1488,2066
1942,2127
2406,2162
2819,2164
3066,2141
3087,2115
2849,2096
2435,2092
1959,2093
1508,2050
1172,2003
1036,1986
1119,2003
1376,2047
1782,2107
2252,2157
2695,2159
3006,2152
3124,2129
2949,2101
2588,2099
2124,2093
1658,2065
1269,2015
1060,1996
1066,2005
1267,2032
1644,2090
2100,2141
2559,2164
2929,2151
3114,2133
3031,2101
2729,2085
2283,2082
1800,2077
1371,2025
1108,1991
1042,1983
1177,2009
1499,2045
1940,2106
2412,2140
2819,2136
3073,2118
3092,2092
2866,2069
2444,2069
1970,2067
1528,2027
1200,1974
1049,1961
1116,1978
1373,2023
1784,2083
2250,2128
2692,2133
3006,2120
3136,2100
2942,2074
2597,2068
2145,2065
1677,2042
1279,1988
1071,1967
1065,1978
1258,2006
1631,2062
2088,2111
2548,2144
2921,2125
3109,2097
3041,2085
2733,2080
2290,2082
1803,2075
1386,2021
1113,1989
1039,1986
1175,2017
1491,2061
1927,2123
2399,2156
2809,2160
3065,2149
3084,2126
2841,2109
2433,2099
1964,2098
1523,2060
1190,2008
1040,1994
1104,2007
1359,2052
1770,2107
2237,2159
2676,2170
2995,2159
3124,2129
2957,2098
2609,2090
2145,2092
1671,2066
1281,2016
1090,1996
1066,2001
1253,2040
1625,2093
2081,2158
2542,2172
2919,2159
3115,2131
3052,2099
2753,2087
2300,2086
1823,2076
1395,2026
1121,1986
1037,1978
1171,2001
1490,2047
1932,2100
2394,2130
2815,2128
3076,2117
3101,2093
2865,2069
2461,2065
1987,2067
1538,2031
1198,1983
1050,1966
1112,1983
1365,2017
1773,2084
2233,2126
2676,2134
2998,2133
3132,2104
2958,2079
2604,2070
2146,2067
1678,2047
1287,1990
1072,1967
1059,1970
1250,2001
1613,2057
2078,2120
2546,2139
2918,2132
3106,2108
3038,2092
2745,2080
2304,2078
1822,2073
1399,2022
1120,1988
1032,1985
1165,2018
1481,2061
1926,2121
2404,2158
2799,2153
3064,2147
3095,2118
2862,2096
2460,2090
1984,2093
1531,2057
1190,2008
1046,2001
1100,2003
1357,2048
1747,2106
2210,2159
2670,2174
2995,2157
3128,2129
2961,2105
2605,2096
2147,2096
1682,2074
1294,2020
1079,1991
1058,1997
1240,2038
1603,2093
2070,2147
2532,2168
2908,2158
3105,2140
3042,2108
2750,2091
2313,2087
1835,2077
1406,2029
1121,1987
1033,1977
1169,1993
1490,2044
1924,2107
2382,2141
2798,2139
3066,2118
3104,2087
2876,2069
2475,2065
2001,2064
1548,2035
1203,1973
1055,1958
1117,1979
1364,2019
1757,2082
2227,2127
2670,2134
2997,2133
3132,2102
2970,2082
2620,2067
2159,2076
1690,2051
1300,1997
1081,1974
1053,1979
1227,2006
1603,2050
2060,2120
2521,2137
2899,2135
3098,2125
3043,2090
2754,2075
2322,2077
1843,2071
1411,2028
1116,1993
1022,1989
1158,2011
1466,2062
1899,2124
2368,2162
2785,2164
3057,2147
3099,2120
2876,2098
2472,2090
1998,2088
1541,2058
1203,2002
1059,1991
1105,2007
1332,2051
1744,2109
2213,2152
2657,2167
2985,2156
3128,2129
2977,2101
2629,2091
2170,2088
1692,2072
1288,2026
1076,2001
1060,1999
1242,2033
1601,2084
2060,2147
2519,2164
2901,2155
3110,2137
3053,2105
2755,2089
2311,2086
1834,2083
1418,2033
1136,1988
1037,1975
1162,2000
1465,2042
1900,2103
2372,2136
2787,2133
3057,2119
3098,2097
2880,2077
2491,2072
2026,2069
1564,2024
1213,1978
1055,1963
1105,1977
1347,2017
1744,2080
2208,2127
2655,2133
2986,2127
3135,2096
2989,2073
2649,2061
2184,2057
1701,2049
1303,1997
1080,1970
1058,1974
1233,2006
1593,2052
2048,2115
2510,2147
2895,2126
3104,2109
3052,2094
2755,2086
2329,2079
1861,2071
1422,2029
1130,1987
1035,1993
1152,2007
1457,2058
1891,2122
2356,2160
2775,2165
3048,2153
3085,2131
2868,2101
2486,2091
2017,2087
1561,2053
1209,2008
1052,1990
1091,2007
1327,2044
1725,2104
2193,2159
2637,2170
2968,2154
3125,2121
2988,2106
2642,2096
2185,2092
1710,2077
1311,2026
1083,1996
1053,2003
1224,2031
1580,2084
2020,2145
2503,2172
2896,2156
3119,2138
3067,2112
2773,2090
2342,2086
1869,2076
1430,2028
1135,1987
1036,1981
1154,1999
1457,2039
1885,2098
2358,2137
2776,2144
3044,2127
3102,2091
2889,2069
2503,2064
2034,2068
1577,2035
1220,1986
1060,1966
1100,1977
1334,2009
1720,2072
2193,2125
2643,2144
2980,2124
3129,2104
2983,2078
2644,2073
2194,2068
1720,2052
1314,2003
1085,1966
1051,1972
1223,2001
1584,2057
2042,2112
2497,2137
2882,2138
3092,2116
3058,2089
2781,2075
2351,2072
1869,2071
1436,2025
1139,1989
1031,1987
1152,2007
1448,2053
1873,2119
2342,2160
2766,2164
3048,2148
3108,2120
2890,2099
2500,2097
2030,2095
1570,2065
1219,2016
1052,1994
1085,2002
1301,2037
1702,2094
2178,2159
2629,2159
2967,2154
3121,2138
2985,2107
2652,2100
2201,2098
1733,2077
1324,2028
1084,1995
1039,2001
1213,2029
1576,2080
2022,2154
2487,2169
2876,2164
3094,2146
3062,2113
2789,2096
2357,2083
1883,2077
1442,2025
1141,1983
1051,1970
1163,1996
1443,2041
1866,2102
2336,2141
2766,2145
3049,2122
3113,2098
2906,2073
2518,2064
2048,2063
1591,2029
1235,1982
1065,1978
1089,1980
1338,2013
1717,2076
2184,2124
2630,2131
2974,2119
3128,2089
2994,2071
2662,2061
2212,2069
1730,2056
1322,2017
1075,1982
1043,1976
1222,1999
1565,2048
2014,2106
2481,2130
2871,2128
3090,2114
3063,2092
2794,2080
2360,2082
1885,2077
1440,2030
1139,1984
1035,1981
1140,2009
1430,2054
1856,2117
2325,2158
2753,2164
3039,2153
3108,2128
2902,2105
2512,2096
2052,2086
1597,2054
1240,2002
1054,1996
1082,2005
1301,2046
1698,2103
2165,2151
2623,2166
2967,2155
3128,2132
3001,2109
2663,2088
2200,2093
1732,2082
1328,2025
1088,2001
1052,2004
1219,2030
1564,2084
2015,2143
2482,2164
2873,2158
3090,2126
3055,2109
2779,2096
2360,2095
1896,2087
1456,2034
1150,1989
1043,1977
1143,1993
1433,2031
1858,2093
2326,2134
2747,2137
3038,2126
3118,2098
2930,2075
2542,2064
2067,2074
1598,2037
1236,1982
1061,1961
1090,1975
1311,2012
1699,2069
2162,2125
2615,2141
2970,2134
3141,2102
3016,2066
2678,2052
2223,2058
1745,2050
1337,2001
1094,1977
1045,1972
1206,2003
1554,2052
2004,2121
2471,2137
2864,2140
3090,2120
3053,2094
2798,2075
2368,2076
1904,2071
1461,2039
1152,1998
1036,1985
1135,2007
1418,2051
1843,2102
2306,2159
2730,2166
3018,2148
3104,2128
2914,2103
2532,2093
2067,2091
1606,2060
1236,2009
1058,1988
1080,2005
1295,2045
1677,2100
2140,2155
2594,2164
2966,2154
3129,2140
3007,2108
2681,2091
2235,2093
1759,2075
1347,2024
1093,2022
1040,2000
1202,2027
1536,2077
1996,2143
2472,2168
2867,2164
3092,2141
3076,2106
2797,2088
2392,2081
1916,2081
1469,2038
1158,1996
1041,1982
1136,1995
1421,2037
1837,2097
2299,2144
2723,2141
3030,2119
3124,2096
2931,2073
2550,2062
2084,2071
1620,2039
1251,1985
1070,1967
1091,1970
1297,2016
1681,2073
2150,2121
2602,2139
2952,2126
3120,2107
3012,2085
2690,2067
2241,2063
1764,2052
1344,2005
1101,1979
1048,1970
1220,1999
1550,2042
1981,2102
2444,2133
2847,2131
3083,2114
3075,2090
2813,2075
2395,2074
1921,2071
1475,2035
1168,1994
1046,1977
1127,2003
1405,2053
1826,2114
2297,2161
2730,2158
3028,2150
3117,2124
2924,2098
2550,2092
2082,2094
1620,2068
1241,2015
1049,1991
1059,2004
1283,2044
1670,2095
2135,2149
2592,2168
2943,2157
3117,2138
3013,2111
2693,2097
2245,2092
1785,2081
1348,2033
1090,2002
1043,2000
1197,2024
1531,2077
1974,2142
2443,2168
2842,2163
3080,2142
3080,2116
2822,2091
2403,2083
1931,2076
1490,2027
1180,1984
1053,1981
1127,1999
1399,2036
1819,2093
2292,2133
2728,2135
3028,2121
3127,2095
2937,2069
2565,2062
2104,2068
1642,2048
1260,1993
1064,1969
1077,1981
1289,2003
1675,2067
2134,2120
2585,2132
2947,2124
3121,2105
3021,2079
2701,2075
2251,2069
1762,2060
1346,2011
1100,1969
1045,1973
1194,1999
1524,2041
1969,2110
2435,2136
2837,2133
3081,2125
3074,2096
2821,2085
2403,2080
1935,2072
1494,2035
1168,1995
1039,1984
1119,2000
1389,2039
1809,2107
2277,2156
2714,2165
3016,2152
3119,2127
2938,2096
2569,2088
2119,2091
1643,2071
1250,2019
1056,1992
1066,2007
1273,2038
1654,2094
2121,2150
2581,2163
2941,2157
3113,2137
3007,2110
2697,2098
2257,2094
1789,2081
1363,2031
1103,2002
1039,1997
1194,2024
1522,2074
1966,2136
2437,2163
2830,2162
3067,2138
3074,2121
2827,2101
2418,2087
1943,2079
1496,2039
1174,1993
1045,1979
1124,1993
1394,2030
1808,2088
2274,2131
2711,2140
3025,2129
3133,2097
2947,2069
2576,2067
2113,2063
1644,2039
1265,1984
1070,1965
1078,1970
1282,2007
1653,2063
2125,2126
2586,2136
2956,2120
3121,2101
3026,2077
2713,2066
2268,2068
1787,2057
1371,2007
1108,1972
1040,1973
1185,1994
1515,2042
1963,2109
2428,2143
2824,2141
3069,2118
3082,2094
2838,2076
2424,2076
1946,2075
1499,2037
1170,1995
1044,1982
1120,2001
1386,2052
1789,2111
2254,2156
2696,2156
3011,2145
3121,2128
2937,2103
2574,2097
2113,2095
1643,2073
1261,2018
1064,1994
1063,2002
1259,2031
1638,2087
2105,2144
2569,2165
2925,2158
3107,2142
3028,2114
2718,2099
2275,2090
1803,2084
1376,2031
1108,2003
1036,1999
1183,2024
1506,2075
1963,2138
2417,2169
2823,2162
3076,2142
3089,2110
2844,2094
2432,2084
1956,2081
1509,2040
1181,1993
1049,1971
1123,1994
1381,2035
1789,2094
2252,2133
2702,2135
3015,2120
3134,2096
2954,2071
2587,2064
2129,2068
1658,2043
1277,1999
1072,1970
1071,1977
1267,2013
1647,2057
2104,2116
2564,2138
2925,2117
3112,2105
3031,2084
2724,2070
2281,2066
1803,2060
1386,2010
1126,1969
1054,1963
1184,1985
1498,2035
1939,2103
2408,2132
2816,2133
3070,2122
3090,2093
2848,2078
2440,2076
1975,2078
1517,2036
1183,1989
1037,1982
1105,2005
1371,2045
1785,2106
2255,2152
2694,2166
3004,2152
3126,2127
2953,2102
2590,2092
2127,2091
1649,2064
1250,2023
1058,2004
1064,2007
1258,2037
1629,2091
2089,2145
2547,2162
2918,2156
3105,2132
3025,2105
2728,2093
2279,2098
1809,2087
1390,2039
1122,1998
1040,1995
1174,2022
1490,2074
1933,2126
2402,2166
2810,2167
3065,2144
3089,2114
2855,2093
2450,2082
1987,2076
1535,2043
1192,1994
1045,1979
1110,1994
1368,2031
1777,2088
2247,2140
2689,2143
3006,2128
3143,2095
2966,2074
2611,2068
2153,2069
1677,2042
1283,1989
1074,1964
1067,1971
1260,2004
1632,2058
2088,2115
2549,2135
2921,2130
3113,2105
3042,2084
2733,2072
2284,2071
1812,2060
1394,2013
1122,1971
1038,1971
1171,1990
1486,2037
1926,2100
2394,2132
2804,2134
3064,2122
3081,2096
2852,2078
2456,2069
1985,2076
1528,2042
1189,1995
1044,1987
1106,2001
1357,2043
1762,2109
2230,2156
2675,2166
2999,2148
3133,2129
2974,2100
2620,2095
2151,2095
1670,2071
1282,2021
1071,1993
1056,1996
1251,2040
1614,2089
2082,2146
2540,2166
2901,2160
3093,2141
3036,2117
2743,2094
2304,2094
1825,2081
1400,2033
1118,2001
1034,1997
1170,2022
1489,2072
1914,2130
2381,2166
2788,2168
3060,2148
3098,2118
2863,2093
2461,2087
1988,2087
1538,2042
1197,1996
1051,1981
1103,1992
1354,2033
1757,2084
2234,2135
2681,2145
3006,2126
3133,2098
2971,2076
2624,2069
2159,2067
1690,2050
1296,1997
1078,1966
1065,1972
1251,2011
1619,2051
2081,2117
2544,2130
2909,2124
3108,2109
3047,2087
2753,2073
2313,2072
1836,2062
1406,2013
1126,1977
1036,1974
1171,1995
1480,2043
1902,2109
2370,2138
2792,2138
3060,2118
3092,2095
2870,2082
2469,2076
1993,2074
1540,2041
1200,1997
1048,1983
1097,2005
1341,2048
1736,2104
2213,2151
2666,2165
2990,2153
3124,2127
2968,2104
2618,2098
2162,2094
1689,2080
1293,2023
1070,1996
1052,2001
1230,2030
1610,2081
2063,2145
2524,2168
2893,2163
3097,2145
3049,2114
2758,2097
2321,2094
1845,2088
1413,2041
1129,2001
1038,1994
1172,2018
1474,2069
1903,2133
2371,2173
2790,2165
3060,2146
3102,2119
2877,2097
2483,2089
2008,2083
1555,2046
1208,1997
1055,1986
1102,1998
1335,2029
1744,2087
2214,2131
2660,2141
2990,2127
3131,2099
2981,2072
2634,2064
2177,2068
1707,2066
1313,2002
1083,1976
1052,1974
1237,2001
1601,2051
2056,2110
2520,2133
2901,2124
3100,2113
3045,2083
2763,2077
2330,2067
1863,2065
1440,2018
1142,1967
1035,1966
1154,1992
1460,2039
1893,2101
2362,2136
2777,2132
3052,2117
3105,2098
2884,2077
2486,2074
2023,2073
1554,2042
1200,1995
1046,1991
1092,1999
1335,2039
1736,2104
2208,2149
2654,2161
2982,2152
3129,2130
2978,2107
2629,2095
2157,2098
1684,2081
1296,2039
1078,1997
1052,2000
1231,2031
1586,2083
2038,2147
2503,2168
2888,2165
3096,2139
3046,2113
2759,2095
2330,2098
1868,2087
1430,2045
1135,2001
1038,1996
1153,2021
1453,2070
1884,2131
2353,2166
2771,2167
3047,2148
3103,2120
2895,2093
2510,2086
2036,2085
1566,2051
1213,1998
1053,1979
1099,1992
1334,2028
1723,2085
2201,2136
2650,2136
2987,2124
3137,2098
2998,2079
2652,2065
2192,2067
1716,2051
1317,1997
1088,1972
1058,1973
1233,2004
1588,2051
2040,2112
2508,2134
2894,2128
3086,2113
3047,2094
2761,2072
2339,2062
1869,2064
1434,2017
1141,1975
1035,1969
1150,1985
1447,2029
1879,2097
2344,2135
2762,2140
3037,2126
3102,2092
2892,2076
2503,2049
2029,2078
1572,2046
1215,1999
1050,1986
1092,2003
1321,2050
1717,2102
2180,2146
2631,2159
2979,2146
3141,2129
3000,2106