0,3211
2565,2386
1978,2767
1297,3008
726,3121
542,3101
890,2945
1526,2605
2172,1989
2688,1266
3037,697
3215,563
3235,969
3079,1673
2708,2294
2150,2708
1477,2985
855,3123
550,3131
772,3009
1366,2723
2020,2153
2577,1438
2965,804
3183,535
3236,815
3125,1474
2807,2143
2292,2602
1643,2907
994,3087
589,3130
686,3037
1219,2805
1876,2307
2462,1611
2894,929
3155,545
3251,690
3185,1284
2922,1990
2446,2505
1823,2836
1156,3048
660,3126
613,3074
1059,2874
1707,2455
2324,1780
2795,1059
3094,572
3228,577
3210,1092
2995,1817
2571,2375
1976,2749
1301,2992
745,3101
572,3084
915,2929
1545,2585
2178,1960
2691,1221
3035,655
3207,528
3225,938
3065,1641
2692,2263
2130,2677
1465,2953
846,3094
548,3105
767,2981
1358,2693
2009,2118
2562,1383
2948,750
3163,483
3220,782
3111,1459
2793,2130
2274,2584
1614,2891
955,3065
554,3113
646,3023
1189,2788
1851,2285
2443,1578
2877,901
3132,527
3226,694
3161,1302
2899,2004
2420,2509
1786,2845
1111,3050
616,3122
576,3069
1032,2875
1687,2451
2304,1775
2783,1058
3080,574
3209,579
3185,1103
2974,1825
2547,2384
1946,2765
1272,2999
707,3107
537,3083
895,2920
1535,2580
2177,1950
2695,1215
3034,654
3204,527
3220,943
3058,1654
2689,2270
2128,2681
1462,2956
852,3098
559,3104
785,2982
1376,2694
2026,2121
2578,1396
2978,758
3175,486
3225,779
3108,1446
2790,2120
2270,2571
1614,2887
969,3060
576,3107
678,3012
1214,2773
1873,2270
2457,1560
2885,882
3138,505
3228,678
3161,1283
2891,1989
2418,2501
1790,2831
1114,3037
623,3113
587,3049
1037,2856
1689,2420
2308,1742
2781,1025
3078,546
3210,567
3183,1094
2969,1815
2537,2380
1931,2756
1249,2994
687,3096
518,3077
877,2916
1517,2560
2158,1926
2678,1194
3022,647
3193,532
3214,965
3048,1679
2672,2286
2105,2695
1432,2961
810,3103
524,3110
756,2984
1353,2694
2009,2118
2565,1384
2951,750
3163,495
3218,804
3101,1471
2780,2142
2257,2597
1596,2894
945,3069
552,3109
656,3020
1199,2783
1866,2279
2453,1565
2881,881
3136,505
3232,687
3165,1304
2895,2003
2419,2502
1785,2837
1116,3040
631,3114
598,3055
1056,2857
1708,2429
2329,1747
2799,1030
3092,549
3220,574
3191,1103
2977,1822
2546,2379
1945,2751
1267,2978
713,3097
553,3072
917,2904
1556,2555
2195,1919
2703,1186
3039,634
3209,515
3219,949
3047,1658
2672,2282
2103,2682
1431,2952
819,3090
536,3097
776,2965
1375,2676
2028,2093
2582,1362
2958,728
3165,477
3214,791
3097,1467
2769,2137
2241,2590
1579,2893
923,3067
530,3105
647,3011
1197,2770
1866,2251
2452,1543
2882,865
3130,507
3221,703
3151,1319
2877,2020
2397,2517
1763,2846
1086,3050
597,3120
573,3060
1042,2858
1702,2419
2321,1742
2794,1025
3085,549
3215,592
3187,1121
2963,1854
2531,2401
1924,2768
1242,2999
687,3102
536,3074
908,2909
1554,2553
2192,1915
2703,1187
3035,635
3204,532
3214,960
3045,1676
2664,2286
2097,2692
1428,2959
821,3093
544,3099
791,2969
1394,2678
2042,2094
2590,1370
2972,737
3175,482
3222,795
3104,1471
2776,2137
2248,2589
1591,2888
947,3058
566,3098
682,3001
1229,2762
1887,2246
2472,1535
2892,855
3140,494
3225,682
3154,1304
2882,2010
2400,2506
1764,2838
1099,3038
621,3109
599,3046
1064,2841
1714,2398
2330,1714
2794,1001
3084,537
3207,572
3175,1113
2952,1838
2518,2392
1911,2761
1230,3003
672,3100
521,3072
894,2904
1538,2538
2180,1894
2694,1170
3030,627
3196,532
3207,977
3033,1691
2650,2298
2078,2700
1399,2966
787,3101
519,3105
775,2973
1382,2677
2036,2088
2584,1363
2962,739
3167,498
3217,818
3092,1492
2768,2153
2229,2601
1569,2899
921,3068
540,3106
667,3007
1222,2765
1888,2248
2469,1538
2895,857
3138,500
3228,691
3152,1318
2874,2019
2392,2512
1758,2842
1093,3039
623,3108
614,3049
1081,2846
1733,2413
2341,1728
2806,1012
3094,545
3214,579
3181,1113
2958,1833
2523,2389
1916,2754
1240,2992
691,3093
554,3063
931,2895
1572,2532
2206,1887
2710,1162
3038,610
3197,516
3206,964
3031,1678
2650,2296
2082,2690
1412,2955
810,3089
539,3090
791,2958
1392,2659
2039,2063
2586,1335
2961,709
3163,476
3209,800
3085,1488
2753,2152
2221,2598
1558,2895
910,3066
526,3099
656,3001
1217,2753
1877,2229
2460,1522
2884,847
3130,499
3216,706
3141,1332
2865,2031
2379,2525
1741,2848
1072,3049
597,3117
589,3052
1060,2849
1718,2405
2332,1717
2797,1010
3085,549
3208,600
3175,1145
2948,1863
2510,2408
1900,2770
1225,3001
674,3101
537,3067
917,2899
1564,2536
2195,1896
2702,1170
3032,627
3196,532
3207,981
3033,1693
2652,2294
2076,2696
1407,2959
808,3093
546,3092
801,2963
1409,2662
2055,2076
2597,1349
2974,733
3174,493
3215,816
3090,1497
2756,2152
2221,2589
1566,2887
924,3058
554,3094
694,2995
1247,2749
1903,2222
2479,1511
2895,841
3136,490
3218,695
3134,1318
2859,2016
2371,2508
1733,2837
1071,3034
606,3100
609,3036
1086,2829
1737,2381
2342,1688
2799,980
3081,526
3200,579
3164,1135
2936,1856
2498,2403
1886,2762
1210,2993
661,3096
527,3061
913,2893
1557,2522
2193,1875
2695,1145
3023,609
3186,531
3192,989
3014,1708
2625,2309
2051,2705
1372,2965
770,3097
512,3095
774,2962
1399,2662
2049,2070
2590,1341
2963,727
3161,499
3206,833
3082,1517
2742,2169
2205,2611
1543,2904
898,3071
533,3100
673,2997
1234,2749
1893,2227
2476,1519
2898,844
3132,497
3217,705
3134,1336
2853,2029
2365,2520
1726,2845
1055,3044
602,3111
605,3043
1090,2832
1738,2389
2347,1703
2806,996
3090,545
3208,596
3175,1140
2945,1857
2503,2400
1891,2761
1220,2993
677,3090
549,3057
936,2887
1577,2512
2208,1866
2710,1142
3038,603
3196,520
3202,978
3022,1697
2632,2296
2056,2693
1385,2954
786,3086
536,3086
803,2949
1413,2643
2056,2040
2597,1307
2969,686
3165,467
3205,818
3078,1506
2749,2170
2209,2606
1544,2898
900,3059
530,3092
671,2994
1236,2739
1897,2209
2472,1495
2889,826
3130,491
3212,708
3129,1346
2843,2045
2349,2532
1711,2858
1042,3047
578,3112
586,3044
1077,2832
1739,2392
2346,1705
2804,995
3085,544
3201,606
3164,1153
2932,1877
2486,2417
1872,2772
1194,3002
656,3097
537,3063
931,2897
1577,2519
2215,1875
2713,1152
3042,608
3193,524
3197,987
3019,1706
2625,2308
2050,2700
1377,2959
785,3090
538,3086
811,2953
1417,2646
2068,2053
2605,1326
2971,717
3171,495
3211,830
3081,1508
2743,2161
2201,2600
1541,2896
900,3056
542,3089
696,2988
1249,2736
1913,2199
2488,1496
2903,825
3139,486
3212,702
3131,1336
2845,2033
2351,2516
1710,2844
1047,3038
590,3102
602,3034
1094,2821
1744,2367
2350,1667
2806,954
3088,510
3202,585
3163,1150
2930,1873
2476,2415
1869,2773
1195,2999
651,3094
524,3049
923,2879
1567,2500
2202,1850
2699,1127
3033,598
3189,528
3191,999
3013,1721
2617,2319
2034,2714
1364,2970
758,3097
512,3096
793,2955
1410,2649
2062,2053
2602,1325
2972,713
3168,500
3205,847
3075,1533
2729,2188
2188,2617
1524,2907
883,3069
526,3097
682,2995
1255,2744
1913,2209
2490,1499
2901,830
3138,498
3220,712
3133,1346
2849,2046
2358,2526
1714,2853
1049,3045
588,3107
612,3033
1102,2822
1756,2372
2364,1690
2821,981
3097,534
3218,602
3174,1158
2938,1876
2492,2413
1879,2771
1204,2994
666,3089
555,3050
949,2878
1595,2497
2227,1845
2726,1123
3050,592
3202,523
3202,993
3019,1711
2620,2307
2041,2702
1367,2964
773,3093
540,3084
822,2943
1434,2633
2081,2025
2613,1290
2979,682
3171,478
3205,825
3069,1525
2727,2180
2186,2612
1521,2906
879,3060
522,3092
674,2988
1248,2732
1913,2193
2489,1476
2900,811
3136,480
3216,717
3129,1361
2839,2059
2341,2545
1695,2866
1027,3048
565,3117
591,3043
1088,2829
1755,2371
2363,1682
2818,973
3098,539
3209,618
3169,1180
2931,1896
2478,2431
1863,2784
1185,3010
644,3102
534,3059
942,2883
1590,2491
2227,1850
2726,1128
3055,599
3204,538
3203,1006
3019,1726
2620,2320
2042,2716
1368,2974
773,3095
540,3087
829,2949
1446,2639
2099,2037
2624,1310
2992,705
3184,494
3222,846
3085,1535
2735,2180
2192,2613
1531,2906
891,3063
544,3090
704,2984
1272,2727
1929,2187
2503,1470
2917,802
3149,474
3222,703
3133,1352
2839,2054
2343,2529
1707,2855
1042,3047
592,3105
617,3031
1115,2819
1769,2350
2375,1653
2821,940
3101,504
3213,598
3171,1164
2931,1889
2482,2437
1859,2777
1185,3003
647,3098
536,3056
938,2881
1584,2492
2220,1833
2722,1105
3049,587
3201,532
3201,1012
3011,1723
2621,2330
2035,2722
1348,2978
749,3105
519,3096
808,2951
1434,2640
2083,2039
2620,1310
2985,708
3178,505
3214,867
3077,1558
2728,2199
2184,2633
1513,2917
878,3074
526,3099
691,2991
1269,2733
1930,2197
2503,1482
2914,821
3149,483
3224,721
3137,1363
2842,2055
2344,2539
1706,2864
1044,3044
593,3112
630,3035
1121,2820
1777,2365
2384,1677
2827,971
3112,539
3224,617
3178,1176
2941,1885
2489,2421
1871,2778
1196,3001
667,3094
562,3061
967,2875
1611,2492
2241,1835
2734,1110
3055,584
3205,535
3204,1010
3016,1730
2614,2318
2035,2711
1363,2966
772,3095
545,3086
835,2945
1445,2617
2093,2015
2623,1280
2987,668
3178,468
3210,845
3079,1542
2729,2191
2180,2625
1518,2914
879,3071
534,3097
696,2985
1265,2725
1923,2189
2496,1454
2906,793
3139,488
3211,714
3124,1379
2834,2075
2335,2545
1691,2867
1025,3056
572,3112
607,3041
1111,2829
1769,2361
2377,1666
2825,971
3102,550
3214,633
3174,1198
2928,1912
2476,2440
1857,2793
1178,3016
649,3104
549,3064
959,2882
1611,2488
2237,1838
2732,1119
3048,606
3202,547
3194,1024
3011,1746
2608,2327
2025,2714
1353,2968
766,3098
541,3091
835,2940
1450,2628
2099,2032
2629,1298
2990,694
3180,507
3215,872
3077,1553
2728,2195
2184,2622
1520,2905
893,3065
556,3091
722,2977
1298,2720
1947,2169
2512,1460
2916,797
3146,489
3215,723
3122,1374
2826,2063
2322,2537
1680,2856
1018,3044
581,3101
627,3026
1128,2808
1783,2341
2384,1644
2824,929
3097,505
3206,606
3153,1179
2913,1900
2460,2431
1842,2785
1167,3004
645,3097
553,3050
959,2871
1612,2477
2241,1817
2730,1097
3038,577
3194,528
3185,1025
2994,1751
2590,2339
2005,2725
1327,2984
740,3100
512,3090
815,2945
1442,2627
2092,2018
2626,1290
2986,698
3173,514
3208,893
3065,1583
2709,2217
2165,2638
1497,2921
863,3071
532,3092
710,2974
1286,2719
1947,2173
2511,1451
2915,804
3145,495
3215,744
3120,1388
2824,2075
2319,2548
1671,2869
1008,3047
576,3112
623,3030
1128,2809
1791,2333
2390,1647
2836,947
3107,526
3210,634
3166,1202
2919,1919
2466,2440
1846,2784
1170,3005
650,3092
551,3047
975,2865
1623,2476
2249,1805
2740,1080
3056,565
3205,536
3195,1023
2998,1746
2594,2334
2000,2719
1321,2975
731,3092
518,3082
830,2932
1455,2606
2105,1991
2634,1256
2993,658
3180,475
3208,862
3064,1564
2712,2205
2162,2632
1490,2920
854,3071
518,3095
694,2979
1278,2712
1940,2156
2509,1433
2917,774
3146,477
3215,736
3121,1394
2818,2085
2310,2560
1655,2880
988,3063
552,3116
603,3037
1126,2815
1791,2341
2394,1640
2840,948
3110,531
3217,642
3168,1220
2922,1931
2460,2453
1835,2804
1156,3018
639,3099
559,3057
980,2871
1634,2474
2266,1811
2753,1090
3063,585
3211,557
3195,1042
3004,1763
2595,2343
1999,2726
1331,2973
746,3096
539,3087
850,2941
1475,2613
2122,2005
2650,1277
3004,684
3186,505
3222,885
3077,1581
2720,2210
2170,2636
1498,2917
872,3067
545,3087
729,2975
1313,2706
1971,2153
2535,1431
2930,769
3155,467
3225,732
3121,1389
2821,2077
2314,2550
1667,2870
1006,3053
576,3105
631,3025
1147,2800
1803,2318
2403,1613
2847,914
3111,497
3213,614
3156,1201
2913,1925
2449,2452
1823,2799
1143,3013
623,3099
548,3049
975,2864
1621,2461
2255,1795
2742,1077
3058,574
3205,540
3192,1042
2991,1768
2581,2353
1988,2738
1311,2989
726,3109
517,3091
837,2944
1471,2612
2116,1995
2640,1266
3002,690
3186,519
3214,901
3067,1599
2709,2243
2156,2651
1491,2931
862,3081
536,3093
721,2981
1307,2711
1965,2153
2530,1434
2930,779
3157,492
3225,761
3129,1415
2837,2097
2314,2561
1665,2870
1007,3051
582,3110
641,3026
1154,2803
1813,2326
2411,1628
2852,931
3118,525
3224,649
3159,1228
2919,1938
2456,2450
1832,2795
1161,3009
651,3089
580,3048
1012,2861
1657,2460
2279,1791
2761,1066
3067,558
3207,535
3190,1034
2989,1763
2577,2345
1986,2731
1312,2976
738,3093
540,3080
864,2930
1491,2597
2131,1977
2652,1245
3000,649
3179,477
3204,877
3053,1581
2697,2222
2145,2644
1482,2926
851,3072
522,3089
722,2975
1300,2700
1957,2141
2523,1415
2926,769
3144,476
3212,747
3110,1413
2804,2099
2294,2567
1640,2879
981,3063
555,3115
618,3034
1143,2807
1805,2327
2405,1633
2846,941
3112,536
3215,655
3157,1239
2905,1949
2440,2457
1814,2809
1145,3024
633,3105
559,3052
997,2866
1649,2461
2273,1788
2753,1071
3063,576
3206,564
3191,1056
2992,1783
2579,2352
1985,2733
1315,2980
742,3098
543,3084
861,2935
1490,2597
2133,1981
2655,1255
3008,670
3188,516
3214,911
3065,1605
2704,2229
2150,2643
1485,2922
862,3070
544,3088
742,2969
1326,2697
1975,2133
2536,1408
2919,762
3152,474
3216,750
3115,1412
2807,2098
2291,2561
1645,2871
986,3055
570,3104
643,3020
1162,2791
1819,2302
2413,1594
2851,899
3111,491
3208,623
3154,1222
2896,1943
2433,2462
1805,2807
1131,3026
619,3099
550,3049
984,2857
1641,2443
2266,1770
2752,1047
3059,546
3199,543
3184,1058
2982,1784
2566,2362
1966,2744
1282,2993
707,3108
507,3088
841,2936
1480,2600
2131,1980
2656,1256
3009,682
3190,520
3214,919
3057,1618
2692,2241
2132,2658
1461,2934
833,3082
519,3099
728,2979
1321,2701
1977,2136
2540,1414
2937,768
3156,488
3221,776
3117,1436
2806,2105
2292,2568
1642,2876
989,3056
578,3105
655,3023
1178,2793
1835,2310
2427,1613
2861,921
3122,522
3221,653
3162,1247
2907,1953
2439,2464
1815,2803
1147,3012
645,3092
580,3043
1024,2851
1671,2442
2287,1765
2765,1045
3067,545
3207,545
3186,1061
2979,1786
2563,2360
1957,2735
1297,2984
725,3093
540,3076
877,2919
1505,2581
2146,1953
2663,1224
3008,642
3178,491
3199,892
3043,1606
2677,2239
2116,2654
1448,2933
820,3078
516,3091
725,2967
1317,2685
1975,2112
2535,1389
2927,749
3149,472
3207,760
3099,1432
2790,2113
2271,2578
1613,2887
955,3065
543,3111
622,3023
1157,2795
1820,2302
2418,1605
2856,919
3117,535
3215,677
3157,1267
2896,1972
2426,2479
1794,2816
1122,3025
624,3102
564,3047
1009,2855
1664,2440
2285,1770
2765,1054
3067,563
3203,565
3185,1083
2978,1803
2556,2368
1961,2741
1290,2986
727,3098
548,3078
885,2920
1516,2584
2156,1957
2671,1236
3016,670
3190,519
3212,922
3055,1624
2690,2244
2134,2655
1458,2923
848,3069
549,3081
767,2961
1350,2682
2001,2109
2554,1382
2941,738
3151,463
3211,761
3101,1434
2786,2113
2269,2568
1615,2879
966,3055
563,3101
652,3008
1184,2779
1846,2284
2432,1576
2862,884
3118,494
3213,642
3143,1241
2880,1956
2410,2472
1779,2813
1107,3022
606,3100
562,3044
1011,2845
1665,2425
2287,1748
2764,1029
3065,547
3200,566
3176,1077
2964,1804
2540,2374
1939,2751
1255,2987
684,3103
512,3082
855,2925
1502,2581
2148,1956
2669,1230
3013,668
3190,530
3208,940
3046,1641
2676,2260
2115,2670
1440,2943
820,3084
522,3094
751,2966
1346,2683
2002,2110
2556,1383
2943,748
3157,481
3213,786
3101,1461
2783,2128
2266,2581
1613,2886
966,3059
563,3103
657,3014
1189,2781
1850,2284
2438,1580
2871,898
3126,514
3223,667
3158,1271
2894,1976
2423,2478
1791,2815
1126,3023
636,3096
592,3038
1041,2841
1689,2415
2303,1736
2778,1017
3073,535
3203,551
3180,1082
2967,1808
2543,2371
1942,2746
1270,2985
705,3094
533,3075
887,2916
1520,2567
2159,1931
2676,1201
3013,629
3186,494
3203,912
3037,1622
2666,2252
2101,2667
1432,2941
812,3080
512,3086
739,2963
1338,2673
1990,2093
2549,1369
2936,731
3149,470
3206,776
3093,1467
2775,2132
2250,2586
1596,2891
937,3067
534,3108
631,3019
1180,2779
1841,2281
2433,1583
2868,899
3125,513
3218,682
3150,1284
2882,1987
2404,2489
1770,2828
1099,3033
610,3107
574,3048
1033,2848
1691,2423
2308,1747
2780,1031
3077,554
3206,571
3182,1099
2967,1823
2539,2376
1939,2749
1263,2989
704,3088
540,3078
894,2918
1530,2570
2165,1941
2682,1212
3026,648
3195,520
3212,942
3050,1650
2680,2263
2115,2671
1446,2936
833,3075
544,3083
777,2955
1367,2669
2020,2092
2569,1364
2950,726
3161,471
3215,781
3101,1457
2777,2125
2256,2573
1595,2884
944,3058
549,3099
657,3009
1200,2771
1863,2260
2450,1554
2874,867
3125,490
3217,658
3142,1267
2874,1977
2397,2485
1764,2823
1098,3026
605,3099
577,3041
1038,2839
1690,2405
2305,1726
2776,1006
3071,539
3199,568
3172,1106
2954,1831
2525,2388
1919,2760
1240,2998
676,3105
514,3079
875,2921
1519,2563
2164,1933
2680,1211
3021,657
3192,541
3207,965
3039,1668
2660,2276
2091,2681
1419,2948
806,3085
522,3092
763,2962
1370,2671
2025,2093
2574,1368
2954,732
3165,480
3218,795
3100,1479
2773,2144
2249,2590
1595,2890
949,3063
562,3101
674,3010
1212,2771
1870,2264
2459,1556
2881,875
3130,512
3223,685
3154,1299
2884,1997
2410,2493
1778,2824
1115,3024
626,3093
600,3033
1062,2827
1711,2398
2323,1716
2792,1001
3083,533
3210,560
3180,1099
2962,1829
2529,2388
1927,2752
1249,2988
693,3094
544,3066
908,2902
1546,2550
2184,1914
2693,1187
3026,624
3187,507
3200,935
3026,1646
2647,2261
2083,2669
1402,2940
792,3080
512,3082
758,2956
1366,2660
2014,2077
2564,1349
2951,719
3156,473
3204,787
3083,1469
2755,2140
2228,2594
1560,2897
917,3071
534,3110
652,3016
1206,2776
1866,2254
2450,1557
2876,880
3126,514
3213,696
3138,1313
2864,2008
2383,2499
1747,2835
1076,3039
594,3109
581,3044
1051,2839
1709,2401
2323,1713
2789,1003
3083,541
3208,584
3181,1130
2961,1855
2525,2409
1922,2768
1250,2999
697,3106
546,3071
911,2907
1548,2544
2184,1905
2690,1181
3029,640
3196,529
3209,970
3042,1680
2663,2284
2096,2687
1426,2947
816,3077
542,3079
785,2945
1387,2650
2040,2066
2588,1338
2973,713
3171,471
3214,797
3095,1479
2766,2144
2234,2588
1571,2892
925,3059
541,3097
672,2996
1225,2764
1886,2250
2469,1533
2889,849
3132,485
3217,666
3138,1285
2863,1993
2379,2494
1736,2831
1071,3031
598,3100
592,3037
1059,2828
1716,2390
2322,1702
2789,983
3073,517
3200,571
3167,1119
2945,1847
2509,2404
1900,2769
1225,3005
670,3107
528,3075
894,2911
1541,2542
2178,1909
2688,1184
3023,642
3192,548
3201,990
3029,1705
2647,2296
2073,2691
1396,2951
785,3079
510,3083
772,2952
1375,2655
2037,2072
2588,1349
2964,730
3169,497
3216,819
3090,1489
2759,2155
2228,2595
1566,2887
921,3062
552,3101
688,3003
1239,2765
1900,2253
2479,1542
2896,864
3140,505
3220,689
3143,1298
2867,2004
2382,2501
1749,2839
1090,3035
628,3099
622,3034
1084,2828
1732,2382
2330,1695
2786,973
3085,515
3205,569
3172,1124
2951,1849
2517,2399
1914,2763
1238,2996
697,3096
552,3064
923,2893
1558,2527
2194,1884
2695,1160
3027,619
3192,520
3198,964
3023,1675
2637,2284
2064,2683
1390,2969
781,3081
512,3084
772,2950
1383,2647
2031,2056
2579,1329
2957,706
3156,463
3202,806
3074,1494
2738,2157
2208,2606
1540,2903
895,3067
522,3104
657,3008
1216,2763
1882,2244
2463,1532
2880,866
3128,516
3210,720
3133,1337
2858,2030
2364,2519
1730,2845
1058,3042
588,3101
581,3036
1056,2832
1714,2383
2322,1702
2793,992
3082,536
3207,586
3176,1140
2950,1864
2514,2412
1901,2780
1222,3002
669,3101
536,3065
914,2897
1564,2534
2204,1890
2709,1171
3043,625
3202,539
3206,982
3026,1693
2643,2294
2074,2690
1404,2945
806,3075
552,3082
813,2948
1416,2644
2063,2046
2599,1317
2967,691
3165,464
3207,802
3078,1497
2744,2161
2213,2601
1553,2897
921,3070
544,3097
682,2994
1240,2750
1898,2224
2472,1505
2890,832
3133,486
3214,693
3132,1317
2854,2010
2360,2505
1723,2833
1049,3033
578,3100
579,3021
1065,2825
1726,2372
2337,1681
2798,967
3080,522
3203,585
3166,1137
2931,1861
2490,2412
1875,2770
1189,3007
648,3104
525,3071
917,2903
1560,2533
2201,1892
2701,1173
3028,632
3191,546
3200,991
3022,1707
2632,2302
2053,2700
1375,2960
768,3095
515,3097
785,2956
1396,2643
2052,2029
2594,1321
2966,696
3165,477
3214,827
3082,1516
2752,2180
2211,2617
1552,2904
910,3064
545,3093
684,2993
1247,2747
1906,2230
2483,1521
2903,856
3145,507
3223,715
3144,1342
2859,2030
2371,2509
1735,2839
1070,3028
606,3098
608,3028
1096,2825
1746,2364
2356,1679
2813,965
3095,508
3210,578
3174,1130
2940,1862
2497,2403
1888,2776
1216,3001
682,3100
562,3069
951,2894
1589,2516
2214,1866
2712,1137
3034,598
3191,519
3200,980
3013,1692
2624,2297
2046,2689
1375,2958
774,3087
519,3081
788,2938
1397,2635
2046,2036
2588,1299
2961,686
3161,473
3198,826
3078,1520
2738,2173
2202,2612
1537,2912
883,3071
517,3102
662,3001
1230,2752
1899,2224
2481,1513
2899,855
3139,514
3223,729
3133,1357
2843,2051
2343,2528
1702,2851
1030,3042
572,3110
596,3033
1094,2827
1753,2366
2357,1682
2811,969
3090,518
3206,594
3164,1158
2933,1878
2495,2420
1886,2786
1210,3006
679,3100
559,3067
945,2893
1587,2519
2218,1869
2713,1149
3039,617
3200,538
3209,991
3028,1713
2638,2305
2062,2701
1391,2958
784,3088
532,3080
810,2938
1425,2631
2074,2027
2629,1298
2979,686
3173,474
3217,825
3078,1515
2740,2170
2201,2609
1537,2901
904,3063
551,3091
706,2992
1270,2742
1924,2205
2494,1493
2903,825
3137,481
3212,700
3129,1332
2839,2035
2340,2516
1705,2841
1038,3043
580,3102
599,3029
1089,2825
1742,2354
2350,1658
2813,952
3086,512
3201,593
3160,1158
2928,1879
2485,2423
1866,2785
1186,3008
647,3101
528,3069
927,2895
1581,2513
2207,1866
2710,1150
3037,625
3195,553
3195,1022
3012,1732
2617,2323
2035,2707
1357,2965
761,3098
524,3093
802,2949
1414,2641
2070,2040
2607,1311
2973,703
3172,490
3206,842
3075,1532
2731,2186
2193,2621
1532,2912
893,3076
539,3096
696,2993
1262,2739
1917,2211
2498,1500
2910,834
3145,502
3223,720
3139,1362
2852,2047
2359,2525
1720,2845
1060,3041
609,3098
622,3027
1110,2813
1767,2352
2370,1657
2821,950
3107,514
3210,598
3165,1162
2927,1878
2481,2411
1865,2772
1194,3001
666,3098
560,3063
956,2885
1605,2504
2229,1853
2723,1126
3043,592
3194,520
3191,990
3011,1714
2607,2308
2027,2700
1353,2961
759,3085
516,3080
803,2939
1425,2621
2071,2013
2608,1282
2970,673
3163,475
3204,837
3064,1535
2718,2184
2179,2619
1519,2908
869,3068
498,3098
678,2997
1253,2745
1908,2211
2489,1501
2903,843
3144,517
3217,742
3130,1370
2840,2056
2339,2538
1687,2859
1017,3052
558,3108
589,3032
1098,2814
1762,2354
2368,1659
2823,956
3097,524
3211,610
3165,1180
2927,1898
2478,2430
1865,2785
1194,3007
668,3098
560,3058
961,2877
1605,2504
2230,1851
2729,1130
3051,602
3205,542
3204,1012
3020,1732
2622,2326
2040,2711
1369,2965
777,3089
546,3082
832,2934
1451,2616
2091,2004
2621,1269
2985,667
3173,475
3209,839
3071,1538
2727,2182
2184,2616
1525,2905
896,3065
551,3094
713,2985
1282,2734
1939,2192
2507,1471
2913,806
3142,473
3213,709
3127,1355
2833,2047
2332,2529
1684,2854
1020,3043
568,3100
597,3023
1100,2808
1762,2339
2364,1643
2816,938
3091,507
3201,601
3156,1174
2918,1894
2467,2431
1848,2786
1168,3011
631,3102
525,3061
937,2887
1589,2502
2229,1848
2727,1124
3047,615
3200,563
3195,1034
3003,1750
2604,2337
2017,2722
1339,2972
748,3098
520,3088
814,2943
1436,2621
2086,2014
2619,1288
2985,683
3171,489
3205,854
3069,1553
2718,2197
2172,2632
1512,2915
879,3075
538,3098
707,2988
1280,2728
1944,2192
2515,1482
2920,822
3151,502
3226,738
3135,1379
2837,2061
2338,2536
1696,2856
1038,3046
597,3100
631,3025
1130,2807
1786,2341
2386,1644
2833,936
3104,507
3215,596
3166,1170
2924,1890
2469,2423
1849,2783
1182,3007
660,3097
566,3057
979,2877
1623,2483
2248,1826
2735,1106
3050,585
3198,537
3190,1017
3002,1739
2600,2327
2015,2711
1341,2962
751,3087
524,3076
821,2931
1436,2609
2084,1997
2617,1262
2980,661
3169,476
3203,853
3060,1558
2711,2205
2161,2634
1494,2919
855,3075
512,3097
692,2990
1274,2731
1935,2190
2508,1476
2914,823
3144,515
3216,756
3120,1399
2824,2088
2315,2554
1666,2869
1003,3055
561,3109
601,3032
1115,2812
1774,2341
2378,1643
2829,942
3103,514
3210,620
3161,1197
2920,1917
2464,2446
1849,2795
1174,3013
650,3102
559,3058
972,2875
1621,2479
2252,1826
2740,1108
3060,600
3208,562
3202,1041
3011,1757
2607,2335
2023,2718
1351,2954
768,3089
547,3079
844,2929
1464,2606
2109,1990
2642,1258
2995,662
3179,477
3210,854
3066,1552
2713,2194
2164,2626
1499,2912
876,3070
549,3097
737,2985
1312,2721
1965,2169
2529,1450
2924,788
3151,474
3215,728
3119,1375
2817,2064
2317,2541
1676,2856
1011,3043
576,3101
617,3023
1123,2800
1776,2324
2380,1625
2825,920
3096,502
3201,606
3156,1190
2907,1913
2450,2443
1827,2794
1142,3012
618,3102
532,3057
959,2877
1619,2485
2246,1829
2739,1112
3050,606
3199,573
3188,1059
2995,1775
2587,2352
1997,2732
1325,2977
739,3096
523,3085
830,2937
1453,2613
2099,1995
2631,1269
2987,674
3172,496
3202,878
3061,1577
2704,2216
2155,2641
1490,2926
866,3078
535,3096
721,2983
1304,2718
1959,2171
2526,1454
2924,801
3151,495
3221,753
3123,1401
2825,2083
2318,2550
1674,2864
1018,3049
588,3100
634,3021
1146,2797
1802,2316
2398,1615
2839,916
3111,498
3213,615
3161,1192
2911,1910
2450,2434
1830,2788
1160,3007
648,3100
569,3055
990,2870
1639,2470
2260,1805
2748,1092
3059,596
3204,547
3191,1037
2997,1760
2590,2338
1997,2721
1320,2969
736,3088
526,3076
835,2926
1456,2593
2103,1978
2630,1247
2986,655
3169,485
3196,876
3050,1578
2698,2211
2144,2638
1470,2923
841,3076
512,3097
702,2982
1287,2716
1949,2161
2517,1445
2921,794
3147,503
3216,771
3117,1424
2811,2104
2301,2569
1650,2880
987,3058
556,3109
615,3023
1138,2799
1797,2317
2399,1620
2836,922
3107,517
3212,642
3156,1227
2903,1938
2441,2458
1816,2801
1139,3017
626,3102
556,3052
989,2870
1643,2464
2274,1810
2761,1090
3071,588
3212,562
3199,1059
3000,1775
2586,2351
1996,2730
1318,2977
743,3093
546,3076
868,2923
1495,2592
2135,1975
2654,1243
3005,650
3181,478
3206,870
3057,1572
2700,2210
2146,2634
1481,2918
864,3073
545,3090
741,2976
1321,2728
1975,2151
2537,1424
2931,772
3156,480
3218,750
3115,1407
2812,2081
2302,2556
1652,2867
996,3046
573,3095
637,3014
1156,2787
1807,2302
2399,1601
2836,898
3102,491
3203,620
3143,1215
2891,1935
2430,2455
1803,2803
1122,3017
618,3101
551,3052
987,2865
1642,2462
2266,1802
2752,1083
3058,591
3199,580
3183,1079
2982,1795
2569,2364
1976,2748
1298,2985
717,3100
524,3082
848,2930
1474,2597
2113,1980
2642,1243
2993,657
3175,497
3203,894
3051,1598
2693,2230
2134,2648
1468,2933
845,3080
528,3093
727,2976
1318,2702
1972,2146
2533,1430
2933,792
3154,504
3219,771
3119,1427
2814,2097
2304,2562
1661,2866
1007,3053
587,3104
652,3019
1163,2790
1816,2303
2408,1597
2845,895
3110,483
3214,615
3150,1212
2897,1932
2430,2449
1808,2798
1140,3013
640,3094
587,3045
1017,2858
1663,2459
2279,1790
2755,1075
3062,568
3201,555
3181,1046
2981,1772
2566,2347
1974,2729
1293,2977
715,3091
520,3076
849,2924
1476,2586
2121,1959
2645,1222
2989,641
3173,482
3193,881
3038,1593
2673,2228
2120,2648
1448,2925
820,3071
506,3087
710,2974
1303,2705
1963,2148
2524,1433
2924,794
3149,506
3213,779
3114,1434
2804,2112
2289,2573
1635,2880
982,3067
552,3107
621,3021
1150,2793
1807,2303
2408,1599
2844,901
3107,504
3205,646
3148,1247
2893,1957
2425,2464
1800,2809
1132,3016
629,3102
567,3051
1004,2858
1655,2461
2277,1791
2759,1073
3065,584
3202,574
3190,1071
2988,1788
2574,2359
1973,2737
1301,2984
727,3098
542,3074
871,2923
1502,2579
2140,1951
2656,1219
3006,640
3180,490
3201,892
3045,1602
2682,2225
2125,2643
1461,2921
838,3070
534,3088
741,2969
1332,2696
1985,2139
2545,1419
2937,764
3157,480
3219,759
3116,1422
2805,2100
2285,2560
1631,2874
971,3053
555,3100
633,3015
1165,2782
1816,2286
2405,1573
2847,877
3105,494
3205,633
3144,1236
2884,1955
2415,2465
1788,2807
1115,3017
605,3097
548,3046
995,2861
1647,2446
2274,1782
2758,1070
3069,589
3204,580
3187,1085
2981,1813
2560,2375
1959,2754
1279,2996
701,3103
515,3081
859,2926
1493,2580
2138,1953
2659,1222
3007,652
3178,504
3198,915
3041,1622
2675,2246
2115,2659
1447,2939
831,3077
528,3095
741,2972
1334,2693
1998,2136
2550,1416
2943,776
3161,493
3223,773
3118,1436
2804,2111
2285,2570
1634,2885
979,3060
572,3108
656,3021
1187,2784
1845,2284
2432,1578
2862,884
3119,488
3213,635
3148,1240
2890,1948
2421,2462
1779,2802
1124,3012
632,3103
580,3045
1022,2859
1675,2436
2291,1773
2768,1059
3075,561
3208,562
3190,1075
2978,1797
2556,2367
1959,2741
1278,2983
706,3097
527,3070
871,2911
1502,2564
2142,1928
2665,1190
3004,621
3181,491
3197,909
3039,1621
2673,2247
2106,2660
1436,2933
814,3075
509,3088
730,2961
1329,2687
1989,2120
2549,1401
2942,774
3160,508
3220,800
3111,1465
2793,2131
2272,2586
1612,2893
956,3067
549,3110
637,3018
1176,2783
1838,2284
2432,1574
2863,889
3118,507
3213,663
3147,1270
2886,1973
2415,2476
1783,2823
1115,3021
628,3099
582,3047
1031,2853
1691,2436
2302,1765
2778,1043
3077,568
3213,576
3195,1092
2977,1809
2557,2374
1961,2747
1289,2989
731,3100
559,3074
903,2915
1536,2562
2166,1928
2675,1197
3012,625
3182,494
3202,908
3037,1619
2666,2241
2103,2651
1437,2926
828,3070
537,3088
765,2965
1361,2688
2010,2113
2564,1385
2947,742
3162,477
3215,766
3104,1443
2785,2122
2260,2585
1604,2885
953,3061
542,3097
645,3007
1185,2768
1838,2258
2428,1551
2859,876
3107,495
3197,654
3131,1266
2865,1971
2397,2476
1762,2813
1094,3025
594,3092
546,3042
1001,2849
1663,2430
2287,1760
2769,1052
3069,569
3207,587
3182,1105
2968,1827
2536,2388
1931,2757
1252,2995
683,3106
521,3077
881,2917
1518,2562
2156,1929
2671,1202
3011,640
3178,517
3193,941
3033,1651
2660,2266
2094,2668
1430,2936
811,3081
526,3094
756,2971
1354,2682
2010,2112
2565,1393
2952,749
3163,494
3224,797
3112,1466
2791,2136
2270,2593
1611,2897
966,3066
566,3104
671,3007
1205,2772
1863,2267
2445,1559
2871,874
3126,494
3214,659
3145,1266
2881,1967
2407,2470
1781,2810
1110,3018
619,3103
585,3038
1049,2844
1698,2422
2315,1746
2788,1029
3080,539
3210,562
3182,1090
2965,1812
2540,2385
1937,2751
1266,2990
709,3095
547,3068
899,2904
1528,2550
2163,1913
2670,1183
3006,621
3180,500
3191,930
3033,1643
2660,2261
2091,2665
1421,2937
803,3076
509,3088
739,2958
1339,2676
1998,2101
2549,1379
2945,750
3160,501
3218,816
3101,1488
2777,2153
2250,2602
1591,2901
931,3067
538,3110
654,3012
1201,2772
1861,2270
2441,1556
2869,878
3117,499
3209,666
3137,1286
2874,1982
2394,2486
1765,2823
1091,3026
613,3108
588,3049
1046,2856
1703,2422
2313,1748
2786,1031
3084,549
3210,580
3186,1118
2971,1837
2542,2392
1941,2761
1270,2991
714,3098
554,3071
914,2907
1547,2554
2174,1919
2681,1197
3020,627
3187,501
3201,926
3031,1633
2656,2249
2090,2661
1423,2927
813,3080
532,3082
769,2959
1377,2668
2032,2091
2573,1373
2959,735
3165,484
3212,798
3090,1468
2768,2139
2243,2586
1589,2884
939,3058
554,3097
657,2999
1204,2761
1858,2246
2444,1539
2866,850
3113,486
3204,662
3130,1277
2861,1991
2375,2488
1744,2824
1074,3026
582,3098
565,3038
1031,2835
1687,2401
2306,1724
2779,1013
3073,546
3204,598
3176,1133
2957,1845
2529,2411
1921,2764
1247,3004
685,3105
532,3078
894,2912
1530,2551
2167,1910
2680,1188
3015,629
3181,515
3199,955
3031,1663
2647,2270
2080,2677
1402,2938
796,3081
522,3089
767,2961
1372,2669
2026,2092
2576,1361
2956,734
3165,488
3219,806
3100,1488
2777,2151
2253,2602
1595,2902
950,3065
566,3101
678,3002
1222,2762
1879,2253
2455,1532
2878,857
3128,493
3213,672
3139,1291
2867,1993
2388,2486
1747,2819
1078,3022
601,3099
583,3036
1058,2836
1712,2402
2325,1724
2797,993
3081,542
3209,579
3178,1113
2958,1841
2521,2392
1915,2758
1236,2997
683,3096
535,3065
907,2901
1546,2531
2182,1893
2685,1163
3018,599
3184,502
3190,944
3016,1667
2636,2280
2065,2680
1385,2942
778,3080
504,3084
752,2951
1361,2660
2017,2077
2573,1354
2957,732
3163,497
3214,826
3093,1503
2761,2163
2232,2610
1572,2908
922,3077
536,3108
658,3011
1214,2764
1876,2243
2456,1535
2881,863
3125,504
3207,696
3136,1313
2858,2011
2374,2501
1737,2831
1072,3033
594,3100
587,3042
1065,2838
1719,2402
2331,1725
2803,1005
3092,546
3213,596
3185,1137
2961,1855
2524,2403
1919,2763
1245,3005
699,3100
558,3068
930,2903
1568,2539
2199,1897
2702,1165
3029,608
3194,508
3203,951
3027,1665
2645,2269
2071,2676
1400,2939
797,3079
534,3074
789,2950
1396,2656
2047,2067
2589,1339
2966,717
3167,478
3218,818
3095,1494
2765,2159
2235,2601
1579,2905
931,3062
550,3094
677,2996
1225,2752
1882,2225
2460,1514
2882,837
3126,475
3210,675
3133,1301
2858,2003
2371,2483
1732,2830
1062,3031
588,3100
572,3035
1053,2831
1709,2389
2326,1705
2794,1003
3081,548
3207,606
3173,1152
2948,1871
2504,2415
1894,2779
1226,3011
677,3110
536,3077
914,2904
1555,2540
2192,1898
2692,1169
3026,623
3190,526
3195,973
3023,1685
2637,2288
2061,2688
1389,2951
784,3085
521,3084
786,2952
1392,2656
2045,2065
2602,1341
2966,726
3172,502
3216,832
3092,1510
2751,2166
2229,2606
1573,2902
930,3063
562,3098
696,3002
1246,2756
1897,2238
2475,1527
2892,849
3135,488
3213,681
3135,1296
2856,2010
2364,2493
1728,2827
1067,3026
604,3095
609,3030
1086,2825
1739,2379
2343,1698
2804,986
3085,535
3204,593
3167,1141
2940,1865
2503,2406
1896,2766
1226,2998
679,3097
546,3063
921,2896
1559,2516
2189,1870
2692,1140
3023,594
3181,507
3187,959
3013,1678
2623,2285
2045,2686
1367,2953
757,3083
495,3078
768,2945
1385,2640
2039,2047
2585,1325
2959,720
3162,505
3209,846
3083,1531
2750,2183
2214,2621
1552,2910
904,3069
531,3097
668,3006
1224,2758
1885,2233
2466,1515
2884,839
3126,493
3212,700
3131,1333
2852,2028
2359,2512
1717,2839
1055,3041
588,3101
588,3034
1080,2826
1736,2381
2345,1697
2805,991
3092,539
3213,602
3176,1153
2950,1871
2512,2417
1907,2777
1230,3006
686,3103
558,3064
937,2894
1579,2531
2214,1887
2713,1158
3039,601
3194,508
3198,963
3020,1681
2628,2287
2052,2683
1383,2940
784,3078
534,3091
804,2941
1414,2638
2057,2045
2605,1319
2972,708
3171,487
3216,844
3083,1513
2746,2163
2211,2605
1555,2903
913,3068
548,3099
687,2994
1245,2740
1900,2208
2476,1495
2893,830
3129,482
3209,690
3127,1322
2842,2022
2351,2513
1710,2837
1043,3036
568,3099
580,3031
1068,2825
1730,2368
2338,1680
2802,977
3090,537
3206,614
3169,1176
2940,1891
2493,2429
1882,2784
1205,3014
669,3114
545,3074
936,2901
1578,2525
2201,1876
2706,1149
3035,613
3190,531
3194,988
3013,1709
2625,2304
2043,2697
1364,2959
768,3088
519,3085
796,2947
1415,2645
2062,2052
2607,1319
2977,701
3175,494
3218,845
3088,1533
2749,2178
2216,2616
1555,2911
909,3071
548,3103
701,2999
1262,2748
1919,2219
2491,1509
2905,835
3138,487
3217,703
3132,1331
2846,2011
2360,2505
1722,2834
1053,3028
593,3092
610,3022
1096,2816
1750,2364
2359,1682
2812,966
3093,517
3210,590
3166,1161
2940,1884
2498,2419
1885,2775
1213,3006
673,3102
551,3062
948,2876
1582,2503
2209,1849
2711,1122
3032,590
3184,525
3185,989
2998,1701
2614,2291
2033,2693
1360,2955
752,3088
504,3079
782,2940
1401,2630
2054,2033
2596,1310
2969,704
3172,500
3209,853
3079,1544
2738,2196
2198,2633
1524,2922
881,3084
519,3106
682,2999
1251,2748
1906,2214
2480,1501
2897,825
3134,493
3211,729
3124,1362
2835,2047
2342,2521
1698,2845
1024,3038
574,3104
599,3032
1092,2820
1749,2367
2358,1678
2820,971
3098,530
3214,614
3173,1175
2939,1891
2495,2422
1878,2783
1202,3012
668,3104
567,3064
964,2888
1600,2514
2228,1864
2723,1136
3045,605
3197,526
3194,993
3013,1706
2619,2296
2039,2692
1365,2949
768,3080
529,3074
817,2935
1430,2631
2077,2026
2615,1292
2984,679
3177,482
3212,843
3078,1536
2736,2182
2199,2618
1533,2909
893,3067
546,3095
705,2990
1266,2731
1919,2192
2489,1471
2903,800
3137,478
3207,708
3121,1345
2833,2037
2339,2517
1688,2847
1015,3039
561,3099
588,3028
1087,2812
1749,2354
2355,1661
2815,951
3096,520
3209,621
3165,1196
2933,1905
2486,2438
1861,2799
1185,3021
650,3112
557,3070
950,2891
1586,2511
2218,1858
2717,1127
3043,599
3191,543
3190,1019
3008,1728
2612,2314
2028,2709
1351,2967
756,3091
520,3080
812,2939
1425,2629
2079,2031
2619,1297
2986,690
3178,499
3213,863
3080,1553
2737,2192
2196,2622
1528,2918
896,3076
548,3101
713,2993
1280,2740
1931,2204
2502,1485
2915,812
3147,488
3218,715
3127,1356
2822,2039
2344,2519
1695,2849
1024,3037
582,3092
624,3019
1119,2809
1773,2348
2377,1649
2832,948
3105,520
3214,610
3164,1183
2927,1894
2478,2428
1857,2786
1183,3011
658,3101
564,3055
965,2877
1602,2489
2228,1824
2724,1101
3043,576
3191,526
3186,1006
3001,1721
2600,2313
2013,2708
1330,2966
738,3088
510,3073
801,2933
1418,2619
2073,2011
2612,1283
2976,677
3175,505
3207,874
3069,1568
2723,2207
2173,2637
1504,2923
865,3086
524,3106
683,2999
1268,2743
1930,2199
2500,1478
2916,809
3143,496
3211,744
3119,1379
2826,2063
2325,2534
1676,2859
1014,3047
574,3102
614,3022
1118,2809
1778,2346
2378,1657
2827,953
3106,530
3212,629
3169,1205
2931,1910
2478,2439
1856,2796
1182,3019
658,3106
569,3058
975,2884
1616,2495
2241,1840
2739,1102
3055,582
3201,541
3194,1024
3005,1733
2599,2312
2015,2703
1342,2950
757,3081
539,3072
837,2923
1448,2610
2094,2001
2632,1268
2990,667
3177,490
3207,864
3066,1555
2721,2196
2176,2630
1506,2922
870,3077
533,3098
712,2983
1281,2722
1930,2168
2505,1442
2910,780
3140,476
3206,731
3114,1372
2820,2058
2320,2530
1670,2856
999,3045
557,3096
601,3017
1100,2804
1762,2333
2364,1635
2824,931
3105,513
3207,627
3162,1213
2920,1925
2467,2447
1841,2804
1160,3027
636,3108
552,3063
970,2884
1611,2498
2241,1838
2734,1102
3053,599
3197,550
3187,1038
2996,1752
2592,2327
2002,2716
1325,2970
735,3094
522,3078
826,2934
1446,2613
2101,2003
2630,1276
2993,678
3184,504
3211,882
3070,1570
2724,2207
2176,2639
1508,2923
873,3079
545,3099
723,2986
1297,2726
1951,2177
2520,1459
2923,797
3147,484
3222,736
3126,1375
2821,2059
2325,2532
1672,2853
1009,3040
580,3090
629,3011
1136,2797
1793,2328
2390,1629
2838,925
3109,509
3216,626
3163,1203
2916,1914
2461,2441
1839,2796
1164,3019
646,3095
565,3058
980,2878
1622,2476
2238,1804
2738,1075
3051,566
3196,537
3180,1028
2989,1752
2587,2333
1995,2723
1318,2973
721,3089
509,3074
817,2926
1441,2604
2090,1987
2628,1255
2989,665
3173,500
3205,899
3064,1593
2708,2230
2157,2654
1484,2938
843,3088
516,3107
707,2987
1285,2729
1948,2179
2520,1455
2922,798
3147,501
3215,761
3120,1406
2819,2081
2315,2549
1659,2863
994,3050
567,3094
620,3022
1128,2799
1791,2326
2395,1628
2841,929
3115,524
3214,643
3167,1216
2918,1922
2464,2449
1845,2803
1167,3024
650,3105
583,3058
994,2875
1637,2478
2266,1813
2754,1094
3063,584
3211,553
3195,1040
2999,1749
2592,2327
2005,2720
1329,2965
749,3083
546,3070
852,2921
1469,2597
2117,1980
2646,1244
3000,655
3181,489
3210,885
3063,1594
2707,2221
2153,2642
1479,2926
858,3077
536,3094
724,2980
1307,2714
1962,2154
2523,1423
2921,765
3144,465
3196,732
3110,1393
2811,2076
2297,2553
1642,2863
986,3049
551,3094
608,3011
1124,2800
1786,2310
2394,1613
2841,910
3107,516
3205,638
3154,1229
2910,1944
2444,2474
1817,2812
1133,3031
624,3112
546,3070
972,2873
1627,2473
2263,1816
2746,1095
3054,593
3200,571
3191,1056
2991,1772
2583,2346
1985,2730
1300,2975
725,3089
528,3078
847,2927
1469,2594
2121,1979
2653,1236
3002,667
3183,501
3214,895
3061,1596
2706,2228
2150,2651
1485,2931
859,3078
546,3099
746,3012
1322,2715
1978,2162
2544,1434
2936,788
3152,502
3218,752
3120,1407
2819,2083
2305,2543
1661,2860
1010,3038
585,3096
637,3011
1152,2788
1813,2300
2408,1600
2849,908
3114,515
3216,633
3162,1228
2912,1938
2444,2459
1815,2806
1149,3013
646,3104
565,3052
991,2863
1653,2455
2275,1785
2748,1056
3056,564
3199,539
3183,1042
2988,1767
2575,2346
1979,2727
1299,2972
722,3090
518,3076
840,2925
1478,2586
2121,1956
2645,1229
2996,652
3180,492
3205,908
3059,1607
2694,2243
2139,2664
1467,2945
840,3090
525,3108
720,2988
1316,2713
1974,2153
2537,1445
2929,791
3150,500
3219,774
3117,1418
2807,2107
2293,2564
1642,2878
982,3054
559,3102
634,3018
1158,2789
1821,2306
2418,1605
2857,924
3119,526
3225,644
3167,1232
2908,1938
2442,2464
1824,2809
1152,3025
642,3105
578,3059
1019,2868
1669,2465
2286,1803
2764,1072
3072,577
3208,562
3193,1057
2990,1774
2577,2340
1987,2722
1316,2968
743,3084
550,3069
877,2915
1499,2580
2140,1954
2657,1226
3010,648
3184,494
3208,891
3059,1604
2696,2231
2137,2649
1471,2930
845,3079
534,3092
743,2972
1328,2698
1983,2133
2538,1409
2929,751
3152,464
3210,742
3106,1412
2797,2105
2286,2557
1640,2868
975,3047
551,3099
626,3012
1152,2788
1812,2284
2405,1591
2845,895
3107,500
3215,639
3151,1247
2896,1960
2433,2478
1803,2821
1131,3032
618,3115
556,3062
997,2875
1650,2458
2274,1796
2756,1082
3064,586
3202,569
3185,1077
2986,1796
2566,2356
1976,2736
1300,2983
724,3094
536,3081
860,2923
1491,2584
2134,1959
2656,1239
3005,661
3185,514
3211,915
3060,1616
2692,2248
2139,2657
1474,2934
845,3089
541,3098
748,2976
1330,2702
1987,2140
2542,1422
2937,778
3155,495
3217,764
3113,1422
2806,2100
2291,2555
1639,2864
990,3042
571,3092
647,3002
1170,2782
1834,2284
2424,1587
2858,897
3119,498
3219,636
3156,1238
2895,1952
2430,2465
1799,2805
1129,3021
631,3102
574,3047
1020,2861
1669,2444
2282,1773
2760,1043
3061,556
3203,545
3181,1059
2975,1779
2560,2347
1966,2732
1286,2980
705,3092
522,3078
854,2919
1487,2576
2130,1944
2651,1218
3001,638
3175,495
3200,912
3047,1625
2678,2254
2122,2670
1455,2943
818,3089
512,3101
728,2981
1316,2707
1980,2151
2545,1425
2935,784
3156,497
3217,782
3108,1445
2797,2110
2276,2569
1619,2877
963,3057
553,3104
630,3015
1179,2780
1834,2290
2430,1582
2863,889
3118,515
3220,662
3158,1264
2895,1969
2432,2474
1804,2819
1133,3030
637,3107
585,3053
1025,2857
1677,2453
2293,1787
2772,1062
3076,577
3210,573
3193,1089
2984,1796
2566,2354
1971,2731
1297,2969
725,3085
545,3065
881,2910
1511,2570
2154,1941
2670,1209
3018,635
3189,490
3208,921
3051,1623
2683,2247
2123,2662
1455,2928
836,3080
540,3092
760,2963
1346,2682
1999,2118
2552,1391
2939,738
3153,468
3209,760
3096,1429
2785,2112
2269,2569
1614,2876
959,3053
550,3098
633,3010
1168,2777
1827,2273
2420,1563
2857,870
3116,492
3210,658
3149,1269
2887,1980
2410,2488
1782,2821
1110,3036
607,3115
555,3058
1005,2864
1671,2443
2285,1775
2771,1061
3072,577
3203,587
3187,1101
2976,1816
2548,2376
1950,2749
1263,2991
695,3099
525,3074
873,2914
1510,2568
2154,1939
2673,1209
3024,642
3191,517
3211,935
3050,1640
2675,2256
2116,2664
1448,2941
831,3087
533,3094
762,2972
1357,2694
2011,2124
2568,1399
2955,765
3166,495
3227,789
3115,1450
2797,2111
2277,2565
1621,2875
970,3047
568,3092
662,3005
1200,2771
1856,2270
2443,1559
2872,870
3126,487
3217,650
3152,1258
2888,1972
2414,2480
1784,2821
1115,3027
627,3101
589,3047
1039,2853
1691,2420
2306,1742
2776,1022
3074,538
3203,554
3174,1088
2969,1807
2545,2375
1941,2745
1271,2986
696,3099
526,3071
873,2907
1509,2556
2155,1918
2670,1192
3010,626
3186,502
3202,933
3039,1643
2665,2268
2098,2686
1422,2957
799,3096
506,3104
741,2978
1347,2691
2003,2126
2563,1400
2950,765
3160,503
3217,801
3106,1471
2785,2136
2263,2584
1608,2889
959,3058
561,3102
652,3013
1191,2776
1850,2267
2440,1557
2875,870
3130,502
3224,685
3157,1287
2890,1987
2413,2486
1784,2821
1116,3030
622,3110
589,3048
1038,2852
1695,2429
2314,1754
2786,1048
3082,573
3212,587
3189,1104
2977,1817
2549,2374
1945,2764
1271,2979
710,3088
546,3063
902,2902
1537,2553
2177,1916
2687,1181
3022,617
3191,500
3206,933
3037,1646
2663,2261
2106,2668
1426,2941
819,3083
535,3093
770,2969
1372,2678
2021,2094
2569,1361
2953,726
3159,476
3210,780
3097,1454
2770,2129
2249,2576
1592,2886
937,3058
540,3096
645,3003
1189,2764
1852,2254
2441,1544
2867,867
3120,493
3215,666
3142,1284
2876,1995
2399,2504
1757,2836
1086,3041
593,3112
571,3055
1042,2858
1691,2431
2313,1760
2784,1046
3078,553
3209,593
3180,1128
2964,1845
2535,2395
1932,2762
1255,2992
698,3097
538,3070
894,2910
1533,2546
2173,1909
2686,1184
3025,633
3193,535
3208,960
3041,1663
2664,2270
2101,2676
1429,2949
819,3089
538,3093
779,2965
1380,2676
2035,2096
2582,1380
2963,755
3168,502
3220,803
3107,1473
2783,2134
2253,2583
1596,2883
955,3051
574,3090
683,2997
1224,2760
1875,2244
2458,1532
2880,845
3128,475
3217,662
3146,1288
2876,1993
2396,2493
1763,2826
1097,3030
620,3104
594,3043
1056,2845
1708,2405
2324,1717
2785,1004
3076,544
3200,577
3172,1111
2955,1827
2526,2385
1919,2753
1243,2990
682,3094
519,3063
880,2897
1521,2537
2166,1897
2678,1169
3015,615
3181,503
3194,943
3026,1663
2646,2282
2074,2692
1399,2959
788,3093
520,3096
767,2973
1369,2681
2026,2102
2578,1381
2955,756
3160,503
3210,820
3087,1497
2761,2154
2234,2597
1570,2893
919,3062
538,3102
653,3007
1204,2766
1867,2248
2457,1535
2883,857
3128,500
3217,690
3147,1303
2873,2001
2391,2500
1755,2832
1092,3033
613,3104
592,3044
1063,2842
1721,2411
2333,1732
2799,1025
3089,562
3218,588
3187,1120
2967,1836
2533,2387
1932,2757
1256,2989
706,3089
556,3059
919,2897
1555,2531
2189,1888
2694,1163
3025,605
3191,501
3218,949
3031,1668
2651,2277
2081,2679
1409,2937
808,3082
535,3088
784,2958
1389,2661
2038,2067
2585,1338
2959,715
3163,474
3213,803
3085,1484
2757,2148
2226,2594
1566,2891
919,3062
536,3094
660,2998
1209,2753
1872,2225
2455,1512
2876,838
3123,482
3211,677
3136,1304
2857,2009
2371,2511
1735,2842
1060,3043
580,3112
568,3050
1051,2847
1715,2410
2328,1729
2803,1025
3088,563
3212,605
3180,1146
2953,1866
2520,2411
1911,2772
1233,2999
679,3098
530,3065
907,2900
1551,2536
2188,1895
2697,1170
3031,618
3197,529
3207,978
3035,1686
2652,2288
2078,2688
1409,2952
804,3087
537,3092
800,2959
1400,2663
2054,2073
2594,1350
2968,735
3176,502
3220,827
3100,1502
2766,2153
2242,2598
1585,2893
944,3060
569,3094
690,2990
1243,2749
1895,2224
2468,1508
2894,832
3133,478
3217,674
3139,1333
2861,2012
2376,2504
1735,2836
1071,3034
602,3102
596,3038
1076,2833
1730,2391
2341,1701
2802,989
3089,530
3208,575
3173,1120
2954,1844
2509,2397
1896,2765
1215,2997
671,3096
532,3061
911,2886
1552,2523
2190,1878
2698,1149
3025,607
3188,515
3193,966
3019,1680
2631,2292
2060,2697
1382,2962
771,3098
514,3099
773,2965
1382,2664
2041,2079
2586,1348
2965,742
3168,512
3215,844
3091,1519
2754,2171
2221,2611
1559,2905
915,3067
535,3099
673,3002
1234,2751
1891,2222
2476,1513
2892,845
3124,494
3219,700
3143,1334
2860,2025
2370,2514
1734,2841
1064,3042
598,3104
604,3037
1084,2833
1743,2392
2354,1703
2810,999
3102,546
3218,604
3186,1153
2956,1869
2517,2406
1908,2765
1237,2994
701,3091
566,3065
940,2887
1576,2513
2204,1861
2708,1137
3035,592
3193,509
3197,964
3020,1683
2634,2289
2061,2692
1389,2954
786,3080
533,3085
798,2949
1405,2645
2058,2053
2590,1326
2966,698
3163,477
3207,810
3077,1499
2744,2160
2210,2609
1545,2904
904,3062
535,3094
673,2989
1229,2740
1893,2209
2472,1493
2896,839
3127,472
3216,693
3129,1332
2846,2029
2351,2515
1698,2847
1036,3046
567,3115
575,3047
1062,2838
1736,2385
2343,1698
2812,998
3096,558
3218,628
3177,1173
2950,1883
2501,2421
1888,2781
1207,3009
663,3103
536,3067
926,2894
1580,2513
2214,1865
2718,1141
3045,607
3200,528
3214,992
3030,1711
2637,2306
2062,2695
1383,2965
782,3088
534,3086
815,2947
1430,2650
2080,2055
2617,1332
2985,717
3180,499
3226,845
3094,1534
2758,2178
2220,2609
1563,2910
928,3065
571,3088
715,2986
1271,2736
1922,2202
2500,1491
2910,811
3145,473
3221,693
3137,1333
2848,2031
2357,2519
1719,2845
1048,3043
598,3101
615,3032
1108,2823
1767,2369
2365,1676
2822,968
3100,521
3217,587
3170,1144
2933,1873
2490,2416
1876,2778
1194,3002
653,3098
542,3060
939,2885
1582,2503
2218,1846
2712,1112
3036,574
3194,516
3198,992
3011,1719
2611,2313
2035,2708
1359,2969
755,3100
512,3082
794,2959
1419,2644
2060,2049
2610,1327
2979,722
3174,518
3214,866
3084,1545
2739,2196
2199,2625
1535,2914
891,3073
534,3093
687,2993
1254,2737
1920,2202
2494,1495
2913,822
3147,491
3220,726
3134,1365
2846,2052
2350,2527
1709,2854
1047,3049
599,3108
618,3031
1114,2823
1765,2367
2373,1684
2825,985
3105,551
3216,626
3180,1176
2945,1891
2498,2427
1884,2780
1212,3010
680,3101
573,3053
963,2877
1604,2498
2231,1838
2726,1114
3051,581
3200,516
3199,991
3011,1715
2618,2312
2033,2706
1363,2953
771,3088
544,3084
829,2949
1432,2638
2088,2027
2621,1301
2982,688
3173,487
3209,841
3069,1523
2728,2181
2185,2615
1519,2910
880,3067
540,3096
692,2983
1260,2725
1924,2185
2492,1471
2901,803
3139,470
3210,694
3129,1359
2830,2049
2336,2534
1689,2850
1026,3048
577,3108
603,3038
1100,2830
1759,2361
2369,1679
2825,980
3105,544
3213,642
3171,1199
2925,1914
2475,2439
1865,2786
1186,3009
647,3100
540,3062
949,2883
1596,2497
2228,1839
2728,1123
3046,599
3196,543
3197,1014
3009,1732
2615,2320
2026,2705
1360,2969
770,3093
544,3083
831,2941
1451,2631
2096,2040
2628,1307
2992,698
3181,497
3221,854
3081,1555
2733,2197
2190,2622
1530,2909
899,3061
554,3087
718,2978
1276,2723
1935,2176
2502,1452
2908,785
3143,475
3216,718
3122,1348
2835,2047
2338,2534
1697,2843
1038,3039
589,3104
622,3034
1119,2807
1777,2338
2374,1657
2824,952
3095,517
3207,606
3162,1177
2919,1893
2464,2427
1849,2777
1172,3006
645,3097
538,3055
948,2877
1593,2483
2227,1830
2713,1099
3034,572
3185,524
3181,1007
2991,1731
2589,2320
2008,2738
1329,2973
738,3101
506,3093
810,2948
1433,2637
2081,2021
2621,1300
2977,713
3172,524
3212,876
3068,1571
2717,2206
2175,2636
1506,2921
866,3071
526,3097
696,2986
1269,2729
1933,2182
2507,1463
2913,806
3149,486
3214,728
3126,1379
2834,2069
2329,2541
1683,2860
1027,3039
586,3104
626,3031
1129,2813
1785,2357
2389,1661
2838,964
3105,542
3219,636
3173,1206
2931,1909
2480,2438
1864,2783
1192,3009
671,3094
567,3051
976,2871
1620,2475
2246,1816
2739,1090
3053,570
3199,522
3190,1007
2998,1737
2598,2323
2015,2713
1343,2957
762,3085
549,3078
844,2937
1461,2619
2105,2009
2629,1278
2990,671
3176,484
3207,856
3064,1548
2711,2195
2163,2629
1495,2918
861,3073
518,3101
701,2978
1275,2703
1936,2164
2507,1442
2909,781
3139,476
3200,719
3114,1375
2814,2068
2309,2535
1661,2859
1001,3047
557,3109
595,3034
1115,2818
1774,2347
2378,1650
2834,955
3106,544
3215,650
3168,1223
2921,1933
2463,2449
1839,2801
1164,3020
636,3106
545,3062
963,2878
1615,2482
2238,1820
2733,1101
3049,588
3199,549
3191,1029
3003,1747
2600,2339
2012,2720
1334,2976
743,3098
534,3081
844,2934
1465,2615
2110,2011
2639,1285
2997,688
3181,510
3216,878
3075,1574
2722,2213
2181,2635
1523,2918
898,3065
568,3094
743,2981
1306,2709
1952,2160
2521,1440
2923,778
3143,464
3214,717
3118,1368
2817,2067
2312,2540
1664,2855
1005,3043
580,3097
636,3022
1145,2805
1799,2330
2393,1632
2837,934
3105,516
3209,624
3153,1195
2907,1912
2448,2435
1829,2790
1162,3010
630,3097
544,3053
963,2870
1612,2465
2245,1804
2731,1081
3043,563
3188,534
3179,1021
2986,1749
2569,2333
1987,2725
1304,2977
716,3097
504,3086
818,2947
1447,2621
2098,2010
2627,1284
2989,694
3175,520
3206,900
3063,1597
2708,2226
2155,2646
1486,2925
849,3077
518,3099
702,2984
1283,2719
1948,2164
2517,1443
2918,786
3144,483
3212,744
3114,1398
2817,2084
2309,2553
1659,2873
999,3047
570,3102
623,3023
1141,2801
1796,2330
2401,1636
2844,938
3114,535
3218,640
3169,1223
2920,1934
2462,2452
1841,2795
1170,3014
653,3099
571,3047
991,2863
1640,2464
2265,1794
2752,1068
3061,560
3205,530
3192,1030
2997,1752
2587,2333
1999,2720
1324,2971
741,3098
540,3081
854,2928
1476,2601
2126,1987
2650,1254
3003,667
3183,499
3216,881
3065,1578
2708,2214
2157,2637
1491,2924
861,3075
535,3093
722,2976
1301,2706
1952,2142
2518,1422
2919,770
3134,475
3208,734
3108,1397
2809,2085
2291,2558
1643,2865
979,3053
552,3107
615,3020
1133,2804
1793,2325
2395,1632
2843,946
3109,541
3216,662
3162,1247
2904,1949
2439,2465
1815,2808
1138,3021
627,3107
555,3057
988,2868
1639,2461
2268,1798
2750,1075
3058,571
3203,550
3189,1052
2986,1775
2574,2352
1981,2731
1312,2977
729,3093
532,3076
858,2929
1480,2601
2129,1990
2654,1260
3006,679
3191,514
3214,900
3068,1599
2709,2228
2157,2647
1495,2924
871,3078
552,3092
745,2973
1327,2700
1982,2137
2541,1411
2935,758
3155,465
3215,733
3113,1392
2807,2080
2296,2550
1649,2865
994,3050
577,3104
647,3021
1165,2793
1821,2311
2414,1610
2850,916
3114,506
3214,634
3158,1232
2903,1939
2436,2457
1812,2801
1136,3009
633,3095
562,3050
996,2858
1642,2441
2263,1779
2748,1053
3054,553
3194,544
3180,1051
2977,1775
2562,2355
1968,2734
1291,2981
708,3097
516,3081
838,2932
1469,2595
2122,1980
2649,1257
3002,683
3181,524
3208,922
3049,1623
2691,2247
2131,2664
1458,2936
831,3080
520,3096
725,2973
1314,2703
1974,2145
2535,1415
2927,767
3150,478
3213,758
3110,1422
2801,2103
2286,2567
1643,2875
989,3051
568,3104
642,3021
1164,2793
1828,2309
2416,1610
2855,920
3117,520
3221,654
3162,1246
2910,1958
2448,2469
1822,2809
1155,3022
651,3099
585,3045
1014,2851
1663,2443
2282,1769
2760,1049
3065,549
3202,542
3185,1051
2981,1777
2561,2348
1967,2729
1296,2974
729,3090
540,3073
875,2924
1505,2585
2146,1959
2665,1231
3009,650
3185,497
3205,896
3050,1602
2683,2229
2121,2647
1458,2927
838,3076
527,3092
743,2971
1325,2690
1978,2125
2535,1397
2927,749
3149,466
3204,753
3096,1417
2784,2103
2267,2565
1611,2874
954,3056
536,3106
618,3023
1149,2796
1812,2306
2410,1605
2848,921
3114,526
3213,675
3156,1269
2898,1977
2428,2483
1799,2818
1124,3028
615,3107
558,3054
1004,2863
1658,2444
2279,1778
2759,1061
3066,566
3203,562
3180,1074
2977,1794
2557,2368
1961,2741
1286,2984
713,3095
529,3076
869,2921
1506,2583
2147,1962
2669,1237
3016,662
3192,514
3213,919
3058,1628
2692,2249
2138,2659
1474,2934
860,3081
558,3090
767,2966
1349,2685
1996,2114
2550,1388
2940,740
3154,465
3211,755
3107,1426
2791,2103
2278,2567
1629,2872
980,3050
570,3101
651,3013
1179,2779
1839,2285
2430,1583
2865,896
3123,509
3217,654
3156,1250
2891,1958
2421,2467
1791,2807
1117,3018
617,3097
566,3047
1013,2852
1665,2432
2285,1755
2760,1030
3060,543
3196,550
3174,1070
2967,1794
2544,2363
1945,2740
1270,2985
697,3097
519,3081
863,2925
1496,2583
2140,1960
2660,1236
3005,667
3184,531
3204,939
3046,1644
2683,2259
2120,2671
1447,2942
819,3086
516,3095
733,2973
1327,2690
1988,2123
2545,1395
2938,752
3154,480
3211,777
3101,1448
2785,2121
2266,2575
1616,2883
961,3055
561,3100
650,2996
1186,2779
1845,2288
2438,1591
2867,907
3124,524
3220,668
3157,1267
2899,1971
2427,2476
1800,2816
1132,3025
637,3102
592,3045
1037,2850
1685,2428
2302,1753
2773,1031
3072,541
3205,547
3180,1066
2970,1791
2546,2357
1950,2737
1279,2980
716,3092
543,3071
888,2914
1522,2569
2160,1941
2673,1210
3016,638
3186,503
3205,915
3047,1621
2675,2249
2115,2659
1445,2932
823,3078
526,3087
748,2962
1340,2677
1993,2100
2548,1374
2937,735
3149,469
3202,769
3089,1443
2772,2120
2254,2577
1596,2883
942,3058
536,3104
631,3016
1169,2781
1832,2285
2427,1585
2865,905
3118,528
3214,688
3147,1289
2882,1994
2407,2494
1777,2828
1098,3034
602,3108
562,3050
1014,2852
1674,2431
2293,1755
2765,1038
3066,556
3200,574
3177,1093
2965,1813
2539,2375
1941,2745
1266,2988
699,3096
529,3071
880,2915
1519,2566
2162,1941
2676,1215
3019,649
3192,520
3210,938
3051,1646
2680,2261
2120,2670
1453,2941
843,3081
552,3093
775,2962
1361,2673
2010,2100
2562,1369
2945,729
3158,464
3213,764
3099,1439
2781,2112
2264,2571
1605,2880
957,3053
561,3098
662,3009
1201,2774
1859,2271
2443,1562
2870,880
3125,499
3219,660
3148,1275
2886,1977
2409,2481
1777,2818
1105,3025
614,3099
576,3045
1029,2847
1683,2419
2300,1735
2774,1015
3068,532
3198,555
3170,1088
2957,1811
2527,2374
1926,2747
1248,2988
680,3096
512,3075
870,2915
1511,2566
2157,1939
2674,1214
3022,654
3189,535
3207,955
3045,1663
2669,2275
2107,2683
1434,2954
814,3087
520,3096
753,2969
1352,2679
2005,2104
2562,1375
2945,740
3162,488
3211,792
3096,1464
2771,2133
2250,2587
1591,2889
941,3063
549,3100
656,3010
1202,2772
1861,2270
2451,1566
2877,886
3131,513
3222,681
3153,1293
2887,1991
2410,2491
1795,2828
1115,3031
630,3104
600,3044
1056,2842
1704,2410
2318,1732
2787,1014
3078,536
3204,558
3180,1089
2963,1813
2534,2373
1932,2745
1258,2986
703,3094
542,3068
902,2909
1537,2553
2174,1917
2684,1190
3023,624
3189,506
3206,937
3040,1651
2663,2266
2098,2672
1427,2941
815,3077
535,3084
768,2959
1373,2664
2013,2081
2567,1352
2945,720
3153,469
3205,781
3087,1462
2765,2131
2240,2585
1582,2889
927,3065
530,3101
636,3010
1187,2773
1853,2266
2441,1560
2871,887
3124,523
3213,703
3144,1313
2873,2010
2393,2506
1757,2835
1078,3030
593,3109
570,3049
1032,2846
1694,2412
2311,1737
2782,1018
3075,550
3202,586
3176,1116
2957,1832
2527,2384
1921,2754
1245,2992
689,3103
536,3073
906,2906
1541,2552
2179,1915
2691,1194
3026,639
3194,541
3207,954
3044,1670
2664,2274
2097,2680
1432,2946
824,3086
547,3090
791,2961
1382,2669
2030,2084
2578,1351
2956,719
3155,469
3212,786
3092,1459
2766,2129
2237,2581
1582,2885
937,3058
555,3098
676,3003
1224,2762
1878,2250
2457,1528
2882,863
3130,495
3219,676
3146,1288
2874,1994
2392,2492
1756,2828
1087,3030
604,3099
587,3038
1051,2837
1704,2398
2317,1714
2787,997
3077,525
3203,561
3172,1107
2952,1836
2516,2391
1915,2761
1232,2991
671,3100
522,3070
891,2907
1530,2546
2174,1910
2686,1192
3026,642
3192,543
3204,983
3037,1689
2656,2292
2087,2695
1416,2958
802,3092
521,3095
761,2962
1369,2667
2024,2081
2576,1354
2956,724
3163,484
3213,810
3093,1492
2764,2153
2236,2597
1580,2896
932,3065
548,3102
668,3003
1218,2764
1878,2249
2461,1544
2885,867
3131,504
3221,698
3148,1316
2875,2010
2393,2506
1758,2833
1095,3035
619,3107
606,3045
1082,2839
1724,2396
2331,1711
2795,991
3085,526
3208,566
3175,1109
2956,1831
2519,2386
1913,2755
1241,2992
689,3094
547,3065
922,2902
1560,2536
2195,1894
2700,1168
3033,619
3195,518
3206,962
3033,1674
2648,2280
2076,2683
1399,2948
790,3082
518,3089
775,2955
1379,2656
2031,2062
2582,1333
2958,708
3162,471
3208,801
3082,1486
2753,2151
2217,2601
1557,2897
910,3061
530,3101
659,3004
1216,2758
1878,2237
2462,1535
2883,870
3131,520
3218,709
3141,1339
2863,2029
2374,2521
1740,2849
1069,3045
590,3111
584,3046
1062,2838
1719,2396
2330,1712
2795,1003
3084,545
3208,591
3173,1134
2947,1853
2508,2402
1900,2764
1222,2999
678,3102
546,3068
924,2899
1569,2533
2203,1892
2709,1172
3036,626
3201,532
3206,976
3032,1692
2648,2292
2076,2689
1407,2955
808,3088
550,3090
807,2955
1407,2656
2051,2058
2592,1326
2968,700
3165,470
3211,801
3085,1491
2749,2151
2221,2596
1566,2892
925,3059
552,3096
686,3000
1233,2750
1893,2226
2470,1512
2890,839
3131,488
3216,692
3136,1318
2857,2015
2374,2509
1735,2838
1066,3033
595,3096
594,3033
1073,2829
1726,2380
2334,1688
2799,973
3081,518
3201,574
3167,1128
2937,1855
2498,2401
1887,2767
1209,2996
659,3099
527,3067
908,2897
1557,2530
2195,1891
2700,1172
3031,635
3193,548
3200,997
3027,1709
2636,2308
2065,2705
1389,2967
779,3097
514,3096
783,2955
1393,2653
2045,2061
2592,1337
2965,720
3166,495
3214,829
3086,1512
2749,2168
2215,2606
1556,2905
914,3067
546,3102
686,3007
1242,2751
1900,2227
2479,1523
2898,856
3141,512
3225,712
3144,1336
2864,2031
2373,2514
1734,2849
1074,3039
615,3106
619,3037
1096,2831
1747,2380
2352,1695
2807,982
3089,524
3208,570
3169,1125
2939,1848
2499,2395
1890,2758
1219,2988
682,3095
558,3063
938,2895
1580,2525
2211,1878
2710,1150
3037,602
3195,524
3201,978
3020,1695
2631,2296
2057,2696
1387,2955
784,3084
524,3081
794,2948
1401,2640
2050,2042
2591,1312
2962,696
3161,475
3204,823
3074,1509
2740,2168
2203,2607
1538,2902
891,3064
520,3098
659,2995
1225,2745
1895,2217
2475,1510
2893,847
3134,514
3217,732
3137,1359
2855,2052
2361,2531
1723,2854
1058,3048
592,3112
596,3040
1078,2832
1733,2376
2343,1692
2803,984
3086,536
3206,604
3165,1161
2934,1874
2493,2417
1880,2774
1206,3006
668,3102
546,3068
936,2891
1582,2516
2217,1873
2713,1150
3042,616
3196,542
3201,997
3022,1712
2633,2305
2060,2700
1390,2960
793,3091
537,3087
810,2949
1422,2642
2066,2040
2605,1308
2972,690
3170,475
3213,820
3078,1511
2741,2165
2202,2602
1541,2898
902,3059
542,3093
697,2997
1258,2739
1917,2205
2492,1491
2902,821
3140,484
3218,702
3133,1340
2848,2033
2354,2518
1711,2844
1048,3038
582,3100
599,3027
1088,2814
1743,2360
2352,1668
2805,957
3088,513
3198,581
3161,1148
2927,1868
2481,2410
1867,2774
1190,3002
648,3099
528,3061
928,2887
1580,2513
2212,1866
2711,1143
3041,617
3196,553
3200,1014
3017,1729
2623,2324
2041,2713
1366,2972
767,3097
521,3091
804,2953
1416,2641
2067,2039
2606,1314
2974,703
3167,490
3209,844
3077,1532
2733,2186
2193,2617
1527,2907
893,3068
540,3100
696,2993
1261,2739
1921,2204
2495,1494
2901,827
3145,495
3222,725
3137,1361
2851,2054
2359,2533
1717,2854
1056,3046
604,3105
621,3034
1115,2822
1766,2361
2369,1669
2820,957
3097,513
3209,592
3168,1154
2937,1877
2484,2416
1870,2777
1193,2999
658,3094
554,3052
953,2885
1598,2504
2228,1850
2721,1127
3043,599
3199,533
3197,1001
3013,1718
2618,2310
2037,2703
1362,2960
766,3086
524,3080
807,2937
1421,2624
2069,2019
2612,1287
2971,680
3163,474
3204,834
3070,1528
2725,2181
2186,2615
1517,2907
879,3063
527,3094
685,2990
1252,2730
1912,2195
2488,1484
2895,828
3135,504
3216,737
3129,1376
2841,2065
2345,2542
1702,2864
1037,3053
582,3111
604,3039
1103,2821
1759,2361
2362,1666
2817,959
3097,526
3206,612
3162,1179
2923,1895
2476,2427
1861,2781
1190,3003
660,3099
555,3057
956,2886
1600,2502
2230,1851
2727,1126
3051,599
3201,538
3200,1009
3014,1726
2616,2319
2039,2711
1367,2968
777,3092
552,3096
835,2945
1446,2627
2089,2023
2622,1294
2981,685
3171,475
3206,832
3070,1535
2729,2176
2186,2617
1529,2900
892,3066
541,3094
704,2986
1275,2730
1929,2192
2498,1473
2905,812
3141,487
3214,719
3125,1359
2834,2054
2334,2535
1692,2852
1030,3045
583,3101
606,3025
1101,2804
1756,2341
2359,1644
2806,938
3088,512
3202,604
3159,1175
2916,1885
2466,2428
1845,2779
1167,3004
634,3097
529,3060
939,2880
1590,2489
2226,1836
2722,1119
3043,603
3197,560
3200,1042
3007,1752
2598,2337
2020,2722
1348,2978
754,3098
525,3091
816,2949
1433,2628
2069,2020
2622,1290
2975,688
3171,493
3207,863
3066,1560
2720,2200
2176,2626
1515,2911
878,3072
532,3095
702,2990
1278,2730
1930,2185
2503,1469
2910,810
3141,495
3212,736
3130,1380
2839,2061
2335,2537
1693,2856
1038,3047
598,3100
631,3029
1126,2814
1779,2348
2381,1653
2825,942
3106,507
3209,601
3157,1176
2923,1895
2467,2423
1848,2781
1179,3003
651,3093
551,3051
964,2871
1618,2484
2242,1826
2732,1099
3050,580
3195,531
3191,1013
2999,1733
2597,2324
2012,2715
1341,2965
748,3088
523,3079
816,2933
1441,2612
2088,1999
2619,1270
2983,669
3174,469
3201,857
3061,1550
2711,2188
2162,2629
1490,2921
851,3071
500,3097
682,2984
1261,2716
1925,2173
2503,1459
2913,811
3153,510
3218,751
3125,1398
2829,2081
2323,2551
1678,2869
1016,3059
572,3113
609,3034
1117,2813
1779,2344
2381,1650
2828,945
3106,522
3217,626
3165,1202
2922,1917
2464,2441
1844,2789
1173,3013
643,3100
560,3057
977,2874
1625,2485
2248,1823
2738,1100
3056,593
3218,552
3200,1039
3007,1760
2603,2336
2021,2720
1343,2971
767,3094
550,3086
849,2941
1467,2615
2112,2002
2639,1268
3000,663
3183,477
3213,856
3069,1560
2716,2197
2165,2625
1503,2912
872,3066
545,3092
722,2978
1296,2715
1953,2167
2521,1446
2924,783
3147,478
3215,736
3123,1391
2824,2070
2319,2546
1672,2861
1012,3050
571,3101
614,3023
1123,2800
1780,2321
2382,1625
2830,918
3099,492
3204,604
3155,1196
2909,1915
2452,2430
1832,2793
1154,3018
627,3099
539,3053
959,2876
1612,2469
2244,1809
2737,1094
3050,595
3196,565
3194,1056
2997,1777
2594,2357
2003,2729
1330,2985
740,3102
526,3090
830,2942
1457,2613
2110,2000
2636,1270
2997,675
3179,501
3208,883
3064,1588
2710,2217
2156,2639
1488,2923
855,3076
532,3095
722,2983
1303,2720
1959,2166
2524,1448
2926,800
3152,499
3221,759
3122,1405
2824,2087
2320,2553
1675,2868
1019,3054
591,3108
644,3026
1153,2803
1806,2327
2402,1630
2844,929
3113,509
3216,616
3161,1201
2915,1914
2452,2436
1831,2790
1162,3010
646,3076
570,3041
991,2866
1642,2465
2263,1804
2752,1082
3056,580
3199,550
3186,1039
2991,1761
2579,2337
1993,2720
1324,2972
738,3094
529,3080
843,2927
1467,2590
2113,1972
2636,1245
2991,652
3171,485
3197,872
3049,1580
2692,2213
2138,2636
1471,2919
838,3075
516,3091
707,2985
1291,2709
1954,2149
2515,1432
2915,789
3145,502
3212,760
3112,1430
2805,2105
2304,2569
1653,2879
993,3059
558,3108
618,3034
1134,2799
1800,2322
2395,1621
2838,930
3106,517
3204,637
3159,1227
2903,1936
2447,2455
1824,2801
1152,3017
639,3099
562,3051
994,2868
1646,2469
2270,1801
2753,1085
3062,582
3205,561
3196,1055
2997,1783
2587,2349
2001,2728
1327,2978
749,3088
546,3082
860,2931
1482,2597
2127,1983
2648,1251
2998,662
3179,495
3208,876
3057,1577
2705,2211
2152,2635
1487,2917
869,3055
544,3087
734,2971
1316,2702
1969,2144
2534,1423
2927,776
3153,483
3215,748
3113,1407
2810,2092
2291,2554
1649,2871
993,3053
564,3101
634,3016
1147,2794
1803,2302
2399,1598
2838,902
3104,497
3215,627
3146,1222
2891,1933
2432,2455
1804,2796
1129,3005
617,3097
544,3070
979,2861
1639,2453
2265,1796
2745,1073
3057,578
3200,566
3185,1071
2984,1794
2569,2363
1974,2749
1295,2993
706,3107
518,3089
842,2935
1477,2597
2119,1986
2645,1248
2997,670
3177,506
3206,905
3057,1600
2692,2232
2137,2646
1472,2929
849,3078
535,3096
735,2979
1317,2704
1975,2150
2539,1421
2931,780
3159,491
3226,769
3119,1423
2815,2107
2304,2569
1654,2872
997,3055
584,3103
649,3022
1163,2794
1821,2309
2409,1612
2849,916
3113,491
3218,634
3158,1222
2903,1933
2441,2448
1823,2794
1151,3016
652,3095
574,3045
1004,2853
1658,2448
2280,1780
2755,1062
3062,564
3201,553
3185,1055
2987,1782
2570,2353
1978,2734
1307,2981
740,3094
536,3073
855,2921
1475,2573
2118,1955
2639,1230
2989,640
3171,493
3194,889
3043,1595
2683,2230
2124,2642
1454,2924
822,3074
500,3090
713,2975
1304,2695
1961,2134
2527,1413
2921,767
3145,494
3211,774
3107,1443
2800,2109
2284,2576
1633,2885
973,3065
551,3108
626,3034
1147,2804
1808,2307
2401,1615
2846,919
3112,517
3208,642
3150,1243
2898,1959
2433,2464
1802,2802
1132,3023
624,3109
562,3049
1003,2861
1658,2452
2278,1787
2761,1070
3068,569
3207,562
3195,1069
2991,1790
2578,2359
1988,2738
1311,2982
739,3100
547,3082
876,2924
1503,2591
2141,1968
2661,1239
3004,656
3184,496
3210,891
3055,1599
2690,2226
2134,2645
1474,2921
850,3071
540,3087
751,2969
1333,2692
1985,2126
2547,1398
2935,764
3153,479
3218,762
3114,1424
2805,2104
2286,2571
1635,2875
977,3054
563,3104
634,3016
1154,2786
1814,2286
2410,1578
2847,882
3109,502
3207,643
3148,1247
2889,1953
2421,2467
1789,2807
1114,3018
602,3099
541,3047
990,2859
1643,2437
2268,1766
2754,1048
3060,565
3202,581
3185,1093
2977,1812
2560,2377
1961,2755
1282,2998
709,3112
520,3095
863,2930
1495,2586
2136,1965
2655,1230
3004,654
3187,512
3205,918
3048,1627
2681,2248
2126,2659
1453,2936
829,3078
530,3092
746,2968
1341,2689
1993,2131
2555,1409
2940,759
3161,489
3218,774
3119,1442
2802,2118
2290,2576
1638,2881
990,3059
580,3105
656,3021
1184,2789
1838,2293
2430,1595
2865,904
3126,507
3218,643
3153,1239
2895,1948
2424,2458
1802,2807
1132,3013
634,3093
593,3044
1029,2851
1675,2431
2294,1760
2769,1043
3070,557
3204,557
3184,1075
2978,1802
2568,2363
1965,2737
1296,2984
726,3090
546,3075
876,2921
1505,2573
2139,1939
2661,1206
2998,630
3175,489
3194,895
3034,1617
2671,2241
2109,2655
1439,2932
816,3079
508,3090
727,2968
1329,2693
1982,2115
2539,1400
2929,755
3147,492
3206,791
3099,1457
2783,2129
2266,2589
1612,2893
957,3062
543,3113
631,3025
1164,2793
1824,2299
2417,1593
2853,902
3110,513
3210,661
3146,1261
2885,1970
2412,2478
1772,2820
1113,3025
616,3103
567,3046
1018,2852
1674,2434
2294,1771
2769,1052
3075,566
3208,572
3194,1089
2985,1802
2564,2368
1967,2746
1293,2989
731,3100
549,3079
887,2919
1515,2575
2154,1949
2671,1221
3014,649
3188,512
3210,916
3051,1622
2683,2239
2124,2649
1461,2929
843,3074
545,3086
762,2962
1349,2685
1999,2109
2555,1382
2943,747
3161,472
3219,777
3105,1444
2789,2118
2273,2575
1619,2882
964,3055
559,3101
648,3009
1180,2777
1835,2271
2422,1560
2854,873
3112,492
3205,651
3140,1252
2877,1962
2408,2475
1775,2810
1100,3019
600,3097
553,3042
1004,2848
1653,2423
2282,1749
2759,1036
3065,556
3200,575
3182,1102
2971,1827
2546,2389
1946,2761
1265,3000
696,3106
515,3084
860,2931
1499,2576
2145,1948
2664,1222
3010,656
3182,521
3196,938
3043,1641
2670,2256
2104,2667
1431,2939
818,3082
526,3095
754,2964
1351,2680
2010,2110
2568,1390
2950,755
3163,490
3221,787
3111,1459
2792,2128
2274,2579
1622,2884
973,3059
578,3106
670,3016
1207,2783
1856,2282
2444,1578
2870,893
3125,507
3220,658
3153,1258
2890,1962
2413,2466
1784,2808
1120,3015
630,3094
596,3037
1046,2843
1697,2419
2312,1743
2783,1032
3077,548
3206,565
3182,1090
2970,1813
2546,2371
1949,2743
1275,2986
715,3097
547,3074
893,2912
1519,2560
2152,1924
2666,1189
3007,619
3179,492
3194,919
3034,1633
2662,2253
2097,2661
1425,2938
803,3077
507,3086
734,2962
1333,2673
1992,2094
2548,1374
2936,741
3151,490
3208,795
3097,1471
2778,2140
2257,2596
1602,2899
943,3071
537,3111
633,3018
1176,2783
1841,2281
2429,1572
2860,893
3119,512
3209,676
3143,1284
2878,1985
2400,2491
1770,2825
1099,3027
612,3100
573,3049
1033,2845
1685,2419
2302,1749
2776,1034
3074,561
3209,575
3187,1104
2975,1825
2548,2381
1952,2755
1274,2993
716,3101
551,3072
900,2915
1532,2564
2168,1934
2681,1208
3021,645
3190,516
3205,932
3043,1644
2670,2251
2103,2660
1440,2933
830,3072
543,3080
772,2955
1357,2669
2016,2088
2568,1364
2951,735
3162,479
3219,788
3096,1461
2776,2130
2254,2581
1598,2886
950,3060
560,3098
662,3008
1202,2769
1858,2258
2440,1542
2863,854
3117,482
3204,654
3136,1270
2867,1977
2390,2482
1754,2817
1079,3024
596,3100
562,3040
1026,2839
1683,2408
2302,1731
2774,1013
3068,542
3200,571
3176,1113
2961,1838
2531,2397
1929,2765
1248,3003
683,3109
521,3083
880,2919
1517,2567
2159,1943
2669,1208
3011,646
3181,528
3198,949
3035,1658
2656,2268
2090,2676
1416,2945
800,3085
514,3092
757,2965
1361,2674
2019,2100
2568,1376
2951,750
3160,493
3212,805
3102,1479
2779,2137
2257,2589
1606,2888
962,3063
568,3103
675,3012
1214,2771
1869,2267
2450,1564
2876,883
3123,506
3220,673
3150,1277
2883,1982
2407,2481
1773,2813
1108,3021
623,3092
597,3035
1057,2834
1708,2402
2321,1722
2788,1007
3078,536
3206,572
3179,1106
2963,1830
2533,2388
1936,2754
1265,2990
709,3096
554,3072
903,2906
1533,2547
2169,1892
2678,1174
3015,615
3182,498
3195,932
3028,1649
2652,2264
2087,2673
1410,2940
793,3079
509,3085
749,2955
1348,2660
2006,2084
2560,1352
2945,725
3149,479
3207,806
3090,1487
2764,2148
2240,2601
1579,2903
933,3071
535,3108
645,3015
1190,2775
1856,2267
2439,1560
2869,882
3119,512
3210,692
3138,1300
2866,2001
2384,2496
1747,2829
1078,3029
595,3104
576,3039
1047,2837
1702,2406
2313,1732
2785,1028
3079,561
3206,589
3178,1124
2957,1837
2527,2390
1921,2757
1249,2994
698,3104
549,3077
908,2909
1547,2553
2183,1917
2691,1191
3026,634
3193,519
3206,947
3034,1656
2654,2266
2090,2672
1419,2943
813,3078
542,3083
777,2948
1384,2651
2032,2064
2577,1335
2956,715
3164,482
3215,812
3097,1491
2769,2151
2242,2592
1586,2887
938,3055
548,3095
667,3000
1210,2757
1873,2241
2454,1532
2880,846
3131,480
3220,672
3142,1290
2866,1998
2381,2493
1739,2826
1057,3032
581,3103
568,3039
1047,2836
1710,2391
2325,1706
2792,989
3081,527
3204,577
3167,1130
2943,1862
2508,2416
1902,2781
1224,3010
672,3110
532,3078
906,2911
1543,2551
2180,1910
2690,1185
3021,628
3192,524
3204,967
3035,1680
2654,2285
2081,2691
1403,2955
786,3092
506,3089
756,2958
1376,2656
2034,2070
2581,1346
2966,729
3177,489
3225,818
3103,1497
2773,2158
2243,2604
1585,2900
938,3068
558,3101
678,3005
1226,2762
1883,2249
2474,1549
2893,879
3145,516
3232,693
3148,1300
2878,1991
2413,2487
1763,2820
1095,3024
621,3095
607,3036
1076,2832
1725,2386
2336,1705
2799,993
3090,534
3212,580
3179,1121
2953,1842
2518,2392
1915,2755
1247,2991
698,3093
560,3069
932,2904
1563,2540
2191,1895
2692,1165
3024,601
3186,505
3193,953
3021,1665
2641,2269
2072,2677
1405,2936
811,3081
530,3093
777,2952
1376,2653
2022,2064
2568,1336
2945,719
3149,493
3187,833
3076,1511
2747,2167
2220,2609
1563,2905
922,3069
544,3107
678,3014
1210,2766
1869,2247
2452,1535
2868,865
3119,512
3206,701
3129,1331
2854,2025
2365,2512
1728,2844
1064,3038
593,3101
594,3038
1074,2828
1729,2383
2334,1699
2795,997
3083,554
3201,612
3165,1162
2939,1869
2501,2409
1895,2767
1220,2998
674,3098
539,3069
922,2900
1562,2530
2197,1887
2702,1167
3041,620
3196,520
3208,978
3032,1688
2643,2282
2072,2679
1391,2943
786,3076
533,3074
800,2939
1412,2635
2063,2041
2601,1315
2975,690
3163,471
3215,817
3084,1505
2752,2163
2219,2603
1564,2898
919,3061
542,3093
674,2996
1239,2745
1896,2219
2473,1503
2898,827
3131,473
3213,681
3117,1314
2852,2013
2364,2506
1724,2834
1053,3029
585,3096
578,3031
1057,2821
1718,2366
2329,1678
2795,982
3081,530
3205,603
3169,1151
2939,1860
2501,2418
1903,2780
1209,3007
660,3110
532,3077
919,2898
1563,2538
2200,1881
2700,1166
3027,622
3187,546
3193,988
3017,1702
2626,2296
2052,2691
1380,2953
783,3082
527,3084
797,2943
1409,2647
2058,2055
2597,1328
2971,714
3164,502
3210,835
3083,1515
2747,2164
2211,2604
1552,2904
910,3077
546,3103
694,3013
1252,2755
1906,2232
2482,1518
2896,841
3134,490
3212,695
3136,1325
2853,2014
2363,2503
1731,2827
1075,3023
616,3091
617,3023
1097,2818
1742,2368
2346,1688
2805,975
3087,520
3209,583
3173,1137
2949,1860
2504,2406
1901,2768
1228,3001
678,3100
542,3064
926,2893
1565,2519
2197,1867
2700,1137
3024,599
3181,517
3184,972
3006,1693
2622,2292
2043,2682
1378,2948
781,3075
522,3069
784,2922
1390,2632
2039,2038
2579,1313
2952,709
3154,487
3200,828
3070,1520
2734,2174
2200,2614
1537,2913
896,3076
532,3109
671,3005
1235,2747
1893,2223
2471,1514
2883,847
3121,509
3201,727
3118,1352
2834,2042
2343,2529
1705,2843
1042,3033
585,3099
602,3022
1081,2820
1736,2362
2343,1683
2802,975
3082,541
3202,611
3163,1165
2935,1880
2491,2417
1875,2776
1200,3004
660,3099
539,3066
934,2897
1580,2523
2211,1870
2711,1142
3030,605
3192,534
3196,991
3014,1703
2626,2297
2051,2691
1375,2948
779,3073
530,3078
800,2939
1414,2629
2060,2029
2601,1294
2970,677
3167,458
3214,815
3084,1515
2751,2173
2208,2615
1545,2903
909,3063
544,3093
685,2991
1245,2740
1903,2203
2480,1494
2895,827
3129,480
3206,697
3123,1332
2838,2027
2347,2510
1706,2834
1038,3029
573,3092
582,3021
1068,2813
1727,2355
2341,1665
2800,961
3083,520
3202,594
3156,1160
2926,1889
2478,2423
1869,2783
1195,3014
664,3107
546,3069
947,2903
1583,2523
2214,1877
2707,1158
3030,627
3184,557
3182,1006
3004,1713
2607,2307
2023,2696
1350,2967
749,3088
494,3083
785,2944
1407,2633
2061,2033
2600,1308
2971,710
3169,500
3212,854
3077,1533
2740,2185
2197,2618
1538,2910
902,3070
551,3105
698,2996
1260,2742
1915,2208
2487,1498
2901,837
3134,505
3220,725
3132,1355
2848,2039
2350,2516
1714,2835
1053,3032
601,3091
625,3016
1106,2814
1755,2348
2359,1652
2811,942
3088,508
3206,600
3164,1171
2931,1883
2487,2419
1873,2777
1205,3003
672,3097
561,3059
955,2886
1601,2504
2224,1854
2717,1118
3037,582
3186,512
3191,983
3002,1717
2602,2305
2019,2699
1341,2952
738,3077
505,3073
790,2939
1407,2619
2059,2015
2599,1285
2965,682
3162,483
3202,851
3066,1538
2727,2195
2187,2627
1522,2921
877,3079
523,3104
674,2996
1245,2742
1905,2206
2486,1499
2897,845
3132,520
3213,745
3133,1374
2838,2059
2340,2536
1692,2853
1020,3044
565,3101
590,3025
1098,2810
1756,2347
2361,1661
2817,959
3095,528
3206,624
3160,1186
2923,1891
2472,2431
1859,2783
1187,3006
667,3103
570,3065
971,2887
1615,2509
2238,1852
2727,1135
3049,614
3198,544
3200,1010
3007,1728
2609,2309
2025,2698
1351,2950
762,3075
531,3074
824,2931
1441,2616
2085,2012
2616,1286
2982,677
3172,482
3211,842
3073,1540
2726,2190
2184,2629
1518,2911
893,3066
541,3095
710,2981
1275,2729
1931,2187
2501,1475
2907,810
3136,479
3209,704
3118,1351
2830,2046
2332,2525
1690,2849
1031,3046
580,3097
601,3023
1098,2797
1753,2328
2357,1650
2808,932
3085,510
3195,613
3152,1181
2913,1909
2462,2438
1847,2799
1174,3021
646,3105
547,3066
954,2888
1599,2497
2228,1848
2721,1133
3040,618
3193,559
3187,1038
2995,1745
2599,2328
2012,2716
1332,2964
738,3090
511,3083
809,2937
1437,2616
2085,2009
2619,1291
2981,689
3170,496
3207,874
3068,1565
2720,2198
2176,2627
1514,2919
881,3068
537,3096
710,2988
1282,2727
1935,2193
2500,1480
2910,820
3134,500
3217,738
3129,1377
2835,2062
2337,2532
1693,2850
1035,3036
598,3092
627,3015
1124,2796
1780,2328
2374,1632
2822,928
3090,508
3214,607
3158,1184
2916,1899
2463,2430
1845,2781
1174,3003
649,3096
560,3058
977,2876
1623,2485
2245,1824
2731,1102
3047,572
3193,523
3181,999
2992,1725
2588,2320
2003,2709
1326,2962
740,3084
519,3072
820,2927
1439,2606
2084,1991
2614,1265
2974,667
3163,485
3197,861
3058,1564
2708,2217
2162,2634
1497,2919
858,3078
513,3102
688,2993
1262,2729
1929,2189
2507,1475
2907,825
3134,516
3213,755
3120,1392
2820,2074
2320,2545
1672,2866
1010,3043
576,3098
615,3022
1119,2803
1783,2335
2379,1645
2824,951
3095,533
3206,631
3156,1205
2909,1914
2458,2437
1840,2788
1169,3007
655,3101
572,3062
981,2880
1630,2488
2252,1833
2738,1115
3050,600
3195,557
3188,1035
2994,1750
2593,2326
2011,2708
1340,2956
762,3082
552,3067
847,2924
1461,2599
2101,1985
2626,1254
2979,656
3170,480
3201,855
3055,1558
2707,2201
2162,2627
1499,2913
872,3069
538,3092
719,2979
1296,2712
1946,2168
2509,1448
2908,789
3135,478
3200,723
3107,1368
2812,2060
2310,2535
1664,2854
1004,3035
564,3094
603,3014
1112,2795
1767,2321
2366,1623
2815,924
3086,503
3197,613
3148,1193
2903,1915
2446,2446
1824,2797
1149,3016
624,3108
536,3062
952,2871
1606,2486
2238,1828
2728,1111
3041,607
3190,572
3183,1050
2988,1763
2586,2335
1994,2722
1319,2968
730,3089
512,3075
821,2930
1448,2602
2096,1993
2626,1269
2987,676
3173,499
3205,882
3059,1577
2708,2208
2151,2633
1487,2916
855,3066
534,3092
725,2986
1301,2722
1955,2174
2517,1461
2923,805
3145,498
3213,748
3120,1394
2822,2076
2315,2540
1672,2852
1018,3035
584,3090
641,3010
1143,2790
1794,2310
2389,1612
2828,911
3095,494
3201,607
3151,1197
2907,1914
2447,2441
1829,2790
1162,3014
645,3095
564,3048
984,2866
1635,2468
2257,1812
2740,1090
3048,573
3193,526
3180,1016
2982,1737
2575,2325
1990,2709
1313,2963
726,3083
537,3071
828,2921
1451,2594
2098,1973
2624,1246
2982,656
3163,486
3193,867
3047,1571
2691,2208
2141,2641
1475,2925
842,3081
515,3101
706,2988
1291,2725
1944,2171
2511,1468
2916,809
3137,512
3206,764
3113,1412
2808,2086
2305,2558
1655,2865
1001,3049
566,3099
614,3018
1124,2796
1785,2325
2382,1620
2827,931
3098,515
3201,626
3152,1220
2907,1933
2446,2450
1825,2794
1154,3013
641,3097
563,3052
986,2867
1636,2478
2260,1820
2742,1099
3053,596
3196,559
3185,1046
2990,1756
2585,2334
1999,2720
1327,2961
751,3079
543,3067
848,2921
1470,2594
2112,1974
2634,1239
2988,645
3171,475
3200,869
3052,1575
2700,2209
2148,2632
1483,2917
856,3070
532,3092
725,2978
1308,2708
1959,2156
2519,1436
2917,787
3141,484
3204,736
3108,1388
2802,2070
2294,2543
1646,2860
982,3041
554,3096
607,3013
1121,2789
1783,2305
2380,1606
2822,910
3093,507
3197,627
3142,1215
2892,1926
2433,2451
1808,2800
1134,3018
620,3106
547,3065
977,2877
1631,2477
2256,1816
2740,1103
3049,601
3193,576
3181,1067
2983,1776
2573,2351
1978,2728
1303,2974
722,3092
521,3080
839,2928
1479,2601
2109,1983
2632,1257
2987,666
3169,497
3197,893
3055,1598
2695,2229
2142,2646
1475,2929
849,3074
526,3092
724,2978
1310,2712
1965,2162
2529,1443
2927,800
3147,497
3217,760
3118,1412
2813,2091
2308,2555
1661,2860
1004,3042
576,3088
635,3007
1148,2782
1804,2302
2399,1598
2839,904
3104,496
3206,617
3151,1206
2901,1926
2439,2445
1817,2793
1144,3012
640,3094
571,3049
994,2864
1647,2458
2270,1801
2748,1077
3055,570
3197,539
3183,1033
2979,1751
2569,2336
1979,2721
1307,2968
730,3088
525,3073
840,2923
1466,2585
2104,1967
2627,1231
2982,645
3165,488
3192,880
3041,1589
2684,2226
2129,2648
1462,2928
833,3081
515,3101
711,2984
1294,2717
1953,2159
2517,1446
2922,809
3144,520