2048,1115
1460,1910
1154,2161
1038,2380
1126,2535
1418,2594
1853,2563
2318,2431
2751,2220
3043,1980
3122,1768
2921,1619
2539,1586
2067,1672
1603,1855
1236,2092
1055,2326
1081,2503
1313,2592
1711,2584
2161,2483
2614,2300
2958,2066
3125,1834
3007,1656
2675,1585
2224,1631
1747,1793
1340,2008
1095,2249
1052,2445
1220,2569
1554,2586
1994,2526
2461,2366
2857,2142
3088,1901
3074,1704
2805,1592
2384,1591
1903,1712
1468,1920
1154,2159
1044,2383
1133,2531
1410,2586
1840,2544
2311,2414
2746,2205
3040,1969
3119,1748
2915,1601
2537,1563
2068,1650
1601,1840
1233,2076
1052,2309
1066,2480
1304,2568
1695,2562
2165,2459
2617,2272
2964,2035
3124,1809
3009,1633
2682,1557
2226,1606
1747,1769
1331,1995
1083,2220
1042,2426
1215,2544
1560,2570
2008,2500
2472,2335
2865,2116
3094,1878
3070,1676
2799,1569
2376,1578
1895,1713
1442,1945
1141,2151
1033,2374
1138,2521
1418,2583
1846,2545
2320,2412
2743,2206
3030,1971
3108,1753
2906,1609
2534,1574
2069,1661
1596,1845
1220,2085
1050,2319
1079,2493
1303,2584
1695,2573
2159,2476
2613,2282
2957,2056
3124,1825
3002,1648
2672,1572
2217,1616
1731,1779
1322,2005
1079,2243
1036,2443
1203,2562
1545,2586
1997,2514
2472,2357
2864,2128
3090,1889
3062,1691
2789,1578
2358,1590
1884,1718
1449,1919
1136,2159
1027,2374
1131,2521
1425,2577
1853,2538
2324,2403
2752,2192
3046,1948
3096,1735
2883,1593
2511,1562
2046,1649
1583,1836
1220,2072
1048,2299
1094,2482
1307,2561
1706,2551
2170,2449
2619,2262
2958,2030
3107,1796
2983,1624
2659,1552
2210,1601
1733,1763
1326,1989
1089,2225
1049,2424
1213,2546
1557,2565
2011,2498
2477,2328
2859,2102
3093,1861
3066,1668
2791,1563
2357,1573
1883,1699
1440,1913
1138,2155
1028,2371
1132,2521
1418,2578
1847,2533
2321,2395
2751,2185
3051,1954
3109,1743
2896,1602
2508,1570
2034,1662
1574,1854
1210,2090
1040,2316
1070,2491
1303,2578
1700,2564
2176,2458
2645,2267
2971,2036
3114,1810
2983,1637
2645,1565
2196,1618
1716,1780
1308,2010
1074,2245
1038,2436
1204,2555
1557,2577
2004,2509
2471,2347
2861,2120
3080,1878
3052,1683
2777,1577
2348,1583
1874,1713
1435,1920
1134,2158
1029,2371
1135,2514
1426,2575
1850,2533
2327,2396
2755,2183
3041,1939
3100,1726
2892,1584
2503,1552
2030,1646
1569,1836
1207,2072
1035,2299
1065,2477
1303,2564
1711,2550
2177,2440
2627,2252
2971,2013
3132,1786
2985,1618
2650,1548
2192,1603
1718,1767
1308,1995
1076,2225
1045,2428
1221,2544
1570,2558
2025,2495
2488,2320
2875,2098
3094,1860
3053,1660
2774,1560
2340,1574
1864,1706
1420,1919
1135,2158
1040,2370
1139,2512
1429,2573
1862,2530
2332,2397
2757,2186
3035,1952
3094,1735
2881,1596
2486,1569
2019,1663
1564,1853
1221,2086
1047,2312
1080,2487
1309,2577
1709,2564
2178,2456
2625,2269
2962,2029
3114,1807
2977,1634
2650,1561
2183,1619
1710,1790
1301,2018
1065,2246
1036,2441
1208,2553
1560,2573
2013,2498
2476,2333
2864,2105
3087,1870
3046,1675
2767,1568
2333,1586
1846,1721
1404,1923
1114,2161
1016,2375
1133,2517
1437,2569
1861,2525
2338,2384
2761,2169
3042,1929
3098,1720
2881,1579
2481,1554
1990,1648
1544,1835
1198,2071
1038,2304
1083,2471
1316,2554
1719,2536
2187,2433
2635,2240
2968,2006
3118,1780
2969,1613
2640,1541
2171,1599
1704,1770
1305,1998
1084,2230
1044,2427
1217,2542
1576,2558
2028,2483
2490,2315
2876,2088
3083,1850
3042,1653
2765,1547
2334,1570
1856,1710
1418,1923
1119,2163
1020,2376
1139,2518
1446,2573
1867,2526
2348,2394
2770,2177
3045,1938
3101,1723
2870,1587
2475,1566
2007,1662
1547,1859
1193,2092
1030,2323
1083,2491
1319,2575
1721,2564
2191,2448
2647,2257
2964,2020
3109,1793
2966,1629
2619,1563
2161,1619
1686,1788
1286,2014
1059,2252
1035,2442
1216,2555
1579,2570
2035,2495
2481,2326
2860,2100
3080,1870
3035,1675
2752,1568
2317,1579
1835,1721
1408,1925
1114,2163
1018,2376
1138,2516
1440,2566
1869,2522
2334,2381
2755,2173
3042,1927
3093,1709
2871,1573
2471,1550
1997,1638
1544,1839
1191,2074
1037,2301
1090,2471
1319,2552
1719,2534
2192,2422
2643,2235
2974,1997
3116,1771
2966,1604
2624,1542
2167,1602
1691,1772
1292,1998
1066,2228
1042,2430
1220,2537
1584,2549
2047,2477
2507,2307
2883,2080
3091,1847
3041,1652
2758,1554
2319,1572
1837,1710
1401,1931
1113,2165
1010,2376
1143,2517
1459,2572
1891,2524
2354,2385
2771,2174
3044,1933
3089,1724
2864,1585
2464,1565
1994,1667
1532,1861
1187,2101
1038,2324
1090,2494
1331,2575
1727,2559
2195,2447
2638,2254
2974,2017
3114,1793
2955,1621
2609,1564
2150,1621
1681,1791
1283,2017
1062,2258
1038,2449
1207,2552
1573,2570
2028,2493
2494,2322
2876,2091
3081,1860
3030,1663
2744,1561
2314,1584
1837,1723
1402,1946
1104,2178
1001,2386
1127,2519
1437,2558
1880,2515
2354,2375
2774,2161
3049,1921
3092,1705
2861,1570
2457,1548
1981,1649
1533,1846
1189,2085
1031,2307
1080,2473
1329,2551
1735,2534
2206,2423
2651,2225
2978,1988
3113,1764
2959,1603
2603,1544
2155,1605
1692,1772
1288,2002
1062,2241
1044,2430
1228,2541
1594,2553
2058,2475
2509,2302
2887,2073
3091,1842
3033,1646
2750,1550
2318,1573
1838,1704
1397,1918
1114,2173
1017,2380
1151,2523
1459,2577
1889,2521
2359,2378
2777,2170
3045,1933
3085,1721
2861,1587
2464,1565
1981,1668
1517,1867
1179,2105
1028,2330
1085,2496
1327,2574
1736,2555
2206,2445
2653,2245
2980,2010
3116,1793
2948,1624
2586,1563
2136,1623
1666,1793
1274,2022
1051,2259
1038,2447
1219,2553
1585,2565
2048,2486
2507,2317
2884,2088
3081,1859
3008,1662
2727,1558
2299,1581
1822,1720
1388,1932
1101,2173
1006,2382
1141,2518
1455,2563
1887,2514
2357,2372
2774,2158
3031,1918
3081,1694
2859,1566
2459,1548
1983,1651
1540,1844
1180,2081
1033,2309
1086,2473
1335,2548
1735,2529
2204,2416
2649,2215
2981,1974
3125,1756
2956,1596
2608,1539
2154,1609
1677,1776
1286,2004
1064,2242
1046,2425
1230,2540
1585,2551
2045,2465
2521,2295
2904,2065
3106,1837
3033,1648
2733,1555
2302,1575
1823,1714
1393,1934
1108,2176
1015,2385
1143,2522
1451,2566
1895,2514
2362,2374
2779,2161
3047,1924
3083,1715
2851,1580
2448,1564
1973,1670
1518,1869
1181,2108
1027,2333
1086,2496
1326,2573
1726,2555
2207,2443
2665,2248
2983,2010
3113,1783
2947,1623
2594,1564
2145,1629
1662,1797
1265,2024
1056,2260
1033,2445
1213,2556
1581,2573
2045,2488
2511,2309
2887,2085
3085,1849
3021,1659
2724,1579
2292,1583
1814,1719
1383,1937
1099,2176
1003,2388
1139,2521
1460,2565
1896,2509
2368,2363
2778,2151
3043,1908
3082,1698
2852,1569
2448,1543
1972,1651
1517,1849
1170,2089
1032,2313
1101,2478
1342,2545
1747,2527
2212,2413
2659,2215
2982,1971
3118,1750
2951,1589
2594,1535
2146,1605
1659,1774
1278,2002
1085,2245
1056,2436
1235,2538
1602,2551
2062,2464
2525,2293
2896,2064
3094,1830
3025,1645
2729,1552
2290,1574
1816,1716
1393,1943
1115,2177
1020,2390
1152,2527
1465,2570
1905,2517
2376,2375
2787,2159
3046,1919
3076,1711
2843,1583
2437,1567
1971,1680
1507,1876
1162,2114
1024,2334
1084,2498
1341,2576
1751,2554
2218,2436
2660,2248
2983,2002
3114,1781
2943,1619
2587,1569
2118,1638
1637,1809
1249,2027
1049,2267
1044,2452
1234,2554
1594,2565
2056,2481
2516,2303
2891,2076
3092,1837
3016,1655
2717,1566
2271,1591
1790,1724
1375,1940
1098,2177
1011,2385
1145,2521
1460,2564
1902,2507
2374,2361
2788,2143
3044,1901
3084,1692
2852,1560
2438,1540
1957,1651
1504,1852
1164,2093
1025,2314
1098,2477
1350,2548
1758,2526
2229,2408
2670,2210
2997,1973
3135,1745
2957,1584
2582,1533
2120,1605
1654,1783
1266,2011
1062,2245
1052,2432
1244,2536
1615,2548
2077,2465
2540,2290
2914,2057
3106,1818
3020,1634
2716,1548
2274,1579
1801,1721
1375,1939
1102,2184
1017,2390
1158,2525
1476,2565
1916,2511
2386,2365
2791,2153
3043,1913
3074,1707
2835,1581
2432,1568
1958,1678
1502,1876
1158,2117
1024,2340
1088,2503
1348,2572
1758,2557
2223,2438
2659,2241
2981,1998
3112,1775
2938,1616
2576,1566
2108,1635
1638,1809
1252,2034
1047,2269
1039,2454
1236,2560
1610,2570
2058,2483
2516,2304
2898,2074
3092,1838
3015,1648
2708,1556
2267,1583
1790,1731
1368,1950
1094,2189
1015,2395
1149,2525
1468,2562
1912,2499
2390,2354
2799,2135
3053,1900
3071,1688
2833,1561
2426,1549
1953,1657
1495,1857
1162,2092
1024,2319
1090,2475
1359,2545
1783,2520
2249,2406
2675,2206
2991,1964
3111,1742
2940,1584
2581,1535
2114,1611
1643,1791
1258,2021
1054,2255
1056,2432
1262,2534
1638,2547
2081,2459
2540,2286
2911,2051
3099,1822
3020,1631
2711,1543
2267,1572
1790,1722
1371,1945
1101,2187
1024,2400
1162,2536
1481,2573
1922,2516
2399,2359
2805,2141
3055,1902
3071,1702
2828,1580
2417,1568
1938,1683
1481,1881
1138,2125
1007,2353
1098,2510
1361,2575
1773,2549
2242,2428
2679,2231
2996,1994
3112,1766
2927,1609
2558,1561
2098,1646
1618,1820
1238,2051
1048,2282
1042,2463
1247,2557
1620,2564
2078,2473
2540,2298
2907,2070
3090,1835
3001,1649
2695,1560
2251,1590
1777,1736
1361,1953
1093,2193
1019,2399
1157,2529
1483,2568
1933,2507
2396,2356
2802,2129
3056,1889
3067,1679
2827,1559
2418,1554
1955,1665
1498,1861
1159,2101
1021,2326
1096,2480
1363,2550
1779,2523
2252,2398
2698,2196
2998,1959
3112,1736
2937,1573
2576,1529
2109,1613
1632,1791
1249,2025
1049,2260
1056,2443
1258,2545
1635,2545
2096,2452
2554,2275
2922,2043
3110,1808
3020,1632
2707,1548
2253,1580
1775,1731
1359,1941
1092,2194
1026,2397
1168,2530
1493,2569
1937,2510
2411,2357
2811,2136
3060,1904
3062,1708
2807,1585
2400,1573
1935,1690
1481,1891
1156,2132
1019,2349
1093,2508
1363,2574
1778,2546
2249,2426
2687,2229
2988,1993
3095,1776
2907,1618
2555,1567
2092,1642
1625,1815
1241,2050
1041,2279
1047,2459
1247,2559
1624,2559
2088,2474
2543,2293
2906,2063
3086,1824
3002,1648
2697,1560
2251,1595
1772,1741
1350,1961
1085,2198
1017,2404
1158,2528
1486,2562
1931,2497
2424,2344
2828,2119
3059,1881
3065,1682
2818,1565
2406,1551
1926,1667
1478,1861
1152,2103
1021,2324
1103,2483
1375,2550
1800,2519
2269,2390
2693,2187
3001,1951
3111,1733
2923,1578
2561,1536
2091,1615
1623,1794
1248,2027
1054,2259
1060,2443
1269,2538
1643,2539
2097,2444
2565,2272
2920,2042
3100,1806
3008,1628
2695,1542
2249,1577
1775,1731
1356,1949
1094,2191
1026,2397
1169,2527
1483,2564
1932,2512
2411,2359
2818,2132
3062,1895
3065,1695
2813,1576
2398,1577
1924,1696
1470,1895
1150,2133
1012,2353
1085,2511
1361,2580
1789,2547
2262,2424
2699,2226
3023,1986
3106,1771
2915,1609
2545,1566
2080,1644
1606,1827
1225,2060
1033,2291
1042,2469
1259,2561
1643,2560
2101,2467
2558,2284
2915,2053
3092,1824
2995,1643
2677,1561
2238,1602
1757,1750
1338,1963
1087,2193
1033,2398
1185,2530
1499,2564
1944,2502
2412,2344
2815,2119
3060,1878
3062,1672
2810,1552
2398,1548
1919,1668
1473,1867
1156,2110
1035,2332
1108,2487
1375,2550
1794,2516
2265,2391
2701,2190
3008,1952
3110,1734
2919,1581
2549,1533
2086,1613
1624,1790
1249,2032
1050,2265
1058,2451
1266,2544
1653,2547
2115,2455
2570,2265
2930,2034
3105,1798
3005,1619
2691,1542
2243,1586
1763,1747
1337,1970
1075,2200
1025,2403
1175,2527
1498,2562
1951,2502
2425,2348
2827,2130
3063,1893
3053,1688
2793,1574
2372,1576
1906,1700
1467,1904
1142,2141
1020,2363
1104,2514
1380,2578
1801,2543
2270,2417
2700,2215
2999,1978
3096,1765
2906,1620
2539,1575
2070,1646
1602,1828
1227,2056
1037,2287
1054,2466
1267,2564
1645,2568
2108,2471
2560,2289
2920,2056
3103,1819
3013,1635
2686,1550
2229,1589
1754,1751
1334,1971
1076,2208
1019,2403
1171,2532
1503,2561
1953,2496
2425,2341
2832,2120
3079,1879
3075,1669
2808,1549
2387,1554
1907,1673
1463,1878
1145,2115
1017,2339
1109,2488
1386,2552
1810,2515
2285,2377
2716,2177
3017,1942
3110,1723
2910,1570
2537,1534
2072,1622
1605,1802
1210,2034
1046,2265
1065,2445
1277,2539
1663,2540
2126,2444
2580,2269
2925,2033
3098,1800
2997,1620
2679,1540
2230,1585
1755,1739
1335,1966
1085,2198
1029,2406
1183,2531
1520,2562
1959,2502
2418,2348
2811,2125
3063,1887
3060,1680
2799,1571
2381,1572
1904,1698
1457,1902
1139,2144
1017,2364
1106,2517
1379,2581
1794,2550
2259,2420
2711,2214
3012,1976
3105,1762
2906,1611
2529,1573
2063,1650
1594,1831
1223,2065
1033,2297
1049,2471
1262,2568
1652,2558
2128,2458
2580,2281
2930,2049
3098,1818
2990,1638
2670,1556
2215,1603
1736,1758
1327,1978
1073,2213
1022,2413
1179,2531
1525,2558
1976,2497
2430,2343
2833,2118
3067,1877
3055,1670
2795,1553
2374,1553
1900,1676
1462,1883
1145,2120
1024,2337
1114,2488
1391,2550
1816,2513
2287,2382
2717,2176
3015,1937
3103,1720
2906,1574
2529,1533
2065,1619
1601,1802
1230,2040
1034,2274
1056,2461
1281,2553
1671,2546
2133,2444
2585,2256
2938,2021
3108,1790
2998,1610
2669,1537
2222,1582
1741,1741
1317,1967
1062,2211
1025,2411
1184,2532
1527,2558
1975,2493
2442,2338
2839,2119
3069,1881
3054,1680
2788,1569
2364,1570
1881,1700
1434,1911
1125,2162
1016,2377
1143,2522
1395,2579
1820,2542
2288,2410
2721,2205
3012,1969
3093,1755
2897,1610
2512,1576
2044,1650
1594,1835
1228,2070
1038,2300
1060,2475
1275,2565
1667,2560
2128,2463
2582,2275
2930,2044
3091,1808
2985,1635
2662,1554
2220,1595
1751,1763
1329,1986
1070,2222
1022,2418
1179,2534
1523,2561
1972,2492
2437,2333
2835,2106
3067,1871
3057,1665
2799,1550
2378,1555
1894,1671
1446,1886
1133,2127
1017,2347
1122,2496
1398,2552
1824,2516
2295,2382
2727,2167
3022,1929
3109,1712
2907,1574
2520,1544
2046,1627
1586,1812
1218,2048
1043,2276
1065,2451
1288,2541
1673,2537
2145,2436
2600,2252
2949,2019
3110,1791
2980,1620
2645,1539
2207,1585
1735,1756
1324,1970
1081,2214
1032,2411
1191,2535
1533,2557
1984,2490
2443,2330
2833,2118
3069,1880
3049,1684
2783,1572
2357,1572
1882,1702
1439,1911
1132,2150
1017,2365
1114,2518
1399,2577
1819,2540
2295,2410
2739,2205
3024,1966
3097,1746
2894,1608
2508,1573
2038,1666
1577,1844
1208,2081
1029,2304
1057,2477
1278,2565
1671,2560
2148,2459
2607,2274
2943,2034
3102,1811
2981,1638
2652,1558
2196,1603
1722,1760
1312,1983
1065,2223
1020,2426
1186,2539
1537,2561
1988,2488
2456,2324
2844,2104
3069,1868
3051,1673
2785,1559
2358,1564
1876,1685
1431,1900
1133,2132
1024,2346
1127,2491
1408,2554
1833,2516
2306,2379
2733,2168
3021,1926
3102,1710
2893,1561
2509,1533
2043,1624
1583,1812
1219,2048
1047,2279
1070,2460
1286,2549
1668,2537
2146,2434
2606,2250
2949,2013
3107,1789
2985,1613
2655,1539
2203,1588
1730,1753
1318,1981
1075,2221
1025,2419
1183,2537
1539,2563
1995,2489
2462,2327
2851,2103
3076,1870
3049,1670
2790,1561
2350,1572
1872,1702
1429,1908
1117,2155
1004,2385
1116,2516
1416,2578
1835,2540
2310,2409
2734,2199
3021,1960
3095,1749
2886,1604
2497,1577
2024,1669
1541,1855
1201,2076
1033,2307
1078,2480
1298,2570
1690,2560
2150,2457
2603,2270
2948,2036
3101,1806
2969,1635
2637,1556
2182,1605
1713,1761
1317,1983
1085,2230
1042,2425
1193,2547
1538,2567
1989,2487
2461,2328
2848,2104
3077,1866
3045,1668
2776,1556
2349,1560
1866,1686
1421,1899
1125,2137
1016,2351
1128,2499
1416,2556
1840,2514
2309,2380
2742,2168
3031,1919
3100,1700
2885,1554
2490,1529
2010,1629
1563,1825
1209,2060
1040,2287
1074,2458
1298,2545
1695,2536
2166,2430
2617,2248
2957,2010
3097,1782
2970,1611
2626,1539
2180,1595
1710,1753
1305,1967
1065,2219
1034,2420
1203,2539
1556,2562
2007,2485
2470,2320
2854,2094
3069,1860
3035,1666
2770,1564
2340,1575
1858,1709
1422,1918
1122,2159
1013,2375
1127,2521
1419,2578
1847,2541
2318,2408
2741,2196
3027,1952
3097,1729
2889,1594
2491,1568
2005,1661
1554,1855
1197,2097
1030,2324
1068,2491
1299,2576
1692,2561
2158,2449
2607,2257
2959,2024
3121,1803
3001,1631
2629,1562
2176,1614
1699,1773
1295,2000
1062,2246
1028,2433
1194,2549
1548,2568
2002,2496
2476,2319
2871,2096
3082,1854
3039,1654
2764,1549
2333,1561
1859,1698
1413,1908
1122,2145
1009,2360
1128,2502
1430,2553
1862,2508
2333,2371
2744,2163
3021,1919
3092,1701
2880,1559
2489,1531
2009,1630
1555,1827
1199,2064
1037,2291
1082,2463
1312,2548
1705,2538
2166,2431
2610,2234
2950,1994
3116,1767
2975,1599
2633,1532
2177,1591
1705,1759
1301,1983
1070,2224
1038,2418
1209,2537
1554,2562
2004,2481
2480,2315
2867,2092
3077,1851
3039,1663
2760,1560
2327,1576
1847,1713
1408,1927
1110,2169
1013,2386
1132,2528
1439,2577
1861,2528
2329,2393
2753,2184
3031,1945
3091,1734
2869,1591
2474,1571
1999,1665
1543,1860
1188,2093
1034,2322
1084,2489
1320,2570
1706,2558
2173,2455
2620,2270
2957,2029
3104,1801
2960,1631
2618,1561
2164,1618
1690,1783
1290,2011
1072,2244
1036,2434
1206,2543
1561,2566
2017,2486
2483,2317
2858,2084
3079,1852
3036,1658
2754,1555
2322,1570
1849,1701
1415,1908
1113,2150
1004,2368
1131,2509
1433,2557
1869,2515
2326,2369
2758,2154
3033,1911
3090,1699
2875,1559
2483,1540
2010,1642
1546,1843
1182,2068
1026,2304
1060,2467
1317,2547
1717,2530
2185,2421
2632,2223
2970,1989
3118,1764
2969,1596
2627,1534
2165,1597
1680,1765
1280,1989
1062,2230
1038,2425
1214,2542
1573,2560
2031,2482
2494,2312
2876,2087
3080,1852
3033,1663
2749,1562
2310,1582
1841,1711
1405,1927
1111,2167
1012,2382
1135,2522
1436,2574
1870,2525
2343,2391
2760,2178
3031,1944
3081,1729
2861,1588
2471,1564
2010,1671
1547,1866
1185,2101
1026,2328
1074,2491
1317,2574
1717,2554
2184,2449
2629,2257
2961,2021
3104,1791
2961,1623
2623,1562
2167,1620
1685,1790
1282,2014
1055,2252
1032,2441
1209,2551
1567,2567
2021,2487
2495,2314
2874,2082
3075,1847
3021,1654
2743,1558
2310,1571
1837,1708
1400,1915
1108,2152
1014,2367
1137,2507
1443,2556
1879,2507
2342,2365
2767,2152
3029,1911
3077,1704
2864,1569
2470,1538
1994,1638
1535,1833
1188,2072
1033,2301
1084,2466
1327,2549
1729,2528
2195,2418
2635,2228
2961,1994
3123,1765
2960,1599
2612,1536
2151,1597
1680,1768
1282,1996
1065,2234
1042,2426
1223,2536
1579,2557
2032,2475
2504,2308
2891,2081
3086,1843
3029,1652
2739,1558
2304,1579
1826,1718
1395,1933
1106,2172
1010,2383
1135,2525
1436,2573
1894,2519
2365,2381
2781,2172
3037,1938
3083,1725
2857,1591
2457,1574
1983,1675
1527,1871
1177,2106
1021,2332
1074,2498
1320,2568
1730,2554
2203,2446
2639,2251
2969,2013
3110,1784
2954,1627
2602,1562
2144,1622
1670,1795
1275,2021
1052,2252
1035,2442
1224,2554
1584,2569
2034,2484
2501,2314
2881,2083
3084,1846
3031,1656
2737,1551
2301,1576
1826,1721
1394,1922
1110,2164
1021,2374
1142,2516
1436,2562
1878,2504
2356,2361
2773,2143
3043,1903
3082,1687
2854,1558
2458,1537
1989,1638
1530,1839
1187,2081
1031,2309
1074,2477
1317,2545
1735,2532
2205,2417
2651,2220
2974,1987
3112,1758
2960,1593
2611,1538
2150,1602
1673,1771
1276,2003
1054,2241
1033,2425
1220,2536
1594,2553
2046,2475
2520,2307
2888,2077
3087,1843
3024,1651
2731,1554
2297,1579
1818,1720
1405,1933
1115,2170
1013,2384
1137,2527
1450,2576
1883,2524
2362,2382
2776,2168
3038,1931
3073,1722
2850,1594
2450,1573
1986,1669
1533,1862
1171,2096
1021,2331
1080,2497
1326,2571
1736,2557
2206,2443
2647,2249
2972,2011
3107,1785
2947,1619
2596,1558
2129,1624
1661,1789
1268,2024
1052,2260
1038,2447
1229,2547
1589,2564
2046,2483
2508,2310
2884,2085
3088,1845
3023,1656
2726,1556
2279,1575
1805,1719
1385,1928
1104,2164
1020,2378
1146,2511
1458,2558
1895,2507
2371,2362
2783,2143
3044,1902
3080,1694
2839,1561
2433,1535
1966,1645
1519,1842
1178,2081
1033,2308
1088,2470
1341,2547
1751,2529
2215,2416
2662,2223
2980,1985
3114,1755
2943,1588
2603,1533
2136,1599
1660,1771
1268,2003
1054,2241
1048,2434
1243,2542
1603,2554
2058,2481
2517,2298
2891,2064
3093,1828
3032,1639
2731,1553
2281,1578
1805,1721
1376,1938
1099,2180
1016,2388
1148,2528
1459,2576
1895,2524
2369,2380
2783,2161
3055,1917
3088,1715
2844,1584
2437,1566
1965,1674
1510,1870
1171,2112
1021,2337
1081,2502
1334,2575
1741,2552
2213,2437
2661,2238
2989,2008
3109,1775
2941,1617
2586,1561
2126,1626
1653,1800
1264,2023
1049,2262
1033,2445
1224,2554
1594,2563
2058,2480
2507,2315
2889,2086
3099,1840
3023,1647
2725,1551
2287,1574
1806,1717
1379,1936
1094,2171
1010,2384
1147,2519
1453,2561
1892,2511
2372,2362
2790,2142
3049,1899
3080,1690
2843,1560
2441,1542
1982,1648
1514,1845
1168,2082
1025,2309
1085,2475
1339,2556
1755,2534
2223,2415
2663,2214
2983,1972
3116,1748
2950,1586
2592,1537
2131,1602
1656,1778
1268,2012
1057,2250
1047,2437
1253,2543
1617,2551
2060,2464
2523,2295
2894,2066
3090,1834
3022,1649
2724,1553
2281,1574
1806,1721
1375,1939
1103,2180
1038,2394
1162,2525
1465,2569
1898,2522
2370,2376
2789,2157
3047,1917
3077,1711
2841,1583
2432,1570
1962,1682
1515,1876
1172,2118
1030,2342
1084,2503
1337,2573
1749,2550
2222,2436
2661,2240
2982,2006
3109,1771
2937,1618
2582,1557
2121,1625
1650,1797
1261,2035
1040,2269
1036,2455
1232,2555
1601,2564
2062,2475
2522,2297
2892,2068
3090,1830
3019,1642
2718,1552
2278,1584
1803,1733
1364,1948
1082,2180
1015,2385
1156,2521
1473,2560
1910,2505
2380,2360
2795,2137
3051,1892
3074,1681
2839,1552
2434,1542
1954,1650
1495,1850
1167,2093
1030,2320
1097,2482
1348,2543
1757,2528
2227,2408
2669,2206
2992,1968
3117,1744
2942,1588
2581,1538
2115,1605
1654,1777
1265,2013
1060,2250
1044,2442
1239,2548
1613,2556
2074,2470
2535,2295
2905,2058
3093,1826
3030,1632
2725,1536
2273,1568
1791,1725
1364,1952
1092,2192
1017,2406
1155,2531
1474,2570
1916,2513
2389,2366
2805,2151
3056,1915
3079,1707
2830,1582
2420,1573
1945,1687
1492,1886
1161,2129
1021,2350
1090,2510
1348,2580
1763,2550
2235,2430
2672,2223
2989,1986
3094,1767
2922,1610
2568,1567
2107,1637
1638,1809
1250,2035
1043,2269
1032,2453
1242,2553
1613,2557
2076,2472
2529,2299
2886,2069
3075,1839
3012,1654
2712,1554
2269,1581
1788,1724
1364,1945
1094,2186
1019,2395
1156,2526
1480,2562
1920,2507
2388,2353
2797,2123
3056,1883
3076,1680
2833,1553
2421,1548
1947,1662
1496,1859
1163,2097
1026,2321
1095,2482
1358,2555
1768,2524
2241,2400
2691,2197
3005,1962
3116,1736
2938,1577
2573,1528
2108,1607
1637,1793
1255,2025
1050,2263
1051,2448
1249,2542
1625,2545
2093,2449
2554,2279
2914,2050
3092,1819
3010,1639
2701,1551
2261,1582
1784,1732
1359,1953
1091,2195
1018,2398
1163,2530
1491,2568
1937,2515
2402,2363
2801,2148
3051,1905
3069,1699
2828,1578
2416,1569
1938,1686
1485,1889
1157,2128
1018,2347
1095,2506
1359,2576
1762,2551
2239,2427
2679,2226
2991,1988
3110,1769
2929,1611
2560,1561
2097,1627
1629,1805
1247,2036
1047,2269
1048,2459
1236,2568
1603,2567
2077,2471
2543,2292
2909,2059
3096,1821
3007,1637
2698,1551
2254,1587
1772,1736
1349,1954
1081,2200
1016,2399
1168,2526
1481,2561
1934,2502
2405,2350
2810,2129
3059,1887
3070,1676
2820,1548
2404,1538
1934,1657
1486,1863
1165,2106
1040,2326
1102,2487
1367,2557
1783,2528
2254,2405
2689,2199
2997,1955
3109,1738
2927,1583
2563,1544
2096,1619
1635,1802
1260,2030
1055,2258
1055,2444
1256,2547
1634,2550
2099,2455
2553,2283
2916,2049
3097,1812
3011,1630
2692,1545
2257,1579
1789,1727
1358,1950
1087,2194
1016,2406
1163,2537
1467,2572
1939,2513
2405,2355
2810,2141
3055,1901
3065,1701
2820,1583
2409,1579
1919,1699
1473,1891
1146,2126
1017,2351
1100,2507
1365,2575
1778,2550
2253,2426
2691,2222
2999,1981
3107,1756
2917,1608
2538,1560
2064,1638
1612,1817
1237,2050
1044,2283
1052,2464
1255,2562
1632,2560
2097,2470
2555,2288
2913,2056
3088,1826
2992,1643
2674,1549
2235,1583
1771,1732
1350,1955
1088,2199
1025,2401
1167,2531
1500,2558
1943,2500
2412,2342
2814,2121
3057,1877
3061,1669
2818,1548
2402,1550
1928,1674
1480,1877
1151,2118
1019,2337
1101,2490
1375,2553
1789,2522
2262,2400
2697,2197
3005,1950
3119,1722
2937,1576
2557,1533
2090,1609
1618,1794
1236,2031
1045,2266
1054,2449
1264,2548
1640,2545
2104,2456
2580,2270
2933,2038
3104,1814
2999,1638
2682,1556
2236,1592
1757,1742
1339,1961
1081,2203
1024,2404
1175,2533
1509,2568
1956,2507
2416,2350
2816,2133
3057,1896
3059,1689
2804,1575
2388,1568
1912,1690
1466,1896
1146,2136
1020,2357
1106,2513
1377,2576
1789,2544
2246,2424
2694,2222
3000,1981
3103,1757
2916,1604
2541,1560
2070,1638
1609,1819
1230,2053
1038,2285
1049,2462
1251,2562
1625,2565
2094,2473
2560,2287
2925,2043
3098,1810
2997,1631
2680,1547
2235,1591
1755,1737
1340,1966
1077,2203
1013,2405
1165,2535
1506,2565
1956,2493
2423,2340
2826,2116
3063,1875
3063,1674
2808,1557
2390,1555
1914,1674
1464,1878
1143,2115
1019,2329
1114,2483
1390,2554
1804,2525
2274,2397
2704,2194
3010,1951
3106,1730
2917,1580
2543,1538
2073,1621
1609,1800
1232,2033
1054,2262
1077,2448
1287,2547
1653,2549
2114,2453
2568,2272
2928,2037
3098,1808
2996,1628
2676,1548
2231,1591
1756,1741
1341,1967
1091,2210
1030,2415
1175,2541
1507,2573
1951,2508
2421,2351
2826,2130
3064,1889
3056,1695
2804,1570
2383,1570
1910,1693
1463,1906
1145,2145
1009,2365
1100,2516
1379,2576
1803,2544
2276,2413
2704,2212
3006,1972
3100,1748
2910,1600
2533,1561
2064,1646
1590,1833
1209,2067
1025,2289
1054,2468
1266,2558
1653,2559
2114,2460
2576,2278
2932,2042
3093,1807
2983,1629
2661,1551
2216,1592
1745,1748
1335,1969
1081,2205
1026,2405
1180,2531
1522,2560
1966,2491
2435,2331
2830,2112
3063,1866
3058,1669
2804,1552
2389,1546
1910,1669
1459,1872
1142,2123
1022,2343
1116,2495
1389,2558
1813,2523
2280,2392
2711,2187
3014,1947
3116,1727
2928,1573
2545,1527
2067,1614
1599,1805
1226,2042
1060,2280
1062,2453
1274,2553
1662,2551
2128,2449
2582,2266
2939,2025
3111,1795
3003,1613
2670,1535
2216,1590
1738,1753
1328,1974
1076,2219
1022,2419
1181,2541
1517,2570
1969,2497
2438,2341
2837,2126
3065,1892
3042,1691
2789,1574
2368,1580
1894,1707
1450,1911
1134,2151
1016,2367
1110,2514
1391,2576
1816,2537
2286,2408
2709,2206
2993,1963
3085,1744
2896,1599
2524,1562
2056,1641
1589,1833
1218,2064
1036,2295
1061,2471
1275,2561
1655,2562
2122,2463
2565,2280
2919,2041
3098,1810
2992,1630
2668,1552
2215,1594
1737,1746
1326,1972
1077,2212
1010,2407
1180,2535
1518,2560
1965,2487
2440,2323
2846,2101
3073,1862
3058,1661
2795,1549
2372,1555
1897,1682
1455,1888
1138,2129
1018,2349
1111,2497
1391,2557
1819,2514
2305,2384
2735,2183
3019,1942
3104,1718
2905,1577
2527,1541
2057,1628
1590,1814
1220,2050
1043,2277
1065,2456
1288,2545
1682,2538
2150,2445
2591,2259
2941,2027
3104,1799
2981,1622
2655,1546
2203,1599
1734,1755
1327,1978
1078,2219
1028,2418
1180,2541
1525,2571
1975,2505
2443,2343
2836,2123
3065,1886
3049,1688
2786,1572
2369,1580
1890,1704
1445,1908
1130,2144
1001,2364
1100,2517
1397,2578
1820,2536
2290,2406
2721,2198
3015,1958
3098,1737
2897,1594
2516,1560
2041,1645
1572,1832
1201,2067
1019,2306
1054,2484
1275,2569
1669,2559
2139,2455
2588,2270
2937,2032
3102,1799
2982,1622
2655,1544
2200,1592
1722,1774
1315,1979
1076,2216
1029,2411
1193,2533
1531,2557
1983,2491
2451,2325
2846,2101
3072,1861
3048,1663
2778,1546
2354,1557
1883,1677
1452,1887
1148,2132
1021,2351
1118,2498
1406,2554
1830,2515
2301,2382
2730,2176
3019,1935
3096,1720
2897,1571
2521,1536
2062,1624
1602,1817
1223,2056
1041,2287
1068,2463
1293,2552
1681,2547
2144,2442
2594,2258
2943,2017
3114,1788
2988,1612
2659,1545
2208,1599
1733,1758
1312,1987
1072,2224
1025,2425
1190,2548
1534,2570
1982,2501
2450,2341
2850,2115
3076,1882
3053,1683
2780,1576
2346,1587
1867,1704
1430,1914
1127,2152
1014,2372
1116,2519
1403,2576
1832,2534
2305,2401
2734,2191
3021,1956
3087,1744
2875,1601
2486,1563
2026,1652
1576,1842
1208,2077
1029,2305
1059,2480
1285,2565
1688,2556
2146,2446
2594,2263
2939,2030
3105,1797
2977,1622
2644,1544
2192,1598
1719,1758
1312,1981
1073,2221
1031,2393
1193,2537
1538,2562
1992,2489
2461,2326
2866,2092
3088,1851
3047,1649
2776,1535
2351,1553
1874,1682
1437,1891
1132,2136
1015,2355
1121,2502
1408,2560
1845,2519
2322,2389
2755,2171
3031,1926
3098,1717
2894,1578
2506,1545
2039,1633
1573,1823
1210,2057
1036,2289
1070,2463
1328,2551
1699,2538
2168,2431
2616,2236
2953,2014
3109,1787
2979,1619
2641,1549
2186,1603
1706,1767
1302,1993
1068,2230
1036,2426
1201,2542
1550,2569
1995,2497
2460,2331
2863,2104
3077,1868
3043,1674
2767,1565
2339,1580
1866,1710
1427,1921
1129,2163
1016,2382
1121,2528
1399,2583
1824,2538
2306,2397
2738,2192
3021,1950
3090,1736
2882,1590
2498,1559
2026,1651
1562,1840
1198,2076
1027,2306
1056,2473
1273,2562
1676,2553
2151,2446
2602,2260
2965,2022
3104,1793
2976,1623
2641,1538
2179,1605
1708,1768
1301,1992
1059,2225
1026,2414
1207,2527
1557,2553
2005,2482
2463,2313
2861,2087
3083,1850
3046,1655
2767,1543
2340,1555
1862,1687
1423,1900
1129,2134
1028,2349
1141,2502
1429,2557
1854,2518
2321,2378
2748,2169
3030,1925
3098,1709
2884,1572
2492,1542
2025,1636
1573,1823
1213,2058
1070,2293
1083,2470
1304,2552
1700,2543
2163,2438
2617,2249
2959,2014
3105,1784
2973,1609
2638,1546
2177,1597
1695,1762
1291,1997
1067,2238
1034,2431
1205,2545
1554,2565
2006,2498
2468,2331
2860,2110
3084,1874
3043,1677
2762,1572
2323,1583
1835,1719
1415,1934
1117,2164
1012,2382
1124,2523
1420,2578
1851,2532
2324,2396
2749,2184
3026,1940
3088,1730
2865,1585
2466,1560
2006,1662
1549,1844
1189,2083
1026,2310
1065,2479
1300,2567
1702,2557
2169,2446
2617,2256
2963,2028
3097,1790
2966,1619
2623,1554
2171,1598
1697,1765
1294,1993
1066,2230
1027,2423
1209,2537
1565,2556
2015,2479
2477,2307
2862,2081
3078,1834
3045,1637
2771,1543
2331,1557
1853,1691
1416,1906
1120,2143
1017,2364
1135,2508
1418,2561
1858,2516
2330,2377
2758,2161
3041,1918
3124,1703
2893,1568
2486,1540
2018,1640
1554,1829
1199,2066
1035,2297
1073,2468
1311,2554
1709,2538
2179,2428
2631,2238
2973,2004
3117,1781
2966,1612
2624,1545
2167,1601
1693,1771
1290,1998
1061,2240
1030,2441
1214,2544
1571,2566
2023,2483
2487,2319
2866,2104
3073,1869
3031,1672
2750,1570
2321,1585
1847,1714
1406,1931
1112,2170
1017,2383
1134,2527
1432,2581
1862,2533
2328,2398
2744,2186
3021,1937
3082,1725
2864,1584
2472,1561
2001,1660
1538,1848
1189,2093
1028,2321
1071,2488
1309,2571
1700,2558
2164,2442
2625,2248
2954,2013
3105,1782
2959,1611
2619,1543
2158,1597
1685,1762
1283,1997
1056,2236
1042,2428
1219,2540
1580,2553
2027,2470
2492,2307
2878,2081
3088,1841
3039,1648
2754,1544
2315,1561
1839,1697
1403,1913
1120,2151
1021,2361
1153,2505
1449,2549
1867,2504
2346,2368
2765,2156
3039,1913
3099,1703
2870,1569
2473,1546
2004,1649
1544,1844
1196,2080
1048,2308
1078,2469
1317,2554
1720,2539
2188,2430
2638,2230
2969,1988
3108,1772
2959,1606
2612,1546
2157,1608
1687,1777
1291,2007
1054,2246
1030,2440
1212,2561
1574,2568
2027,2492
2486,2317
2870,2097
3081,1859
3031,1670
2758,1569
2318,1594
1837,1728
1396,1946
1090,2180
1000,2389
1133,2529
1439,2574
1858,2528
2338,2388
2762,2172
3035,1937
3084,1724
2862,1588
2465,1572
1985,1672
1526,1861
1169,2092
1025,2320
1072,2486
1309,2564
1715,2549
2183,2434
2628,2243
2967,2010
3108,1780
2954,1612
2608,1547
2147,1602
1683,1776
1288,2001
1059,2216
1039,2429
1222,2535
1578,2553
2037,2474
2501,2300
2879,2073
3083,1835
3029,1641
2739,1540
2311,1555
1849,1697
1414,1916
1112,2154
1016,2363
1141,2506
1445,2555
1880,2507
2347,2368
2770,2151
3039,1907
3083,1693
2870,1552
2480,1536
2008,1645
1543,1841
1189,2083
1033,2310
1085,2473
1327,2549
1710,2539
2194,2423
2650,2232
2975,1998
3097,1770
2945,1614
2604,1554
2146,1612
1679,1783
1272,2013
1056,2248
1037,2439
1219,2550
1584,2564
2040,2487
2501,2315
2875,2086
3065,1859
3017,1671
2736,1574
2300,1591
1823,1729
1369,1946
1107,2182
1010,2396
1140,2531
1452,2576
1884,2529
2349,2389
2761,2181
3031,1942
3078,1730
2852,1591
2449,1566
1975,1665
1513,1854
1176,2096
1027,2320
1074,2487
1322,2565
1723,2547
2192,2437
2642,2245
2973,2004
3096,1773
2947,1612
2597,1551
2140,1612
1674,1784
1278,2006
1056,2247
1038,2436
1222,2545
1583,2563
2049,2467
2525,2295
2893,2066
3081,1829
3028,1636
2737,1537
2301,1557
1823,1703
1394,1918
1106,2157
1014,2368
1144,2505
1458,2549
1901,2499
2374,2360
2782,2146
3046,1906
3088,1700
2858,1569
2461,1549
1985,1653
1527,1847
1192,2081
1030,2307
1085,2470
1340,2549
1747,2537
2204,2420
2643,2223
2977,1988
3115,1765
2952,1605
2599,1548
2135,1611
1665,1782
1273,2014
1058,2252
1045,2446
1228,2557
1576,2566
2041,2489
2509,2313
2886,2091
3084,1855
3021,1667
2726,1570
2292,1593
1819,1733
1388,1944
1102,2187
1011,2399
1130,2538
1432,2580
1885,2524
2357,2382
2777,2168
3040,1927
3076,1718
2849,1584
2450,1561
1975,1668
1517,1866
1170,2106
1014,2332
1070,2490
1320,2568
1729,2551
2202,2435
2649,2240
2975,2004
3112,1774
2949,1608
2587,1552
2130,1612
1663,1781
1284,2007
1064,2238
1038,2427
1223,2542
1594,2551
2059,2470
2522,2294
2892,2066
3088,1827
3022,1635
2728,1541
2293,1566
1824,1705
1398,1915
1104,2154
1017,2369
1152,2509
1466,2558
1902,2505
2373,2361
2783,2146
3049,1905
3087,1691
2853,1561
2461,1544
1976,1650
1516,1843
1177,2083
1031,2311
1090,2477
1345,2557
1751,2532
2217,2415
2660,2220
2983,1986
3114,1764
2946,1606
2589,1545
2120,1613
1647,1790
1266,2024
1054,2255
1046,2443
1230,2551
1596,2565
2057,2482
2518,2309
2893,2084
3091,1852
3014,1668
2710,1570
2267,1592
1802,1732
1378,1952
1098,2190
1010,2399
1146,2540
1461,2577
1903,2526
2373,2382
2784,2165
3038,1927
3066,1717
2826,1584
2430,1567
1959,1672
1503,1873
1161,2109
1018,2334
1082,2497
1336,2572
1747,2546
2215,2431
2653,2236
2973,1998
3105,1766
2949,1600
2586,1549
2119,1616
1649,1790
1259,2018
1051,2256
1045,2440
1229,2548
1602,2556
2060,2467
2521,2287
2896,2051
3098,1813
3030,1628
2721,1535
2280,1565
1804,1708
1378,1924
1102,2164
1018,2372
1152,2516
1467,2552
1906,2499
2381,2351
2789,2135
3068,1898
3091,1690
2845,1560
2440,1547
1963,1656
1512,1855
1170,2093
1028,2323
1091,2486
1343,2553
1759,2529
2231,2410
2664,2216
2988,1980
3117,1750
2940,1594
2579,1542
2116,1612
1644,1790
1255,2021
1053,2260
1051,2448
1215,2555
1602,2566
2051,2484
2527,2314
2901,2082
3092,1845
3013,1658
2711,1568
2269,1595
1795,1737
1370,1960
1094,2198
1013,2406
1149,2536
1463,2578
1908,2523
2385,2372
2796,2153
3049,1905
3068,1707
2825,1581
2420,1569
1951,1676
1493,1876
1157,2113
1014,2343
1083,2504
1351,2578
1759,2551
2226,2434
2666,2229
2982,1992
3107,1765
2935,1605
2574,1549
2107,1616
1639,1794
1252,2024
1047,2261
1057,2441
1256,2542
1617,2543
2076,2459
2532,2278
2906,2050
3097,1810
3016,1628
2709,1534
2269,1569
1791,1716
1372,1931
1104,2170
1033,2378
1167,2513
1480,2553
1919,2494
2394,2342
2805,2126
3055,1883
3080,1677
2841,1551
2430,1543
1956,1657
1510,1865
1173,2103
1034,2327
1095,2483
1355,2556
1769,2525
2236,2412
2688,2204
2993,1966
3112,1743
2933,1590
2574,1539
2113,1612
1645,1797
1253,2031
1035,2265
1045,2450
1245,2554
1617,2560
2082,2474
2536,2298
2903,2070
3090,1841
3013,1659
2712,1574
2267,1603
1785,1763
1350,1976
1083,2213
1015,2415
1155,2547
1473,2583
1914,2526
2397,2378
2795,2157
3050,1915
3067,1715
2824,1592
2408,1583
1931,1692
1476,1887
1155,2125
1017,2342
1091,2501
1344,2568
1757,2543
2229,2422
2670,2219
2983,1987
3109,1765
2936,1603
2578,1545
2105,1616
1634,1795
1242,2026
1041,2261
1045,2445
1235,2547
1624,2550
2083,2462
2543,2281
2913,2048
3102,1808
3028,1617
2714,1523
2257,1559
1783,1712
1359,1930
1097,2170
1024,2374
1164,2507
1485,2543
1931,2486
2401,2337
2807,2117
3064,1872
3082,1666
2826,1550
2420,1542
1947,1655
1497,1860
1166,2100
1028,2351
1101,2484
1366,2555
1779,2527
2247,2409
2687,2204
2987,1967
3101,1743
2930,1588
2565,1541
2099,1617
1631,1799
1247,2030
1046,2264
1052,2458
1253,2560
1627,2568
2091,2482
2542,2307
2899,2075
3087,1839
3007,1657
2698,1570
2253,1608
1772,1760
1351,1981
1087,2223
1014,2426
1161,2558
1483,2592
1927,2532
2391,2377
2793,2151
3046,1913
3064,1704
2818,1587
2400,1578
1925,1691
1477,1897
1148,2132
1013,2353
1091,2511
1351,2577
1763,2543
2240,2419
2663,2219
2996,1983
3102,1760
2920,1600
2552,1549
2092,1625
1624,1802
1248,2033
1044,2269
1048,2448
1252,2545
1635,2545
2112,2453
2561,2272
2913,2034
3092,1802
3004,1609
2694,1522
2251,1556
1773,1709
1349,1933
1087,2172
1021,2376
1172,2507
1510,2539
1951,2485
2415,2331
2820,2093
3062,1865
3070,1659
2827,1538
2411,1538
1932,1655
1485,1856
1155,2101
1031,2326
1107,2488
1374,2561
1788,2527
2260,2402
2699,2198
3003,1962
3107,1736
2925,1588
2556,1540
2090,1618
1619,1799
1233,2031
1030,2277
1045,2469
1261,2568
1645,2568
2104,2477
2561,2298
2918,2068
3098,1837
3002,1653
2687,1569
2234,1608
1757,1752
1334,1982
1073,2233
1019,2437
1179,2568
1499,2592
1941,2531
2411,2377
2811,2160
3055,1916
3055,1712
2805,1590
2386,1584
1910,1695
1464,1899
1150,2137
1018,2353
1094,2508
1363,2575
1780,2545
2244,2422
2688,2216
2998,1980
3101,1755
2901,1595
2542,1549
2081,1625
1628,1801
1246,2029
1041,2262
1053,2449
1254,2550
1639,2551
2107,2456
2566,2271
2924,2034
3099,1796
2993,1614
2689,1522
2251,1556
1770,1710
1347,1936
1083,2173
1024,2380
1172,2533
1508,2540
1952,2481
2421,2324
2824,2105
3066,1862
3070,1655
2822,1537
2405,1544
1925,1650
1473,1863
1152,2104
1027,2325
1111,2483
1379,2550
1799,2521
2269,2397
2703,2194
3009,1959
3110,1742
2914,1598
2533,1549
2071,1624
1594,1809
1236,2043
1046,2279
1060,2460
1264,2564
1638,2561
2112,2466
2568,2291
2930,2064
3110,1839
2988,1656
2662,1575
2230,1610
1751,1764
1340,1985
1079,2224
1016,2423
1171,2556
1506,2585
1953,2524
2421,2372
2814,2159
3055,1922
3043,1713
2793,1595
2384,1587
1907,1706
1456,1908
1111,2144
1010,2363
1100,2514
1373,2576
1790,2540
2265,2416
2717,2214
3013,1967
3100,1743
2902,1600
2527,1552
2064,1630
1599,1815
1224,2048
1037,2277
1056,2456
1268,2547
1658,2543
2133,2446
2587,2258
2933,2018
3101,1791
2990,1611
2666,1527
2222,1566
1752,1725
1335,1944
1082,2185
1028,2389
1189,2510
1526,2543
1980,2475
2438,2314
2835,2093
3066,1857
3059,1655
2806,1539
2380,1537
1909,1664
1464,1871
1151,2110
1040,2329
1119,2482
1390,2546
1804,2513
2276,2388
2716,2191
3014,1944
3106,1727
2914,1582
2529,1542
2064,1632
1602,1816
1218,2052
1043,2290
1060,2468
1264,2565
1647,2566
2125,2470
2579,2283
2937,2053
3095,1821
2989,1645
2668,1568
2220,1612
1746,1772
1327,1999
1074,2244
1016,2445
1169,2563
1513,2589
1967,2521
2434,2361
2830,2140
3060,1901
3047,1699
2788,1584
2368,1594
1891,1713
1443,1917
1131,2154
1011,2363
1109,2516
1388,2579
1806,2542
2273,2414
2706,2207
3004,1967
3093,1747
2891,1602
2522,1557
2050,1637
1585,1820
1215,2048
1046,2276
1071,2457
1280,2546
1662,2547
2126,2442
2582,2255
2938,2019
3107,1781
2990,1598
2664,1521
2213,1567
1740,1729
1332,1947
1094,2188
1038,2396
1177,2519
1525,2544
1975,2473
2447,2313
2848,2088
3070,1852
3059,1650
2796,1540
2379,1542
1902,1664
1462,1882
1139,2122
1026,2337
1120,2489
1400,2550
1824,2510
2297,2374
2729,2177
3022,1934
3105,1718
2909,1571
2510,1532
2027,1635
1581,1824
1219,2060
1044,2292
1065,2471
1295,2568
1682,2564
2141,2469
2592,2285
2948,2050
3098,1825
2977,1651
2641,1578
2202,1629
1730,1782
1321,1999
1074,2236
1026,2435
1184,2559
1528,2584
1979,2517
2438,2357
2843,2140
3059,1901
3044,1703
2776,1592
2358,1587
1884,1712
1438,1916
1126,2153
1016,2378
1107,2520
1389,2579
1809,2544
2287,2409
2721,2204
3009,1965
3102,1746
2908,1594
2516,1556
2045,1640
1580,1824
1209,2057
1032,2289
1057,2464
1280,2554
1673,2547
2146,2441
2596,2250
2952,2011
3123,1775
2995,1605
2656,1524
2201,1571
1717,1730
1320,1955
1078,2195
1033,2392
1203,2511
1534,2538
1988,2466
2458,2303
2860,2081
3084,1845
3052,1644
2786,1534
2363,1540
1899,1672
1448,1879
1137,2123
1026,2340
1122,2491
1411,2552
1841,2515
2308,2384
2728,2183
3013,1939
3097,1716
2899,1571
2517,1539
2044,1632
1577,1821
1216,2057
1039,2295
1068,2471
1292,2567
1684,2564
2143,2466
2584,2278
2939,2039
3109,1820
2982,1640
2650,1569
2196,1621
1718,1776
1311,2006
1072,2247
1024,2446
1192,2569
1533,2601
1972,2527
2440,2359
2841,2137
3068,1901
3046,1703
2774,1587
2346,1597
1870,1725
1428,1927
1123,2163
1009,2380
1110,2519
1393,2578
1821,2534
2298,2402
2724,2195
3014,1954
3092,1738
2885,1592
2500,1557
2029,1643
1564,1827
1205,2063
1029,2288
1078,2464
1303,2548
1685,2538
2152,2440
2604,2251
2948,2004
3104,1775
2977,1598
2644,1525
2193,1574
1718,1737
1320,1963
1080,2198
1043,2391
1200,2509
1551,2540
1995,2470
2462,2306
2853,2075
3071,1838
3051,1638
2779,1525
2356,1539
1885,1662
1444,1876
1137,2121
1014,2339
1122,2492
1413,2549
1844,2513
2316,2373
2743,2168
3025,1927
3097,1712
2891,1567
2503,1539
2032,1632
1564,1829
1197,2069
1026,2308
1070,2487
1298,2571
1694,2562
2157,2464
2607,2274
2952,2038
3106,1809
2975,1635
2644,1569
2184,1626
1700,1787
1288,2013
1064,2249
1033,2447
1198,2561
1543,2585
1992,2515
2461,2352
2848,2125
3069,1897
3039,1697
2763,1583
2328,1593
1859,1717
1420,1929
1123,2169
1008,2383
1116,2530
1401,2583
1830,2542
2302,2403
2725,2199
3015,1960
3086,1739
2880,1590
2493,1554
2029,1640
1572,1833
1201,2067
1030,2297
1066,2469
1283,2553
1691,2542
2158,2436
2612,2244
2953,2004
3106,1766
2979,1587
2651,1515
2197,1572
1709,1735
1303,1959
1066,2199
1033,2397
1206,2515
1554,2540
2004,2467
2469,2297
2864,2071
3086,1831
3057,1636
2778,1534
2348,1544
1868,1678
1429,1889
1128,2134
1024,2348
1132,2495
1421,2552
1851,2507
2322,2372
2746,2159
3015,1921
3081,1711
2880,1572
2495,1538
2024,1636
1560,1830
1200,2066
1034,2300
1074,2476
1306,2566
1702,2560
2163,2454
2602,2271
2938,2046
3105,1819
2972,1643
2636,1572
2178,1623
1704,1788
1298,2015
1068,2256
1030,2449
1199,2565
1550,2588
1996,2521
2465,2357
2854,2135
3078,1894
3038,1696
2757,1586
2328,1597
1851,1727
1416,1935
1112,2174
1005,2385
1113,2527
1408,2582
1843,2538
2315,2403
2749,2185
3022,1943
3085,1732
2873,1594
2484,1560
2013,1652
1547,1842
1193,2075
1028,2303
1067,2474
1303,2555
1710,2545
2183,2432
2619,2243
2957,2002
3104,1767
2970,1593
2630,1522
2173,1573
1700,1742
1297,1966
1064,2206
1048,2397
1215,2513
1576,2537
2018,2461
2477,2294
2862,2049
3081,1827
3046,1633
2768,1531
2339,1542
1862,1676
1425,1888
1129,2129
1025,2347
1133,2498
1425,2552
1853,2503
2328,2366
2753,2153
3034,1917
3093,1707
2877,1570
2478,1545
2015,1645
1556,1836
1203,2077
1034,2312
1066,2486
1292,2568
1704,2555
2176,2447
2623,2296
2961,2024
3107,1796
2968,1630
2626,1565
2171,1623
1694,1796
1293,2024
1057,2264
1019,2456
1198,2567
1561,2589
2015,2512
2480,2344
2859,2120
3071,1886
3035,1690
2751,1587
2316,1603
1845,1737
1403,1948
1103,2187
999,2391
1124,2535
1424,2587
1850,2540
2320,2399
2746,2189
3022,1946
3078,1733
2861,1593
2476,1561
2013,1661
1560,1845
1196,2072
1030,2302
1070,2473
1307,2553
1708,2541
2176,2433
2623,2237
2959,2001
3113,1769
2971,1595
2631,1527
2180,1573
1701,1742
1292,1975
1061,2213
1037,2411
1213,2522
1568,2540
2024,2459
2489,2289
2873,2061
3088,1825
3043,1627
2761,1524
2330,1541
1848,1679
1412,1898
1122,2140
1020,2352
1139,2491
1439,2545
1871,2501
2344,2363
2766,2152
3038,1910
3095,1694
2871,1559
2465,1538
2001,1652
1545,1838
1195,2078
1034,2311
1078,2485
1317,2569
1719,2555
2185,2446
2631,2256
2966,2028
3101,1802
2948,1638
2608,1569
2162,1631
1687,1798
1291,2024
1061,2260
1033,2453
1211,2568
1570,2585
2022,2507
2484,2342
2862,2120
3069,1881
3019,1688
2748,1585
2313,1599
1833,1732
1400,1946
1106,2182
1008,2394
1127,2536
1426,2584
1857,2538
2328,2399
2771,2178
3028,1939
3094,1729
2866,1593
2467,1570
1993,1663
1536,1853
1184,2087
1021,2311
1072,2477
1313,2556
1714,2542
2183,2428
2637,2228
2987,1994
3124,1763
2959,1592
2613,1528
2156,1582
1681,1751
1287,1978
1061,2216
1037,2407
1220,2516
1576,2534
2037,2453
2507,2283
2893,2058
3089,1822
3035,1629
2751,1530
2323,1550
1845,1688
1410,1903
1122,2144
1019,2354
1141,2496
1454,2546
1884,2499
2360,2359
2771,2147
3042,1908
3088,1694
2866,1554
2470,1542
1999,1645
1538,1841
1190,2080
1034,2309
1073,2477
1312,2558
1715,2555
2194,2442
2642,2250
2972,2015
3112,1791
2960,1625
2610,1565
2151,1629
1674,1802
1282,2029
1050,2267
1027,2457
1204,2577
1581,2589
2036,2512
2498,2340
2875,2112
3081,1877
3026,1687
2737,1585
2302,1604
1821,1740
1386,1954
1096,2190
1009,2399
1140,2535
1439,2577
1872,2530
2345,2390
2760,2182
3031,1939
3078,1724
2850,1588
2449,1564
1979,1667
1526,1863
1184,2099
1037,2321
1088,2477
1320,2555
1723,2542
2193,2427
2639,2233
2970,1988
3108,1760
2953,1595
2607,1527
2150,1590
1680,1753
1291,1982
1070,2217
1046,2414
1225,2523
1582,2534
2040,2453
2502,2279
2881,2049
3089,1813
3038,1618
2747,1522
2317,1544
1840,1687
1412,1912
1121,2151
1017,2362
1142,2501
1461,2546
1889,2499
2361,2358
2775,2142
3043,1903
3089,1689
2865,1558
2464,1542
1989,1654
1516,1850
1170,2081
1027,2313
1088,2484
1331,2566
1739,2549
2201,2438
2644,2241
2977,2009
3115,1783
2954,1622
2598,1566
2127,1634
1649,1802
1269,2034
1057,2271
1041,2460
1226,2570
1584,2581
2041,2503
2505,2337
2880,2111
3080,1877
3026,1684
2725,1585
2285,1608
1813,1745
1388,1956
1104,2194
1006,2402
1133,2536
1444,2586
1879,2532
2349,2389
2758,2174
3038,1939
3092,1722
2861,1586
2444,1560
1977,1639
1516,1863
1175,2094
1023,2320
1075,2479
1322,2559
1732,2539
2205,2426
2657,2223
2988,1989
3129,1754
2956,1582
2596,1520
2137,1591
1664,1765
1271,1996
1056,2230
1042,2421
1230,2527
1600,2536
2061,2453
2521,2277
2895,2040
3078,1810
3027,1614
2734,1526
2300,1551
1823,1692
1421,1911
1109,2151
1022,2363
1154,2502
1467,2544
1905,2494
2367,2347
2774,2135
3046,1904
3075,1694
2852,1557
2449,1539
1981,1647
1521,1851
1178,2091
1033,2320
1090,2488
1340,2563
1739,2546
2200,2439
2642,2239
2975,2005
3113,1781
2952,1620
2600,1562
2130,1634
1659,1806
1270,2038
1044,2272
1040,2462
1224,2573
1584,2583
2038,2497
2510,2328
2890,2102
3085,1867
3022,1680
2721,1581
2287,1605
1806,1747
1380,1963
1096,2202
1002,2411
1133,2545
1452,2594
1891,2526
2362,2386
2777,2167
3039,1931
3074,1715
2841,1589
2440,1568
1955,1673
1508,1868
1167,2107
1019,2328
1083,2486
1346,2556
1758,2537
2221,2425
2656,2219
2979,1981
3113,1753
2948,1589
2594,1531
2128,1574
1655,1767
1268,1994
1054,2227
1057,2417
1247,2525
1612,2535
2062,2455
2521,2273
2895,2040
3090,1801
3022,1618
2732,1519
2293,1547
1818,1697
1388,1909
1113,2151
1030,2368
1154,2510
1464,2549
1901,2492
2372,2342
2790,2127
3054,1889
3087,1681
2850,1552
2448,1537
1969,1653
1499,1850
1154,2099
1022,2327
1088,2488
1343,2565
1755,2544
2226,2429
2666,2232
2989,1997
3116,1771
2952,1611
2590,1560
2115,1629
1631,1810
1248,2048
1054,2278
1045,2467
1237,2574
1605,2582
2064,2498
2523,2327
2894,2105
3083,1865
3009,1679
2707,1583
2269,1610
1796,1753
1374,1961
1096,2202
1010,2408
1143,2543
1473,2585
1902,2526
2372,2384
2776,2165
3032,1923
3059,1716
2832,1587
2434,1569
1971,1675
1503,1861
1165,2108
1020,2330
1084,2490
1347,2568
1753,2542
2218,2422
2661,2226
2986,1981
3112,1754
2947,1589
2596,1532
2129,1606
1645,1780
1258,2006
1048,2241
1047,2429
1240,2532
1610,2538
2069,2449
2533,2265
2907,2033
3099,1796
3038,1610
2724,1529
2278,1550
1801,1698
1373,1919
1099,2157
1027,2368
1179,2502
1476,2542
1921,2490
2390,2336
2806,2123
3057,1885
3073,1686
2826,1557
2425,1544
1952,1657
1507,1860
1171,2101
1029,2330
1092,2491
1351,2566
1767,2543
2235,2422
2671,2242
2984,2005
3095,1775
2927,1614
2577,1558
2116,1634
1644,1811
1255,2041
1048,2285
1046,2464
1242,2569
1614,2576
2070,2489
2521,2318
2885,2093
3071,1861
3011,1674
2710,1583
2267,1611
1791,1757
1355,1971
1090,2212
1014,2415
1149,2546
1468,2590
1901,2530
2371,2374
2791,2157
3045,1916
3063,1712
2828,1585
2421,1568
1954,1679
1492,1876
1155,2113
1012,2337
1084,2495
1355,2563
1783,2539
2248,2411
2679,2209
2989,1977
3110,1751
2937,1591
2567,1537
2105,1601
1632,1779
1250,2010
1052,2246
1059,2428
1254,2529
1634,2533
2084,2440
2540,2255
2910,2036
3093,1799
3014,1620
2709,1524
2266,1561
1795,1710
1374,1927
1104,2169
1030,2372
1166,2503
1479,2547
1926,2484
2393,2338
2806,2116
3055,1872
3074,1664
2834,1544
2426,1538
1963,1659
1499,1861
1165,2103
1027,2328
1088,2493
1348,2570
1768,2547
2242,2422
2680,2219
2994,1985
3112,1763
2934,1608
2573,1558
2105,1636
1634,1821
1246,2058
1032,2290
1031,2471
1239,2573
1619,2574
2092,2489
2543,2310
2907,2080
3092,1845
3007,1660
2700,1574
2254,1610
1761,1762
1347,1977
1086,2211
1013,2419
1161,2545
1485,2585
1919,2519
2389,2373
2796,2155
3047,1913
3061,1708
2815,1584
2408,1573
1931,1690
1485,1881
1164,2118
1030,2342
1097,2498
1353,2565
1769,2532
2242,2411
2679,2209
2993,1970
3104,1742
2926,1581
2563,1530
2101,1601
1641,1777
1263,2018
1052,2251
1050,2437
1252,2536
1627,2539
2088,2450
2545,2267
2910,2035
3097,1798
3014,1612
2710,1521
2271,1558
1805,1709
1367,1938
1097,2176
1022,2379
1164,2511
1490,2545
1931,2485
2398,2330
2814,2121
3061,1873
3074,1670
2817,1546
2409,1546
1940,1673
1488,1866
1160,2107
1024,2331
1097,2488
1367,2558
1780,2537
2250,2416
2689,2218
2991,1983
3097,1764
2915,1617
2558,1571
2096,1644
1623,1814
1244,2053
1046,2288
1051,2473
1249,2574
1631,2574
2091,2486
2534,2307
2900,2083
3080,1855
2999,1673
2695,1583
2254,1613
1772,1759
1353,1977
1085,2211
1014,2413
1154,2535
1477,2579
1915,2519
2386,2367
2793,2162
3042,1917
3075,1708
2818,1581
2410,1580
1936,1694
1482,1887
1152,2126
1019,2340
1087,2496
1350,2563
1768,2538
2244,2408
2693,2196
3012,1966
3116,1744
2929,1588
2562,1540
2091,1611
1626,1790
1241,2019
1044,2252
1049,2434
1253,2529
1634,2528
2101,2439
2566,2259
2927,2025
3098,1792
3011,1610
2698,1529
2256,1565
1779,1716
1358,1941
1097,2180
1026,2384
1173,2507
1505,2544
1943,2487
2402,2336
2811,2116
3061,1875
3067,1669
2823,1548
2412,1545
1933,1660
1486,1868
1162,2108
1031,2328
1103,2488
1368,2564
1774,2539
2237,2414
2685,2210
2999,1977
3107,1757
2925,1608
2558,1562
2092,1642
1621,1824
1241,2053
1048,2292
1050,2476
1245,2577
1610,2578
2079,2486
2552,2308
2913,2079
3095,1849
3002,1667
2688,1580
2246,1614
1770,1763
1349,1982
1082,2223
1008,2424
1150,2547
1485,2579
1932,2517
2402,2367
2807,2147
3051,1903
3057,1700
2807,1581
2390,1572
1917,1695
1469,1892
1154,2124
1030,2341
1101,2495
1365,2564
1783,2534
2254,2414
2693,2212
3002,1972
3106,1746
2919,1595
2545,1540
2078,1616
1625,1790
1254,2018
1056,2245
1057,2428
1262,2532
1641,2534
2104,2440
2558,2261
2920,2024
3096,1791
3006,1610
2695,1522
2251,1563
1778,1713
1352,1934
1090,2180
1026,2386
1175,2516
1505,2549
1949,2486
2419,2331
2822,2108
3068,1864
3073,1665
2820,1548
2403,1542
1917,1667
1468,1867
1148,2114
1022,2337
1104,2491
1376,2562
1796,2534
2267,2408
2705,2206
3007,1974
3107,1753
2920,1605
2534,1567
2064,1646
1597,1822
1228,2057
1040,2291
1053,2473
1259,2571
1643,2568
2106,2478
2565,2302
2921,2073
3094,1843
2991,1659
2669,1577
2222,1610
1753,1770
1339,1983
1079,2227
1015,2426
1167,2550
1495,2582
1941,2518
2409,2365
2810,2142
3046,1902
3048,1697
2807,1573
2390,1575
1916,1693
1465,1895
1143,2132
1015,2350
1100,2500
1380,2564
1791,2534
2262,2409
2692,2203
2999,1956
3113,1731
2931,1579
2557,1541
2076,1614
1614,1797
1231,2027
1042,2259
1058,2438
1265,2533
1644,2535
2109,2438
2570,2249
2933,2014
3112,1786
3017,1604
2684,1527
2237,1568
1762,1725
1344,1952
1091,2192
1031,2396
1177,2521
1510,2550
1959,2481
2425,2321
2826,2099
3067,1866
3065,1660
2808,1543
2392,1545
1915,1668
1464,1876
1149,2115
1027,2341
1114,2495
1385,2560
1799,2532
2259,2408
2695,2212
3013,1977
3103,1753
2913,1602
2534,1562
2070,1645
1605,1829
1227,2064
1045,2288
1057,2475
1264,2572
1639,2570
2102,2481
2563,2306
2924,2070
3096,1835
2994,1657
2669,1574
2222,1616
1745,1769
1331,1987
1076,2226
1014,2429
1166,2554
1500,2584
1959,2515
2421,2357
2821,2133
3058,1894
3056,1693
2796,1576
2376,1573
1901,1693
1453,1900
1134,2132
1010,2355
1102,2510
1389,2570
1815,2532
2273,2405
2711,2197
3007,1956
3104,1737
2913,1581
2535,1540
2066,1622
1594,1805
1226,2033
1042,2262
1072,2438
1284,2538
1664,2533
2123,2433
2576,2248
2932,2011
3105,1778
2995,1602
2672,1525
2227,1569
1754,1724
1343,1947
1096,2191
1043,2395
1188,2521
1516,2551
1965,2485
2438,2326
2833,2102
3067,1861
3061,1672
2806,1547
2387,1547
1911,1679
1468,1878
1148,2130
1016,2349
1098,2496
1387,2564
1810,2526
2282,2402
2717,2197
3014,1961
3104,1741
2909,1595
2532,1560
2065,1652
1591,1840
1210,2074
1021,2299
1051,2479
1272,2573
1660,2572
2126,2475
2579,2291
2931,2059
3101,1826
2992,1655
2666,1577
2212,1624
1730,1778
1325,1997
1067,2233
1020,2428
1178,2555
1513,2579
1959,2511
2428,2356
2824,2134
3055,1895
3042,1692
2785,1576
2376,1576
1905,1690
1447,1893
1136,2139
1013,2356
1109,2506
1389,2569
1812,2532
2280,2402
2714,2194
3009,1954
3099,1730
2914,1577
2538,1530
2064,1618
1589,1802
1220,2039
1039,2274
1053,2449
1279,2538
1680,2533
2129,2433
2584,2248
2939,2012
3113,1777
2998,1597
2671,1518
2216,1565
1741,1727
1331,1957
1083,2194
1029,2395
1185,2519
1527,2549
1978,2479
2448,2321
2849,2100
3079,1855
3053,1658
2785,1548
2374,1554
1894,1673
1450,1883
1135,2129
1018,2351
1115,2503
1401,2564
1826,2532
2298,2401
2721,2202
3004,1970
3084,1743
2898,1597
2518,1558
2049,1648
1585,1835
1215,2074
1035,2302
1063,2481
1283,2574
1670,2572
2132,2476
2580,2294
2926,2056
3095,1827
2983,1653
2656,1576
2203,1619
1729,1775
1318,1996
1074,2232
1022,2427
1182,2549
1520,2576
1964,2512
2427,2349
2834,2125
3068,1891
3045,1690
2783,1576
2362,1579
1882,1700
1445,1905
1128,2146
1012,2359
1104,2511
1386,2567
1810,2524
2297,2390
2731,2194
3022,1947
3098,1727
2900,1580
2519,1541
2050,1624
1581,1810
1213,2044
1032,2272
1062,2448
1287,2532
1684,2521
2157,2425
2607,2239
2942,2001
3106,1771
2987,1596
2661,1522
2207,1573
1729,1735
1322,1963
1082,2198
1041,2398
1200,2515
1545,2548
1989,2477
2449,2317
2852,2090
3078,1849
3054,1658
2783,1544
2367,1556
1886,1685
1449,1892
1137,2133
1009,2355
1104,2509
1403,2569
1832,2529
2305,2395
2732,2185
3021,1947
3095,1732
2897,1590
2511,1560
2039,1655
1576,1844
1202,2080
1019,2314
1054,2493
1288,2578
1679,2561
2146,2470
2593,2282
2946,2052
3106,1825
2982,1646
2644,1572
2190,1619
1710,1779
1303,2006
1066,2250
1029,2444
1187,2555
1531,2581
1985,2505
2450,2342
2844,2120
3069,1879
3041,1685
2769,1578
2342,1583
1867,1707
1430,1912
1129,2149
1014,2355
1113,2504
1402,2565
1831,2526
2303,2390
2731,2180
3017,1940
3091,1714
2888,1568
2503,1535
2043,1634
1588,1821
1223,2058
1035,2283
1067,2454
1294,2540
1687,2531
2156,2423
2602,2238
2946,2001
3104,1767
2982,1591
2656,1516
2204,1572
1728,1738
1316,1967
1077,2208
1036,2405
1200,2526
1548,2546
1996,2474
2465,2307
2859,2081
3084,1846
3058,1647
2783,1547
2347,1561
1863,1688
1431,1895
1130,2141
1020,2354
1124,2507
1412,2564
1843,2529
2317,2392
2745,2187
3032,1949
3096,1736
2881,1599
2486,1565
2021,1657
1563,1855
1204,2089
1033,2328
1066,2490
1294,2577
1690,2565
2158,2459
2607,2274
2942,2045
3098,1824
2964,1647
2623,1576
2186,1627
1710,1783
1305,2009
1067,2248
1028,2443
1192,2563
1544,2581
1992,2506
2452,2341
2853,2110
3079,1871
3039,1669
2761,1570
2337,1580
1864,1714
1421,1919
1120,2157
1009,2370
1115,2515
1410,2573
1835,2528
2314,2393
2751,2179
3032,1930
3093,1710
2887,1568
2495,1536
2025,1626
1560,1816
1199,2053
1034,2280
1069,2457
1297,2543
1700,2530
2173,2418
2623,2226
2959,1988
3110,1761
2975,1594
2638,1523
2188,1574
1710,1736
1306,1964
1070,2205
1040,2407
1215,2525
1563,2549
2010,2473
2469,2309
2865,2082
3084,1838
3051,1640
2772,1535
2342,1554
1864,1691
1429,1913
1129,2147
1023,2365
1132,2503
1418,2559
1837,2523
2311,2387
2746,2181
3031,1942
3093,1730
2881,1592
2493,1560
2024,1659
1562,1852
1201,2092
1035,2320
1065,2497
1289,2584
1684,2569
2157,2465
2608,2276
2949,2040
3104,1811
2971,1644
2632,1572
2179,1625
1701,1791
1294,2021
1061,2252
1018,2448
1186,2562
1550,2581
1997,2506
2466,2344
2849,2114
3070,1870
3039,1670
2760,1558
2333,1571
1854,1708
1412,1915
1107,2153
1011,2364
1128,2507
1426,2570
1847,2522
2313,2388
2741,2176
3027,1937
3092,1721
2881,1574
2488,1543
2015,1633
1555,1815
1201,2045
1043,2275
1085,2451
1311,2542
1699,2531
2168,2425
2618,2232
2957,1993
3108,1762
2973,1594
2633,1521
2184,1577
1711,1743
1312,1974
1081,2212
1043,2404
1209,2521
1569,2536
2014,2463
2476,2302
2867,2075
3085,1840
3047,1653
2768,1540
2332,1558
1847,1698
1415,1925
1125,2163
1017,2371
1132,2513
1426,2568
1854,2521
2328,2384
2754,2176
3034,1935
3097,1728
2873,1594
2473,1570
2005,1672
1549,1865
1194,2098
1030,2322
1070,2492
1301,2577
1703,2565
2172,2457
2620,2271
2955,2031
3102,1806
2961,1641
2620,1572
2172,1630
1693,1794
1289,2023
1059,2260
1028,2453
1207,2566
1557,2582
2011,2502
2471,2339
2856,2112
3068,1875
3038,1681
2764,1571
2327,1584
1847,1708
1406,1925
1113,2163
1010,2378
1126,2519
1419,2567
1851,2520
2319,2381
2748,2163
3031,1917
3095,1702
2886,1564
2487,1539
2009,1633
1551,1824
1196,2058
1031,2283
1075,2456
1308,2540
1702,2527
2172,2418
2623,2225
2971,1990
3116,1762
2973,1592
2627,1528
2172,1588
1699,1755
1299,1981
1068,2215
1039,2410
1211,2522
1571,2537
2024,2458
2494,2293
2875,2069
3071,1836
3047,1640
2763,1544
2329,1559
1854,1698
1414,1911
1119,2154
1015,2369
1140,2512
1441,2565
1873,2521
2339,2388
2748,2182
3016,1938
3085,1726
2874,1593
2475,1572
2000,1676
1541,1879
1195,2106
1028,2336
1079,2504
1315,2588
1708,2572
2172,2466
2614,2266
2954,2035
3104,1810
2963,1638
2616,1578
2159,1630
1684,1797
1289,2025
1062,2263
1031,2455
1217,2567
1556,2584
2006,2499
2472,2330
2863,2107
3074,1872
3031,1679
2748,1573
2315,1590
1834,1725
1398,1933
1106,2173
1009,2386
1137,2519
1445,2564
1865,2519
2333,2383
2759,2167
3016,1930
3089,1709
2866,1569
2469,1542
2000,1640
1541,1834
1184,2072
1036,2299
1084,2462
1322,2540
1720,2521
2189,2411
2634,2217
2971,1985
3111,1755
2960,1587
2615,1526
2162,1590
1689,1757
1296,1985
1071,2221
1040,2411
1215,2525
1577,2543
2033,2466
2498,2293
2880,2066
3086,1836
3038,1645
2753,1547
2321,1569
1849,1706
1410,1918
1108,2158
999,2379
1136,2523
1444,2569
1878,2516
2346,2381
2763,2162
3036,1928
3086,1719
2867,1591
2471,1570
1995,1680
1531,1880
1172,2116
1021,2342
1077,2507
1315,2586
1717,2570
2187,2457
2633,2262
2969,2023
3114,1801
2959,1634
2607,1579
2145,1640
1667,1810
1276,2029
1059,2272
1037,2459
1209,2569
1572,2584
2027,2505
2493,2337
2873,2108
3077,1874
3023,1682
2736,1575
2300,1587
1828,1719
1399,1932
1106,2176
1008,2388
1128,2521
1437,2570
1873,2517
2344,2372
2763,2157
3033,1914
3078,1700
2861,1557
2468,1537
2009,1642
1548,1840
1186,2076
1028,2308
1079,2476
1325,2549
1726,2528
2194,2415
2635,2217
2968,1981
3112,1750
2963,1578
2622,1528
2164,1595
1683,1765
1283,1992
1064,2227
1045,2418
1222,2527
1586,2542
2033,2457
2501,2285
2885,2056
3080,1824
3003,1635
2743,1542
2311,1564
1836,1700
1400,1921
1111,2160
1015,2375
1143,2516
1450,2573
1885,2522
2357,2382
2768,2174
3027,1941
3080,1735
2862,1600
2460,1578
1985,1682
1525,1881
1176,2121
1025,2344
1083,2512
1324,2589
1732,2564
2193,2451
2633,2255
2964,2023
3108,1797
2954,1635
2601,1581
2136,1643
1665,1812
1272,2041
1057,2276
1035,2463
1217,2567
1577,2578
2032,2501
2503,2333
2882,2107
3080,1865
3020,1683
2727,1583
2291,1603
1821,1742
1390,1953
1104,2188
1007,2394
1130,2525
1442,2570
1885,2517
2364,2370
2777,2158
3036,1917
3082,1703
2856,1565
2455,1541
1983,1642
1527,1837
1177,2074
1027,2303
1081,2465
1332,2540
1742,2521
2213,2409
2653,2211
2979,1973
3113,1747
2954,1588
2604,1530
2143,1596
1667,1769
1277,1992
1064,2226
1046,2414
1237,2517
1595,2538
2055,2450
2513,2287
2889,2054
3092,1824
3035,1638
2739,1542
2298,1569
1824,1707
1394,1925
1114,2164
1022,2374
1148,2518
1447,2568
1885,2510
2364,2366
2779,2155
3043,1924
3080,1718
2850,1591
2449,1578
1981,1685
1524,1880
1179,2119
1022,2348
1070,2510
1315,2584
1731,2563
2202,2450
2649,2253
2972,2025
3109,1799
2950,1636
2598,1577
2136,1646
1661,1818
1262,2046
1046,2280
1031,2460
1218,2570
1586,2582
2041,2496
2504,2330
2884,2102
3084,1864
3016,1673
2719,1578
2285,1599
1815,1735
1393,1947
1108,2179
1007,2385
1133,2525
1452,2569
1890,2516
2363,2370
2778,2152
3037,1912
3078,1700
2846,1568
2447,1546
1982,1650
1527,1838
1172,2076
1022,2307
1083,2474
1338,2547
1748,2521
2214,2411
2653,2209
2981,1970
3118,1747
2955,1584
2597,1519
2142,1578
1661,1752
1270,1986
1058,2227
1047,2417
1239,2528
1603,2544
2060,2460
2523,2285
2898,2053
3093,1816
3031,1625
2733,1527
2285,1554
1814,1705
1384,1924
1122,2165
1020,2379
1153,2512
1462,2563
1900,2515
2375,2368
2787,2156
3054,1924
3076,1718
2839,1593
2427,1571
1959,1685
1514,1881
1172,2121
1024,2348
1083,2511
1333,2584
1747,2561
2218,2446
2659,2254
2979,2023
3105,1800
2931,1635
2577,1585
2124,1654
1649,1823
1260,2049
1047,2285
1038,2469
1228,2572
1598,2580
2058,2495
2515,2321
2886,2084
3076,1846
3021,1654
2720,1570
2274,1598
1799,1739
1374,1954
1096,2200
1012,2404
1142,2536
1457,2579
1893,2521
2364,2373
2779,2145
3053,1899
3109,1697
2846,1566
2440,1545
1964,1651
1510,1850
1172,2085
1025,2310
1088,2477
1341,2547
1747,2515
2221,2391
2667,2190
3003,1955
3129,1737
2943,1571
2585,1515
2125,1587
1657,1759
1268,1993
1058,2232
1044,2422
1239,2527
1608,2537
2069,2452
2535,2286
2905,2058
3100,1820
3026,1633
2725,1537
2283,1565
1803,1713
1379,1930
1103,2174
1020,2382
1153,2511
1463,2552
1897,2504
2381,2359
2796,2141
3051,1903
3076,1697
2838,1576
2427,1565
1958,1676
1504,1883
1167,2125
1026,2344
1084,2509
1332,2588
1753,2572
2227,2454
2667,2256
2985,2020
3108,1802
2931,1640
2576,1586
2115,1658
1640,1825
1253,2047
1042,2284
1035,2468
1235,2572
1608,2581
2065,2491
2526,2316
2892,2085
3083,1851
3014,1662
2709,1571
2267,1592
1789,1736
1361,1953
1089,2192
1017,2398
1159,2528
1467,2566
1907,2512
2375,2367
2788,2148
3049,1905
3076,1699
2837,1573
2425,1552
1949,1659
1495,1851
1169,2089
1037,2309
1099,2470
1350,2540
1764,2514
2234,2395
2674,2192
2991,1951
3115,1728
2956,1571
2574,1517
2115,1586
1647,1764
1267,1999
1059,2239
1056,2426
1247,2528
1619,2539
2080,2450
2542,2270
2908,2040
3094,1798
3021,1616
2717,1521
2280,1559
1803,1711
1370,1939
1091,2178
1021,2386
1163,2523
1482,2566
1923,2504
2391,2354
2795,2139
3052,1898
3077,1691
2839,1575
2430,1570
1944,1692
1484,1893
1155,2128
1021,2354
1093,2514
1355,2586
1760,2563
2231,2445
2672,2244
2990,2007
3112,1786
2936,1631
2567,1585
2093,1657
1619,1830
1247,2059
1046,2293
1041,2475
1240,2577
1612,2580
2078,2486
2535,2310
2899,2081
3087,1852
3007,1670
2706,1579
2262,1602
1776,1750
1354,1965
1085,2208
1012,2407
1156,2536
1475,2567
1915,2506
2385,2353
2800,2134
3055,1894
3086,1688
2838,1559
2415,1550
1939,1669
1489,1867
1156,2104
1025,2324
1096,2478
1357,2545
1770,2515
2243,2397
2682,2187
3001,1943
3120,1717
2934,1554
2568,1510
2104,1589
1634,1766
1275,1999
1051,2235
1051,2421
1255,2524
1627,2534
2092,2445
2551,2269
2912,2037
3098,1801
3017,1619
2711,1533
2268,1563
1792,1711
1363,1935
1092,2178
1019,2387
1164,2520
1491,2558
1933,2502
2399,2362
2804,2142
3048,1897
3075,1694
2820,1570
2419,1564
1939,1684
1487,1884
1155,2124
1027,2349
1097,2511
1360,2583
1766,2563
2229,2441
2667,2241
2984,2004
3108,1782
2928,1631
2558,1586
2096,1657
1626,1837
1247,2070
1045,2302
1045,2483
1240,2583
1612,2584
2068,2480
2533,2304
2903,2071
3088,1839
3003,1655
2696,1571
2256,1609
1782,1751
1359,1972
1089,2210
1007,2411
1147,2539
1477,2565
1919,2506
2394,2356
2795,2140
3046,1899
3065,1694
2828,1570
2419,1559
1944,1671
1487,1865
1155,2099
1017,2320
1092,2466
1364,2533
1787,2507
2246,2387
2683,2185
2998,1947
3112,1722
2934,1569
2563,1521
2100,1597
1629,1773
1246,2005
1056,2241
1060,2422
1268,2527
1642,2530
2091,2437
2551,2261
2920,2027
3104,1798
3016,1618
2705,1529
2263,1562
1785,1713
1362,1931
1089,2172
1017,2385
1170,2524
1495,2554
1939,2498
2405,2345
2811,2132
3059,1891
3067,1686
2822,1567
2409,1559
1928,1676
1471,1887
1139,2133
1020,2359
1101,2517
1361,2583
1782,2553
2247,2431
2684,2232
2995,1996
3105,1775
2922,1623
2553,1576
2083,1657
1612,1838
1236,2076
1041,2304
1049,2483
1249,2582
1629,2582
2088,2488
2549,2308
2912,2076
3093,1840
2996,1659
2684,1575
2243,1613
1775,1763
1347,1978
1082,2205
1010,2404
1155,2531
1485,2564
1935,2504
2403,2349
2806,2133
3050,1890
3062,1678
2820,1556
2409,1547
1940,1668
1482,1874
1150,2110
1019,2330
1100,2485
1370,2550
1788,2519
2257,2396
2693,2187
2998,1944
3104,1720
2926,1563
2564,1520
2096,1597
1620,1777
1240,2008
1049,2242
1059,2428
1265,2525
1641,2529
2102,2436
2562,2254
2927,2019
3104,1789
3014,1610
2701,1532
2252,1568
1774,1720
1355,1946
1091,2185
1030,2393
1171,2519
1501,2554
1945,2494
2418,2340
2821,2124
3065,1889
3061,1690
2802,1566
2399,1559
1925,1685
1473,1895
1151,2138
1018,2360
1096,2520
1367,2582
1789,2549
2264,2431
2696,2235
2996,2000
3090,1778
2909,1623
2546,1576
2079,1661
1610,1844
1233,2074
1038,2305
1051,2481
1261,2576
1638,2574
2098,2478
2547,2299
2919,2068
3092,1837
2992,1660
2678,1577
2229,1616
1754,1769
1337,1985
1077,2219
1014,2421
1159,2546
1498,2573
1948,2517
2420,2352
2815,2129
3053,1891
3061,1687
2810,1567
2394,1563
1919,1676
1471,1874
1146,2109
1017,2325
1098,2475
1382,2542
1809,2512
2275,2381
2696,2181
3004,1944
3105,1717
2917,1555
2547,1516
2080,1595
1613,1775
1238,2009
1048,2248
1063,2429
1278,2530
1654,2533
2110,2434
2570,2255
2930,2023
3107,1784
3009,1605
2688,1524
2240,1556
1766,1709
1352,1941
1092,2184
1030,2391
1176,2521
1503,2554
1956,2492
2424,2332
2828,2112
3069,1875
3062,1678
2807,1568
2390,1563
1914,1690
1467,1897
1145,2138
1015,2368
1092,2521
1366,2582
1803,2547
2260,2423
2702,2218
3001,1982
3101,1760
2909,1617
2538,1576
2073,1662
1605,1850
1225,2086
1027,2311
1042,2489
1260,2576
1646,2572
2108,2475
2562,2297
2919,2067
3090,1835
2996,1656
2670,1572
2225,1614
1748,1772
1328,1990
1073,2221
1024,2425
1166,2546
1498,2577
1944,2508
2413,2346
2820,2125
3061,1882
3059,1678
2801,1562
2387,1558
1907,1679
1464,1878
1151,2114
1025,2334
1105,2490
1379,2550
1800,2519
2273,2381
2709,2177
3006,1937
3101,1710
2909,1564
2535,1523
2072,1603
1618,1785
1244,2021
1048,2257
1062,2432
1275,2528
1651,2526
2125,2428
2576,2242
2937,2007
3112,1775
3004,1602
2681,1529
2222,1573
1753,1733
1342,1954
1085,2191
1028,2390
1184,2518
1522,2551
1966,2482
2436,2326
2835,2104
3065,1870
3055,1670
2789,1562
2370,1571
1906,1698
1461,1905
1143,2146
1019,2366
1106,2523
1383,2585
1818,2549
2275,2430
2712,2219
3004,1978
3089,1764
2889,1621
2527,1584
2061,1661
1568,1845
1222,2077
1035,2313
1054,2490
1270,2582
1655,2576
2117,2474
2570,2292
2922,2062
3091,1832
2992,1655
2666,1572
2216,1614
1737,1768
1324,1992
1072,2226
1020,2427
1174,2546
1511,2574
1957,2506
2421,2345
2827,2123
3077,1879
3069,1681
2794,1568
2375,1566
1897,1690
1452,1889
1143,2126
1019,2346
1112,2495
1388,2555
1799,2513
2285,2375
2722,2166
3023,1929
3102,1708
2903,1559
2525,1521
2062,1607
1597,1794
1227,2033
1044,2266
1062,2443
1278,2534
1675,2527
2134,2427
2593,2240
2945,2004
3106,1770
2999,1594
2675,1520
2227,1563
1751,1732
1334,1955
1079,2196
1032,2400
1188,2512
1528,2555
1960,2491
2437,2335
2836,2105
3071,1869
3057,1668
2796,1559
2373,1565
1893,1690
1448,1899
1140,2142
1013,2360
1114,2518
1385,2582
1804,2549
2268,2418
2714,2212
3013,1978
3103,1763
2901,1618
2519,1580
2054,1669
1589,1852
1221,2082
1042,2310
1056,2489
1266,2583
1649,2569
2116,2470
2585,2288
2929,2054
3092,1824
2983,1645
2655,1576
2205,1620
1725,1778
1314,1996
1071,2233
1027,2433
1187,2544
1519,2572
1967,2505
2431,2345
2828,2118
3062,1881
3051,1671
2791,1560
2365,1563
1891,1688
1450,1894
1147,2129
1039,2342
1116,2490
1394,2552
1818,2519
2292,2387
2721,2173
3029,1931
3100,1713
2897,1561
2517,1521
2060,1610
1594,1790
1234,2025
1045,2260
1061,2440
1279,2536
1675,2531
2144,2428
2594,2243
2943,2010
3109,1776
2997,1600
2667,1526
2220,1568
1740,1727
1321,1953
1070,2194
1031,2397
1192,2518
1532,2548
1981,2477
2447,2321
2842,2098
3073,1860
3055,1668
2788,1562
2362,1571
1879,1703
1428,1910
1131,2150
1019,2365
1118,2518
1397,2579
1821,2541
2292,2410
2724,2203
3016,1966
3099,1750
2896,1612
2510,1581
2030,1664
1570,1850
1214,2087
1037,2315
1058,2493
1276,2584
1666,2575
2134,2471
2591,2288
2938,2056
3093,1826
2976,1648
2647,1565
2194,1614
1727,1772
1312,1997
1065,2231
1017,2430
1182,2548
1525,2574
1981,2506
2441,2346
2836,2120
3060,1883
3043,1676
2781,1561
2366,1568
1886,1693
1439,1898
1129,2138
1014,2352
1121,2499
1446,2565
1829,2517
2297,2380
2724,2169
3008,1925
3104,1698
2907,1557
2522,1527
2045,1612
1582,1807
1215,2042
1038,2275
1069,2448
1290,2536
1677,2532
2143,2422
2599,2232
2952,1993
3107,1764
2987,1597
2659,1526
2207,1574
1732,1737
1321,1963
1066,2204
1034,2403
1200,2525
1550,2552
1994,2477
2438,2315
2833,2094
3073,1868
3052,1658
2783,1552
2354,1561
1876,1695
1424,1904
1128,2149
1017,2363
1121,2515
1406,2573
1829,2537
2292,2414
2726,2208
3013,1972
3097,1750
2890,1608
2504,1573
2032,1660
1568,1851
1206,2088
1033,2315
1068,2490
1289,2576
1672,2567
2135,2471
2600,2277
2944,2048
3098,1817
2978,1644
2642,1570
2186,1617
1714,1778
1303,2005
1060,2237
1019,2434
1183,2553
1533,2575
1996,2503
2455,2338
2845,2112
3061,1874
3040,1678
2774,1566
2350,1565
1872,1701
1421,1906
1124,2143
1013,2356
1121,2499
1436,2558
1850,2518
2309,2378
2733,2167
3020,1922
3095,1703
2889,1558
2502,1526
2027,1620
1567,1808
1206,2045
1041,2271
1086,2440
1309,2536
1693,2529
2156,2422
2610,2234
2957,1993
3111,1763
2987,1594
2647,1520
2193,1575
1722,1742
1321,1965
1084,2200
1047,2407
1189,2528
1547,2549
2004,2480
2467,2314
2860,2088
3078,1853
3041,1657
2773,1550
2347,1562
1871,1694
1435,1916
1128,2160
1019,2371
1117,2517
1408,2573
1843,2536
2314,2403
2743,2190
3021,1955
3092,1740
2884,1600
2498,1574
2020,1666
1568,1860
1190,2101
1016,2321
1075,2491
1292,2578
1692,2568
2152,2464
2601,2279
2946,2042
3097,1813
2965,1646
2628,1574
2179,1626
1708,1789
1300,2005
1064,2244
1024,2436
1190,2555
1543,2577
1993,2499
2459,2336
2849,2111
3066,1873
3036,1673
2766,1563
2348,1570
1872,1690
1425,1895
1119,2147
1010,2362
1124,2507
1416,2562
1849,2517
2323,2377
2742,2168
3028,1932
3097,1705
2893,1561
2504,1522
2024,1614
1556,1810
1202,2051
1035,2282
1075,2453
1307,2537
1701,2525
2165,2418
2612,2228
2965,1996
3122,1765
2991,1591
2646,1521
2185,1581
1712,1751
1307,1978
1070,2215
1039,2411
1207,2526
1557,2549
2011,2474
2479,2309
2869,2081
3080,1856
3041,1657
2762,1548
2336,1560
1860,1697
1424,1914
1122,2156
1010,2373
1127,2519
1422,2575
1853,2532
2328,2404
2748,2193
3013,1954
3076,1739
2874,1599
2487,1570
2016,1667
1553,1861
1193,2096
1030,2325
1068,2492
1302,2579
1701,2568
2165,2463
2610,2269
2943,2033
3097,1806
2969,1638
2626,1568
2171,1621
1696,1787
1290,2013
1055,2255
1028,2443
1196,2554
1553,2574
2007,2497
2462,2329
2853,2095
3074,1862
3035,1665
2757,1558
2327,1574
1851,1705
1435,1913
1120,2155
1011,2368
1127,2512
1421,2564
1849,2514
2326,2374
2761,2165
3032,1923
3088,1709
2874,1562
2482,1535
2015,1631
1557,1820
1199,2057
1035,2287
1076,2454
1307,2535
1712,2519
2191,2409
2648,2219
2964,1982
3114,1754
2979,1589
2628,1525
2176,1589
1702,1758
1298,1986
1078,2219
1044,2412
1212,2524
1563,2541
2020,2473
2487,2307
2873,2085
3084,1845
3041,1655
2758,1550
2325,1573
1850,1703
1411,1924
1117,2160
1009,2371
1118,2517
1442,2571
1863,2523
2334,2388
2757,2179
3032,1942
3088,1734
2870,1598
2478,1571
2003,1668
1543,1854
1182,2090
1017,2328
1063,2495
1308,2580
1710,2564
2178,2456
2624,2270
2957,2033
3100,1805
2961,1641
2614,1579
2165,1637
1683,1797
1277,2023
1054,2260
1028,2450
1203,2559
1559,2574
2010,2490
2475,2321
2863,2091
3078,1847
3032,1659
2754,1555
2318,1572
1836,1711
1410,1913
1118,2166
1014,2373
1132,2513
1432,2562
1864,2511
2340,2372
2761,2156
3036,1914
3086,1699
2866,1558
2468,1536
2006,1630
1559,1825
1202,2064
1030,2292
1075,2459
1315,2545
1719,2528
2189,2421
2632,2233
2967,1988
3113,1766
2973,1594
2628,1522
2177,1584
1706,1750
1299,1977
1066,2216
1045,2409
1221,2523
1579,2544
2033,2465
2492,2298
2878,2068
3089,1838
3038,1645
2754,1552
2322,1579
1841,1712
1405,1923
1116,2169
1013,2379
1135,2524
1437,2572
1869,2521
2341,2385
2763,2169
3036,1929
3090,1730
2863,1597
2464,1572
1986,1668
1538,1871
1185,2111
1028,2337
1074,2501
1318,2583
1715,2550
2185,2456
2633,2259
2954,2026
3094,1799
2953,1629
2610,1560
2153,1624
1675,1793
1275,2022
1055,2261
1032,2448
1207,2561
1565,2573
2020,2495
2484,2326
2870,2096
3080,1863
3033,1668
2743,1560
2311,1582
1830,1708
1396,1919
1107,2163
1011,2372
1136,2511
1439,2561
1875,2514
2348,2372
2772,2157
3053,1908
3085,1697
2858,1562
2460,1540
1987,1644
1535,1833
1189,2069
1032,2292
1080,2459
1323,2539
1731,2522
2207,2411
2657,2210
2978,1972
3113,1752
2963,1590
2616,1529
2163,1590
1686,1759
1286,1992
1063,2231
1044,2423
1225,2535
1590,2544
2046,2460
2501,2297
2880,2066
3088,1830
3032,1649
2747,1550
2309,1572
1829,1713
1397,1928
1105,2169
1015,2381
1144,2524
1448,2584
1869,2533
2348,2388
2768,2173
3043,1933
3086,1731
2860,1597
2456,1577
1983,1675
1527,1872
1179,2104
1032,2335
1078,2500
1310,2578
1709,2555
2192,2447
2641,2253
2971,2021
3107,1797
2950,1632
2600,1570
2139,1633
1670,1806
1273,2017
1052,2265
1026,2453
1201,2555
1568,2566
2031,2487
2494,2318
2874,2092
3078,1854
3024,1659
2736,1564
2307,1584
1828,1721
1395,1932
1101,2169
1004,2371
1137,2507
1452,2554
1883,2508
2353,2366
2772,2151
3039,1903
3084,1692
2859,1557
2458,1538
1983,1644
1523,1841
1180,2071
1033,2296
1092,2463
1330,2543
1735,2527
2200,2414
2649,2215
2980,1976
3117,1747
2961,1585
2609,1524
2157,1591
1690,1762
1287,1987
1057,2229
1045,2420
1227,2532
1595,2542
2054,2461
2510,2291
2889,2061
3091,1831
3030,1641
2741,1544
2300,1570
1818,1709
1386,1934
1102,2180
1016,2388
1147,2524
1457,2575
1888,2525
2361,2382
2777,2171
3046,1932
3083,1724
2852,1595
2442,1577
1964,1682
1514,1881
1178,2112
1026,2336
1081,2504
1329,2579
1735,2557
2204,2440
2650,2248
2973,2015
3105,1790
2941,1629
2580,1577
2120,1643
1660,1809
1268,2030
1049,2260
1036,2450
1218,2553
1583,2569
2043,2485
2507,2315
2876,2085
3078,1850
3013,1657
2720,1562
2291,1581
1814,1721
1386,1939
1101,2174
1006,2392
1142,2518
1459,2563
1895,2510
2368,2361
2779,2142
3043,1893
3084,1678
2849,1553
2446,1536
1971,1647
1517,1841
1172,2082
1028,2308
1090,2470
1342,2546
1742,2522
2212,2406
2656,2207
2988,1963
3131,1744
2962,1588
2595,1532
2133,1602
1665,1778
1276,2003
1061,2237
1048,2431
1233,2537
1597,2546
2060,2459
2523,2278
2901,2054
3100,1823
3023,1636
2729,1546
2291,1570
1814,1714
1383,1934
1105,2179
1014,2392
1148,2526
1465,2572
1903,2517
2376,2375
2788,2164
3046,1928
3075,1718
2844,1588
2438,1573
1966,1679
1505,1878
1165,2123
1023,2343
1085,2504
1338,2580
1750,2557
2218,2447
2651,2253
2981,2008
3112,1785
2938,1628
2578,1569
2117,1637
1646,1808
1254,2039
1048,2274
1033,2459
1218,2564
1588,2573
2055,2489
2517,2309
2888,2078
3084,1845
3014,1650
2714,1556
2276,1581
1797,1726
1374,1938
1093,2179
1010,2386
1148,2521
1466,2567
1916,2501
2380,2357
2789,2135
3047,1891
3076,1684
2838,1555
2432,1537
1958,1652
1500,1847
1169,2086
1025,2311
1103,2473
1360,2539
1755,2515
2224,2402
2669,2203
2987,1967
3120,1744
2948,1581
2590,1532
2122,1598
1655,1774
1268,2007
1068,2236
1063,2423
1245,2532
1608,2543
2070,2459
2531,2286
2906,2051
3095,1819
3019,1632
2717,1542
2278,1574
1797,1716
1379,1945
1103,2192
1015,2399
1152,2534
1472,2578
1914,2523
2381,2376
2793,2159
3047,1921
3073,1716
2836,1585
2429,1578
1957,1692
1496,1893
1161,2133
1015,2345
1089,2506
1346,2581
1750,2554
2226,2435
2663,2239
2983,2006
3107,1783
2935,1629
2576,1576
2109,1646
1628,1818
1237,2045
1041,2274
1042,2460
1233,2562
1596,2564
2061,2483
2518,2301
2894,2075
3088,1836
3013,1652
2709,1561
2269,1591
1783,1729
1358,1945
1096,2181
1014,2385
1150,2520
1469,2559
1913,2501
2386,2337
2800,2131
3051,1887
3073,1677
2831,1544
2420,1535
1954,1641
1503,1844
1165,2086
1025,2313
1094,2473
1352,2543
1763,2517
2236,2400
2674,2200
2995,1962
3126,1738
2955,1578
2581,1521
2115,1600
1644,1777
1254,2010
1056,2246
1054,2430
1249,2534
1623,2542
2078,2453
2538,2277
2916,2046
3107,1810
3019,1626
2708,1544
2265,1581
1792,1731
1369,1949
1096,2192
1021,2397
1159,2531
1481,2572
1922,2518
2393,2369
2800,2151
3053,1922
3063,1710
2826,1590
2420,1580
1948,1694
1490,1892
1159,2131
1018,2353
1089,2513
1354,2579
1767,2553
2231,2437
2665,2240
2970,2006
3103,1786
2930,1621
2564,1569
2102,1638
1628,1816
1244,2045
1042,2276
1039,2459
1234,2561
1611,2564
2069,2479
2524,2299
2893,2068
3088,1831
3007,1647
2703,1560
2258,1586
1781,1734
1361,1946
1089,2188
1016,2393
1158,2523
1477,2562
1915,2500
2392,2342
2804,2127
3054,1884
3071,1676
2825,1550
2413,1542
1942,1651
1493,1853
1162,2093
1025,2316
1095,2474
1356,2541
1778,2506
2248,2394
2684,2193
2996,1953
3109,1735
2933,1584
2571,1535
2109,1605
1639,1786
1255,2016
1049,2251
1053,2433
1257,2532
1642,2539
2097,2454
2546,2275
2910,2047
3097,1813
3016,1631
2709,1546
2262,1580
1781,1730
1359,1953
1088,2193
1024,2395
1169,2535
1493,2577
1937,2518
2399,2368
2804,2150
3058,1913
3068,1710
2826,1589
2413,1583
1933,1695
1487,1895
1156,2134
1023,2357
1096,2516
1348,2584
1758,2555
2235,2434
2680,2238
2989,2002
3106,1780
2925,1627
2557,1572
2092,1645
1623,1818
1225,2051
1029,2289
1050,2467
1242,2562
1619,2565
2075,2474
2533,2297
2901,2067
3087,1832
3004,1647
2701,1557
2251,1590
1773,1741
1350,1957
1088,2194
1019,2394
1161,2521
1483,2557
1927,2496
2400,2341
2805,2124
3056,1871
3066,1670
2820,1544
2407,1539
1941,1657
1493,1836
1159,2090
1022,2314
1099,2475
1361,2542
1776,2517
2249,2394
2690,2191
2999,1954
3111,1731
2928,1577
2568,1528
2116,1605
1643,1779
1248,2008
1051,2249
1055,2433
1255,2536
1632,2540
2095,2449
2554,2271
2916,2041
3100,1804
3013,1623
2710,1534
2288,1573
1777,1732
1353,1956
1091,2194
1010,2406
1168,2537
1491,2576
1931,2517
2401,2367
2810,2152
3056,1911
3076,1709
2824,1591
2409,1581
1922,1695
1481,1900
1153,2138
1020,2357
1094,2516
1359,2584
1770,2555
2246,2430
2688,2233
2997,1999
3104,1782
2920,1629
2550,1572
2088,1646
1622,1820
1240,2054
1040,2285
1040,2464
1244,2562
1620,2566
2085,2472
2535,2296
2915,2064
3079,1835
2987,1649
2691,1558
2251,1585
1777,1737
1351,1955
1085,2195
1013,2402
1166,2529
1491,2558
1935,2496
2403,2344
2805,2124
3045,1877
3060,1668
2822,1547
2407,1539
1927,1654
1479,1857
1152,2100
1021,2319
1104,2477
1367,2544
1783,2513
2248,2389
2682,2181
3003,1938
3112,1726
2927,1573
2554,1527
2091,1605
1628,1787
1249,2021
1050,2257
1057,2441
1263,2541
1654,2542
2119,2448
2562,2262
2919,2033
3097,1807
3006,1621
2693,1542
2250,1582
1769,1732
1351,1956
1091,2200
1021,2405
1178,2535
1517,2574
1941,2507
2411,2354
2817,2143
3061,1905
3067,1701
2814,1584
2396,1577
1923,1686
1472,1905
1150,2142
1022,2368
1103,2519
1367,2583
1777,2546
2254,2428
2692,2228
2999,1993
3103,1771
2915,1619
2546,1574
2079,1649
1614,1828
1235,2059
1037,2289
1042,2466
1236,2570
1624,2572
2095,2475
2551,2293
2913,2058
3089,1824
2996,1642
2685,1555
2242,1588
1762,1744
1346,1963
1081,2202
1002,2401
1161,2526
1501,2557
1944,2494
2412,2340
2819,2115
3060,1876
3061,1670
2814,1549
2397,1543
1925,1661
1468,1865
1141,2099
1015,2318
1109,2477
1375,2547
1794,2509
2263,2385
2697,2180
3021,1938
3110,1721
2922,1571
2547,1530
2084,1613
1614,1796
1244,2020
1054,2260
1029,2445
1266,2537
1644,2569
2109,2447
2571,2266
2928,2029
3102,1800
3005,1618
2685,1540
2235,1583
1768,1731
1354,1957
1094,2204
1024,2414
1171,2540
1506,2574
1953,2512
2420,2360
2824,2141
3058,1903
3062,1699
2809,1582
2391,1577
1926,1697
1479,1910
1148,2147
1019,2365
1100,2518
1373,2584
1796,2553
2261,2423
2695,2230
3008,1995
3102,1767
2901,1615
2523,1569
2064,1652
1603,1830
1225,2064
1039,2295
1052,2471
1259,2564
1643,2567
2106,2471
2561,2289
2916,2054
3085,1826
2979,1645
2669,1564
2229,1596
1750,1741
1323,1963
1075,2201
1019,2400
1172,2529
1508,2560
1953,2494
2426,2339
2825,2115
3057,1871
3046,1672
2807,1550
2387,1543
1912,1662
1462,1866
1142,2105
1021,2325
1109,2478
1384,2539
1808,2507
2273,2377
2704,2179
3004,1939
3104,1723
2921,1570
2540,1527
2074,1612
1613,1796
1233,2029
1048,2265
1064,2446
1272,2539
1652,2539
2122,2440
2575,2251
2943,2017
3113,1789
2997,1614
2678,1534
2226,1579
1753,1743
1339,1967
1084,2213
1024,2417
1177,2543
1510,2574
1962,2505
2438,2351
2842,2129
3066,1897
3058,1694
2802,1575
2382,1580
1907,1705
1460,1909
1139,2151
1014,2371
1104,2522
1378,2586
1806,2552
2284,2424
2708,2226
3007,1987
3099,1768
2904,1616
2528,1572
2058,1656
1594,1835
1217,2063
1032,2293
1051,2471
1272,2570
1651,2565
2111,2471
2566,2283
2916,2052
3096,1815
2992,1636
2668,1558
2218,1595
1746,1748
1330,1968
1081,2205
1027,2407
1178,2534
1504,2561
1944,2492
2427,2330
2833,2105
3069,1865
3061,1662
2800,1543
2377,1551
1913,1668
1462,1875
1144,2114
1021,2338
1109,2492
1375,2547
1800,2509
2282,2379
2713,2170
3015,1927
3106,1714
2908,1560
2529,1519
2066,1605
1597,1790
1230,2030
1049,2266
1074,2442
1283,2539
1668,2537
2131,2440
2581,2258
2944,2029
3105,1796
2992,1613
2671,1539
2217,1591
1742,1749
1337,1974
1092,2214
1032,2413
1181,2543
1520,2577
1969,2512
2443,2352
2838,2132
3065,1894
3053,1689
2796,1577
2375,1582
1900,1706
1462,1911
1140,2152
1011,2371
1072,2527
1388,2586
1816,2550
2286,2420
2716,2212
3008,1976
3106,1760
2901,1617
2522,1575
2052,1656
1583,1837
1215,2078
1031,2308
1053,2487
1270,2575
1658,2568
2119,2467
2576,2282
2928,2041
3098,1807
2989,1624
2666,1551
2205,1603
1724,1752
1323,1970
1077,2217
1022,2412
1183,2534
1522,2556
1962,2488
2438,2327
2837,2100
3072,1860
3063,1661
2789,1550
2357,1547
1881,1668
1451,1878
1137,2117
1022,2336
1114,2486
1393,2543
1839,2505
2293,2371
2724,2163
3021,1930
3094,1706
2896,1562
2512,1524
2062,1617
1595,1806
1224,2039
1041,2271
1062,2448
1288,2542
1677,2532
2139,2431
2592,2251
2939,2011
3103,1785
2991,1609
2662,1537
2210,1590
1736,1751
1323,1985
1078,2226
1034,2424
1191,2544
1532,2572
1979,2500
2441,2341
2836,2116
3073,1873
3063,1678
2797,1574
2363,1586
1886,1714
1447,1930
1131,2166
1015,2384
1115,2532
1391,2587
1816,2551
2290,2415
2720,2210
3010,1971
3084,1755
2894,1616
2511,1581
2032,1663
1576,1850
1208,2083
1032,2311
1061,2486
1279,2572
1672,2561
2131,2459
2587,2270
2932,2038
3095,1804
2981,1627
2654,1553
2203,1597
1726,1756
1317,1983
1070,2221
1027,2417
1189,2535
1528,2559
1969,2488
2442,2329
2845,2103
3073,1854
3051,1655
2782,1544
2358,1549
1879,1677
1438,1887
1134,2126
1021,2339
1101,2487
1395,2543
1818,2509
2299,2371
2733,2156
3022,1911
3099,1695
2895,1549
2513,1521
2046,1614
1583,1802
1219,2045
1040,2280
1067,2455
1284,2548
1687,2541
2154,2436
2600,2248
2944,2010
3105,1783
2986,1610
2659,1537
2205,1591
1726,1760
1312,1991
1070,2227
1029,2426
1202,2545
1542,2575
1990,2500
2454,2340
2846,2116
3074,1875
3048,1677
2782,1569
2351,1583
1873,1714
1429,1926
1125,2167
1022,2381
1129,2530
1407,2593
1830,2549
2299,2416
2730,2209
3020,1970
3093,1756
2886,1614
2499,1580
2029,1668
1566,1854
1211,2090
1039,2322
1065,2491
1282,2577
1672,2562
2139,2453
2593,2264
2937,2026
3096,1794
2977,1622
2645,1550
2194,1600
1724,1763
1316,1991
1071,2229
1027,2420
1188,2536
1537,2560
1990,2483
2454,2320
2849,2093
3082,1848
3048,1650
2781,1537
2359,1551
1879,1684
1427,1899