0,1670
3217,2463
3276,2741
2954,2618
2320,2312
1491,1994
764,1836
626,1737
1228,1557
2098,1604
2814,1967
3226,2471
3293,2763
2989,2655
2379,2349
1552,2038
809,1881
638,1773
1197,1581
2061,1613
2789,1947
3214,2449
3293,2752
3013,2652
2410,2345
1588,2029
824,1853
610,1744
1143,1544
2008,1539
2754,1877
3197,2382
3300,2731
3038,2646
2452,2348
1639,2024
863,1842
611,1730
1104,1535
1962,1523
2723,1844
3183,2355
3296,2716
3053,2655
2481,2365
1666,2037
902,1830
598,1718
1052,1518
1908,1487
2678,1793
3148,2310
3285,2696
3067,2661
2509,2374
1711,2032
906,1822
570,1719
996,1518
1853,1469
2640,1766
3135,2287
3306,2694
3090,2668
2544,2412
1756,2070
944,1849
574,1761
969,1579
1817,1515
2611,1804
3121,2298
3302,2705
3116,2703
2591,2441
1808,2097
988,1877
583,1779
937,1573
1766,1492
2572,1760
3103,2259
3300,2685
3131,2699
2617,2440
1853,2094
1020,1860
581,1782
910,1598
1735,1511
2543,1753
3092,2233
3306,2674
3154,2715
2666,2468
1909,2128
1078,1895
616,1798
895,1616
1688,1510
2505,1736
3071,2203
3299,2664
3167,2718
2697,2470
1946,2124
1104,1877
608,1765
843,1582
1629,1471
2465,1675
3039,2145
3289,2626
3184,2712
2725,2475
1985,2151
1145,1889
626,1780
814,1612
1590,1464
2432,1647
3022,2125
3282,2608
3193,2714
2749,2506
2020,2165
1180,1890
624,1758
767,1595
1534,1442
2384,1621
2991,2086
3265,2575
3197,2704
2773,2500
2055,2167
1213,1879
628,1770
733,1616
1491,1443
2341,1606
2964,2069
3263,2563
3211,2722
2796,2533
2099,2211
1253,1925
639,1819
705,1670
1440,1501
2307,1641
2939,2078
3264,2566
3229,2742
2828,2567
2148,2231
1299,1935
657,1823
689,1680
1399,1489
2259,1625
2915,2038
3257,2530
3239,2743
2862,2571
2189,2225
1345,1946
683,1825
685,1684
1362,1513
2223,1604
2896,2010
3253,2513
3255,2755
2896,2600
2243,2260
1403,1968
717,1829
678,1695
1321,1519
2184,1607
2871,1990
3239,2497
3260,2746
2923,2594
2279,2254
1437,1965
741,1800
653,1668
1266,1490
2134,1555
2837,1932
3222,2455
3262,2724
2946,2597
2312,2272
1475,1972
758,1804
628,1678
1214,1505
2092,1533
2806,1907
3203,2429
3270,2724
2972,2606
2350,2299
1515,1979
784,1790
610,1674
1171,1485
2050,1492
2769,1869
3189,2395
3269,2704
2983,2607
2377,2302
1546,1971
799,1790
576,1689
1127,1489
2004,1489
2740,1857
3178,2375
3277,2716
3009,2643
2420,2363
1600,2024
825,1848
580,1747
1093,1546
1964,1521
2704,1875
3174,2379
3290,2718
3035,2664
2462,2368
1651,2031
857,1845
581,1738
1043,1535
1909,1523
2674,1829
3151,2334
3287,2709
3053,2671
2499,2380
1696,2050
898,1864
582,1753
1021,1554
1870,1522
2649,1819
3144,2321
3291,2713
3084,2689
2539,2403
1751,2074
936,1872
589,1762
989,1582
1829,1527
2621,1791
3126,2288
3290,2695
3101,2677
2579,2403
1789,2067
972,1844
592,1735
946,1552
1774,1477
2581,1735
3101,2237
3287,2670
3115,2679
2603,2422
1830,2091
1006,1853
586,1754
904,1565
1730,1472
2547,1713
3080,2216
3286,2656
3137,2690
2639,2446
1870,2091
1046,1837
591,1747
861,1565
1675,1454
2499,1684
3053,2172
3277,2619
3140,2681
2661,2451
1909,2104
1072,1846
578,1747
825,1569
1633,1452
2457,1672
3032,2160
3276,2626
3164,2717
2697,2497
1957,2149
1120,1890
593,1807
803,1633
1594,1491
2427,1688
3017,2159
3278,2618
3182,2724
2734,2506
2007,2159
1160,1889
613,1798
779,1628
1546,1477
2386,1658
2994,2107
3271,2591
3191,2722
2767,2513
2056,2168
1204,1910
629,1810
767,1655
1509,1508
2353,1661
2978,2097
3278,2584
3213,2736
2803,2539
2104,2201
1253,1934
655,1821
745,1668
1462,1518
2312,1638
2949,2058
3257,2555
3217,2724
2820,2533
2135,2199
1286,1909
666,1781
719,1640
1415,1471
2275,1582
2921,2008
3253,2527
3224,2724
2849,2550
2167,2219
1324,1929
678,1792
680,1650
1364,1467
2229,1568
2890,1984
3232,2499
3234,2718
2872,2558
2203,2226
1360,1919
686,1785
646,1654
1305,1455
2174,1537
2856,1939
3220,2460
3239,2708
2893,2561
2240,2237
1402,1924
701,1787
615,1658
1252,1465
2129,1542
2827,1942
3212,2461
3250,2731
2926,2604
2285,2284
1453,1981
731,1838
615,1720
1222,1522
2088,1569
2801,1941
3206,2453
3261,2735
2950,2617
2333,2301
1497,1984
751,1821
601,1707
1181,1514
2048,1544
2772,1899
3194,2413
3269,2724
2979,2621
2370,2326
1544,2005
791,1833
603,1722
1148,1536
2010,1550
2750,1892
3185,2405
3281,2734
3012,2639
2421,2340
1606,2028
843,1847
604,1738
1110,1546
1966,1534
2715,1848
3166,2360
3278,2707
3026,2633
2448,2335
1643,2003
862,1813
589,1703
1059,1516
1918,1490
2681,1805
3149,2325
3283,2698
3048,2647
2487,2366
1689,2033
900,1836
586,1729
1019,1523
1873,1479
2646,1779
3130,2287
3279,2680
3067,2653
2518,2374
1721,2029
920,1821
565,1714
968,1510
1821,1461
2605,1736
3108,2247
3278,2657
3078,2655
2545,2380
1762,2039
945,1822
560,1729
939,1536
1772,1470
2570,1742
3097,2252
3282,2675
3106,2690
2582,2436
1817,2101
992,1875
574,1777
906,1590
1730,1500
2537,1747
3079,2228
3281,2666
3124,2698
2625,2452
1855,2114
1024,1869
573,1772
869,1590
1683,1489
2503,1715
3058,2196
3279,2650
3142,2698
2665,2466
1906,2126
1073,1871
594,1786
845,1615
1643,1504
2470,1711
3040,2186
3280,2646
3166,2716
2703,2492
1963,2154
1126,1889
618,1793
821,1626
1596,1486
2431,1681
3014,2143
3270,2611
3171,2705
2724,2480
1994,2134
1157,1862
608,1759
778,1600
1552,1454
2388,1646
2989,2103
3267,2585
3187,2714
2756,2500
2041,2164
1198,1882
619,1778
749,1615
1500,1461
2342,1617
2963,2067
3257,2558
3196,2708
2780,2503
2080,2166
1233,1879
629,1772
710,1609
1438,1443
2291,1585
2929,2024
3245,2524
3202,2706
2806,2517
2116,2180
1263,1899
628,1779
682,1627
1392,1464
2255,1594
2910,2024
3239,2541
3223,2737
2834,2567
2163,2231
1314,1953
666,1815
672,1673
1353,1501
2221,1605
2888,2015
3234,2521
3231,2734
2870,2571
2197,2242
1354,1945
682,1809
649,1687
1309,1491
2184,1570
2865,1978
3224,2492
3246,2738
2904,2589
2245,2265
1405,1960
717,1816
637,1690
1277,1509
2152,1578
2844,1973
3226,2483
3260,2740
2935,2604
2298,2283
1466,1973
754,1824
636,1714
1238,1527
2107,1560
2813,1927
3208,2435
3264,2715
2951,2595
2327,2274
1503,1952
771,1803
614,1679
1191,1478
2055,1517
2779,1893
3195,2411
3266,2722
2970,2621
2362,2307
1537,1980
783,1815
597,1695
1150,1491
2012,1511
2748,1855
3183,2368
3270,2696
2994,2611
2400,2310
1579,1983
806,1802
578,1708
1088,1480
1949,1481
2705,1815
3159,2324
3268,2685
3016,2619
2437,2327
1622,2000
833,1816
562,1698
1042,1514
1910,1505
2682,1828
3151,2342
3277,2717
3047,2664
2485,2376
1676,2047
882,1852
574,1746
1017,1557
1869,1521
2646,1818
3131,2325
3279,2705
3065,2665
2518,2389
1720,2056
915,1838
573,1739
979,1552
1828,1501
2616,1784
3122,2291
3286,2694
3090,2680
2556,2414
1772,2077
959,1847
574,1757
946,1590
1790,1519
2589,1778
3108,2270
3288,2683
3121,2687
2604,2429
1833,2089
1016,1860
594,1770
922,1594
1753,1490
2548,1723
3082,2212
3286,2647
3129,2675
2632,2428
1867,2085
1040,1839
588,1742
881,1557
1697,1457
2509,1692
3061,2189
3282,2639
3145,2692
2656,2454
1910,2108
1078,1853
594,1751
849,1573
1646,1449
2469,1665
3034,2145
3272,2612
3154,2686
2684,2460
1940,2108
1106,1845
589,1749
807,1572
1595,1432
2427,1636
3011,2109
3266,2586
3162,2699
2710,2475
1973,2129
1127,1861
582,1772
765,1602
1545,1468
2386,1657
2991,2123
3266,2601
3185,2730
2753,2516
2033,2169
1186,1907
610,1808
747,1643
1502,1488
2348,1653
2970,2091
3261,2577
3205,2722
2781,2522
2074,2179
1224,1907
628,1795
730,1643
1460,1484
2313,1632
2950,2064
3260,2572
3215,2735
2816,2540
2121,2199
1273,1919
654,1811
711,1664
1419,1512
2278,1631
2929,2052
3251,2553
3228,2738
2848,2556
2167,2222
1324,1933
684,1804
694,1665
1378,1486
2236,1578
2899,1997
3239,2510
3240,2714
2872,2543
2201,2216
1356,1920
691,1778
662,1645
1320,1466
2190,1555
2871,1973
3230,2489
3245,2723
2902,2571
2242,2256
1406,1936
717,1791
636,1662
1274,1469
2140,1533
2836,1931
3214,2438
3251,2707
2917,2573
2277,2250
1440,1937
726,1789
603,1663
1221,1451
2093,1508
2800,1898
3198,2413
3253,2704
2941,2593
2318,2276
1487,1959
745,1806
592,1690
1185,1496
2052,1545
2772,1913
3195,2423
3265,2730
2972,2626
2364,2319
1532,2010
783,1846
594,1715
1142,1522
2006,1545
2745,1885
3182,2393
3271,2725
2995,2629
2406,2320
1584,2003
810,1827
588,1717
1105,1523
1971,1535
2720,1859
3173,2369
3277,2725
3021,2644
2443,2344
1629,2026
855,1842
602,1750
1076,1557
1935,1539
2697,1841
3159,2351
3281,2715
3048,2653
2485,2371
1682,2052
897,1838
596,1737
1033,1548
1883,1497
2657,1789
3138,2297
3277,2686
3070,2647
2512,2373
1712,2036
919,1815
580,1725
990,1543
1839,1477
2623,1785
3120,2280
3283,2678
3086,2665
2546,2403
1755,2058
952,1825
573,1731
946,1540
1787,1453
2577,1725
3094,2228
3278,2650
3097,2664
2577,2403
1801,2058
983,1821
563,1729
900,1530
1736,1437
2537,1700
3075,2197
3274,2638
3112,2673
2609,2423
1845,2083
1007,1851
560,1764
867,1581
1689,1489
2505,1729
3058,2212
3284,2660
3136,2711
2650,2465
1895,2123
1058,1891
577,1789
841,1606
1638,1491
2467,1708
3039,2176
3276,2635
3150,2709
2685,2469
1942,2122
1100,1879
599,1773
822,1604
1607,1491
2439,1691
3021,2160
3277,2625
3175,2719
2724,2489
1994,2152
1152,1898
621,1795
798,1639
1560,1511
2402,1679
3000,2137
3270,2615
3189,2725
2758,2507
2036,2169
1194,1898
635,1778
767,1620
1510,1474
2360,1625
2973,2077
3260,2567
3196,2702
2783,2501
2076,2162
1229,1881
642,1771
730,1620
1467,1454
2321,1605
2946,2054
3250,2555
3211,2716
2812,2526
2117,2188
1275,1898
652,1782
701,1632
1411,1450
2267,1565
2910,2002
3239,2512
3213,2701
2825,2530
2141,2196
1300,1899
643,1773
657,1622
1357,1433
2225,1552
2885,1978
3233,2490
3226,2708
2856,2551
2187,2222
1342,1926
670,1803
643,1667
1322,1486
2187,1589
2863,1991
3226,2503
3240,2744
2889,2595
2238,2267
1391,1962
696,1821
632,1686
1278,1494
2147,1569
2840,1958
3219,2475
3246,2727
2914,2592
2276,2269
1435,1960
721,1810
621,1692
1236,1504
2105,1569
2815,1940
3219,2452
3260,2735
2952,2609
2318,2298
1494,1986
765,1829
624,1715
1202,1538
2072,1567
2787,1925
3200,2430
3271,2730
2977,2616
2365,2311
1538,1991
795,1816
607,1698
1156,1507
2018,1512
2754,1864
3180,2381
3269,2706
2993,2613
2397,2308
1577,1985
820,1803
593,1697
1111,1503
1981,1501
2723,1847
3167,2361
3276,2699
3019,2631
2433,2333
1622,2007
852,1814
581,1705
1069,1495
1929,1471
2685,1798
3147,2313
3271,2682
3039,2631
2461,2343
1657,1999
865,1801
561,1696
1014,1497
1871,1469
2649,1778
3125,2295
3274,2682
3059,2650
2499,2371
1705,2039
902,1839
564,1747
983,1556
1837,1509
2618,1801
3121,2304
3280,2705
3071,2686
2547,2411
1756,2073
933,1848
561,1757
946,1574
1787,1499
2581,1767
3104,2269
3282,2683
3097,2680
2576,2420
1800,2082
976,1847
574,1755
922,1580
1749,1505
2557,1753
3093,2246
3289,2675
3125,2691
2623,2439
1854,2109
1031,1877
591,1782
894,1606
1712,1508
2526,1735
3073,2217
3297,2661
3144,2703
2657,2456
1900,2110
1068,1855
597,1757
858,1579
1664,1454
2485,1677
3044,2164
3272,2623
3153,2690
2679,2458
1934,2111
1100,1859
602,1762
831,1580
1619,1448
2447,1661
3027,2128
3276,2613
3169,2707
2713,2483
1980,2131
1141,1866
605,1767
789,1581
1561,1430
2399,1622
2991,2090
3258,2581
3175,2699
2731,2485
2013,2141
1168,1866
598,1754
742,1581
1510,1434
2357,1608
2969,2070
3254,2574
3186,2711
2768,2507
2056,2172
1203,1904
616,1802
726,1644
1459,1486
2316,1646
2951,2083
3254,2578
3208,2737
2804,2545
2104,2209
1261,1926
638,1810
702,1659
1421,1487
2280,1615
2924,2045
3245,2555
3214,2730
2833,2549
2151,2214
1303,1925
657,1804
690,1663
1379,1503
2239,1605
2900,2030
3242,2534
3236,2742
2866,2563
2195,2233
1355,1946
696,1817
676,1693
1337,1510
2199,1603
2873,1999
3237,2508
3241,2733
2896,2575
2238,2244
1405,1940
717,1802
650,1665
1290,1469
2160,1537
2843,1936
3221,2454
3247,2713
2916,2578
2272,2259
1441,1945
730,1798
635,1672
1246,1477
2112,1533
2814,1922
3209,2434
3256,2717
2943,2594
2312,2274
1482,1963
755,1797
607,1668
1189,1456
2059,1502
2778,1881
3188,2391
3251,2707
2955,2601
2343,2279
1509,1961
752,1794
580,1675
1144,1476
2014,1505
2746,1864
3178,2377
3259,2712
2981,2621
2382,2315
1553,2011
790,1840
581,1721
1107,1532
1976,1532
2720,1878
3169,2388
3272,2731
3009,2651
2428,2347
1607,2027
832,1835
578,1726
1064,1542
1929,1518
2691,1831
3152,2346
3276,2706
3032,2648
2460,2356
1650,2038
868,1841
576,1741
1032,1559
1892,1509
2668,1816
3140,2330
3283,2713
3066,2671
2515,2392
1716,2064
921,1851
588,1756
1004,1568
1853,1510
2629,1803
3125,2306
3287,2695
3083,2672
2543,2392
1759,2053
951,1827
589,1726
961,1531
1806,1465
2594,1749
3107,2254
3282,2671
3097,2677
2575,2398
1801,2065
983,1834
579,1739
926,1545
1757,1463
2555,1728
3088,2231
3283,2659
3113,2683
2608,2424
1844,2074
1013,1836
574,1731
884,1537
1699,1443
2510,1685
3059,2181
3273,2629
3129,2674
2644,2426
1879,2086
1036,1842
564,1737
840,1545
1643,1443
2472,1670
3042,2158
3277,2636
3146,2708
2673,2468
1925,2136
1082,1889
579,1789
811,1611
1604,1489
2440,1689
3023,2166
3273,2634
3165,2722
2707,2498
1968,2156
1129,1889
599,1772
786,1610
1560,1479
2402,1661
2998,2140
3259,2617
3177,2723
2742,2503
2015,2157
1172,1893
619,1791
761,1635
1522,1494
2372,1656
2986,2121
3264,2596
3202,2728
2776,2528
2064,2188
1222,1912
638,1805
746,1659
1488,1493
2335,1642
2958,2085
3261,2566
3218,2715
2803,2527
2107,2182
1264,1895
648,1781
714,1626
1434,1453
2289,1582
2930,2027
3254,2530
3220,2711
2826,2545
2143,2198
1301,1911
654,1789
693,1643
1393,1455
2253,1577
2907,2004
3243,2506
3228,2721
2853,2556
2185,2214
1339,1910
670,1776
666,1630
1339,1440
2200,1547
2871,1962
3225,2470
3234,2709
2873,2557
2211,2218
1370,1921
680,1787
639,1642
1286,1455
2153,1547
2844,1943
3217,2470
3241,2731
2901,2589
2262,2265
1419,1967
708,1823
619,1695
1239,1514
2112,1571
2824,1951
3211,2470
3252,2742
2934,2606
2308,2287
1467,1985
743,1825
617,1695
1201,1509
2071,1546
2792,1913
3204,2435
3261,2726
2963,2609
2347,2306
1513,1995
776,1829
610,1720
1163,1531
2034,1550
2765,1899
3189,2420
3273,2734
2997,2631
2396,2334
1576,2005
829,1834
612,1731
1126,1543
1990,1544
2731,1879
3169,2378
3275,2707
3012,2609
2425,2325
1617,1988
842,1801
590,1705
1090,1505
1947,1494
2697,1820
3155,2334
3284,2692
3037,2630
2463,2349
1659,2017
870,1828
577,1731
1039,1515
1892,1484
2662,1791
3142,2302
3277,2681
3052,2649
2500,2368
1706,2019
894,1813
566,1716
991,1510
1837,1465
2625,1750
3119,2258
3272,2669
3066,2648
2523,2373
1734,2036
915,1824
558,1719
960,1511
1794,1457
2587,1749
3104,2261
3272,2687
3089,2682
2563,2427
1772,2088
963,1862
568,1769
920,1586
1755,1506
2557,1757
3086,2253
3277,2682
3107,2699
2594,2442
1825,2103
998,1854
576,1761
883,1590
1707,1488
2523,1725
3070,2219
3281,2661
3137,2692
2642,2452
1884,2118
1048,1870
587,1779
862,1603
1673,1489
2490,1717
3051,2195
3282,2651
3154,2714
2681,2479
1938,2134
1104,1883
602,1797
841,1621
1634,1489
2456,1697
3027,2159
3277,2616
3170,2697
2708,2469
1974,2123
1137,1865
608,1763
804,1593
1579,1447
2411,1644
3004,2114
3270,2596
3182,2712
2733,2488
2015,2145
1170,1885
620,1777
776,1600
1531,1446
2371,1630
2980,2083
3262,2568
3186,2714
2761,2497
2048,2142
1207,1876
618,1766
735,1596
1474,1435
2320,1585
2951,2030
3249,2535
3190,2702
2789,2505
2084,2169
1237,1891
628,1774
703,1621
1417,1450
2281,1590
2927,2030
3243,2548
3228,2736
2824,2549
2132,2225
1279,1937
652,1813
682,1673
1377,1507
2242,1617
2900,2040
3236,2535
3221,2734
2851,2557
2171,2233
1330,1938
672,1808
659,1676
1337,1486
2205,1584
2873,2001
3228,2501
3235,2727
2883,2579
2220,2259
1380,1953
704,1813
646,1691
1302,1502
2171,1590
2853,1989
3229,2490
3247,2738
2909,2596
2270,2263
1430,1968
729,1829
644,1709
1271,1515
2130,1566
2825,1936
3216,2444
3254,2718
2930,2585
2302,2259
1471,1951
743,1794
620,1671
1215,1478
2080,1519
2795,1892
3203,2416
3260,2722
2958,2606
2340,2289
1509,1982
772,1803
612,1681
1171,1483
2036,1504
2764,1858
3185,2385
3259,2707
2979,2609
2374,2295
1546,1985
793,1799
586,1678
1112,1493
1983,1477
2726,1812
3163,2342
3259,2686
2999,2613
2404,2320
1582,2000
815,1805
563,1696
1063,1507
1938,1490
2692,1831
3152,2354
3269,2712
3028,2654
2453,2373
1643,2041
863,1830
578,1748
1042,1556
1905,1515
2666,1834
3138,2342
3276,2707
3047,2665
2486,2384
1686,2041
892,1838
569,1747
1004,1551
1855,1493
2631,1799
3124,2301
3279,2692
3071,2675
2529,2398
1743,2057
937,1851
580,1760
979,1572
1819,1508
2602,1793
3114,2286
3290,2692
3098,2689
2576,2418
1800,2077
981,1847
592,1770
952,1576
1772,1491
2565,1744
3091,2234
3277,2658
3105,2671
2600,2404
1831,2068
1001,1837
578,1737
899,1551
1717,1457
2529,1703
3073,2201
3277,2650
3125,2689
2636,2439
1872,2107
1043,1860
590,1749
865,1558
1673,1450
2489,1669
3049,2162
3269,2624
3137,2684
2660,2441
1904,2104
1068,1849
576,1737
811,1562
1616,1433
2447,1643
3020,2129
3263,2600
3147,2680
2684,2455
1941,2127
1103,1863
581,1759
778,1592
1572,1459
2412,1655
2998,2141
3261,2618
3171,2725
2723,2510
1989,2177
1151,1901
601,1801
759,1639
1529,1484
2374,1659
2982,2122
3261,2602
3185,2723
2750,2521
2030,2174
1190,1903
610,1799
731,1639
1488,1470
2340,1633
2960,2083
3267,2570
3207,2725
2791,2533
2089,2189
1248,1915
636,1813
724,1661
1454,1492
2302,1635
2941,2071
3263,2563
3224,2735
2829,2551
2145,2216
1301,1934
671,1819
714,1669
1410,1480
2261,1601
2914,2022
3243,2515
3218,2716
2846,2540
2174,2204
1330,1915
675,1791
680,1638
1356,1454
2220,1560
2884,1983
3233,2499
3234,2730
2874,2564
2217,2232
1371,1943
688,1797
660,1649
1307,1458
2172,1547
2855,1946
3219,2459
3235,2707
2896,2561
2246,2234
1407,1934
708,1784
625,1648
1245,1454
2119,1515
2821,1905
3202,2432
3237,2704
2919,2575
2282,2254
1440,1956
723,1794
599,1668
1202,1481
2076,1531
2794,1921
3195,2443
3257,2734
2953,2616
2328,2311
1499,1997
760,1841
593,1717
1167,1522
2037,1538
2766,1898
3185,2418
3258,2724
2976,2626
2369,2326
1544,2004
791,1821
587,1714
1130,1514
2002,1523
2739,1880
3177,2402
3272,2726
3001,2639
2412,2344
1597,2012
832,1837
592,1736
1104,1542
1967,1537
2714,1867
3167,2368
3282,2712
3031,2660
2457,2366
1651,2034
874,1844
594,1734
1071,1533
1921,1503
2676,1814
3147,2315
3284,2693
3044,2643
2486,2345
1687,2019
887,1825
580,1718
1022,1510
1870,1483
2648,1786
3132,2292
3278,2687
3062,2664
2522,2381
1726,2069
921,1838
582,1725
983,1524
1818,1473
2606,1742
3108,2235
3272,2658
3080,2657
2551,2382
1759,2049
943,1835
569,1716
929,1523
1759,1458
2567,1702
3089,2215
3269,2655
3096,2667
2582,2409
1801,2069
974,1841
565,1745
889,1574
1721,1489
2535,1725
3070,2231
3274,2673
3123,2703
2622,2457
1853,2121
1028,1881
580,1786
860,1600
1676,1480
2497,1717
3049,2211
3271,2654
3137,2696
2654,2466
1893,2129
1068,1871
584,1773
833,1602
1642,1486
2466,1697
3033,2189
3276,2640
3160,2707
2689,2481
1951,2140
1121,1883
598,1796
812,1636
1589,1498
2428,1692
3015,2158
3275,2620
3178,2717
2731,2508
2006,2158
1172,1889
623,1789
786,1619
1557,1467
2390,1644
2988,2098
3266,2578
3189,2701
2753,2493
2036,2143
1195,1880
617,1780
753,1610
1504,1455
2339,1618
2964,2076
3261,2568
3195,2714
2785,2517
2083,2182
1237,1903
631,1778
725,1604
1451,1448
2300,1593
2933,2019
3241,2525
3203,2711
2807,2526
2112,2180
1267,1894
637,1772
692,1609
1399,1427
2258,1562
2911,1996
3233,2513
3212,2713
2827,2537
2145,2204
1300,1921
646,1799
657,1649
1349,1482
2220,1589
2887,2004
3231,2523
3227,2743
2868,2584
2200,2254
1352,1964
681,1823
652,1678
1310,1487
2176,1572
2860,1977
3226,2498
3238,2730
2891,2575
2240,2248
1396,1955
706,1811
640,1683
1277,1497
2142,1569
2837,1959
3216,2471
3250,2734
2928,2599
2287,2286
1450,1975
749,1826
639,1714
1232,1525
2099,1565
2811,1945
3208,2457
3260,2735
2954,2613
2331,2299
1503,1989
778,1819
621,1699
1192,1510
2059,1526
2780,1882
3191,2399
3263,2703
2973,2605
2362,2300
1537,1975
790,1808
601,1697
1148,1496
2004,1499
2742,1868
3177,2387
3269,2711
2997,2623
2407,2324
1589,1999
829,1818
583,1697
1098,1485
1959,1466
2709,1812
3153,2337
3263,2689
3007,2624
2430,2326
1618,1991
832,1797
563,1694
1048,1484
1902,1456
2667,1780
3141,2308
3267,2692
3030,2637
2468,2350
1664,2033
867,1841
557,1734
1007,1532
1864,1492
2643,1804
3133,2322
3275,2711
3058,2677
2512,2401
1719,2063
907,1856
561,1755
972,1570
1817,1504
2607,1799
3109,2293
3277,2693
3081,2670
2543,2407
1758,2079
946,1848
569,1747
940,1561
1782,1502
2579,1775
3096,2273
3281,2681
3104,2690
2590,2432
1811,2092
995,1871
584,1782
920,1601
1748,1507
2553,1751
3085,2232
3286,2667
3124,2696
2623,2445
1861,2097
1034,1867
588,1763
885,1566
1701,1461
2511,1704
3061,2180
3280,2628
3135,2680
2652,2438
1901,2097
1064,1857
589,1769
856,1570
1652,1456
2473,1670
3041,2155
3277,2619
3149,2704
2686,2465
1944,2122
1103,1869
602,1756
821,1565
1595,1433
2427,1642
3011,2114
3266,2602
3156,2693
2710,2467
1975,2116
1127,1868
595,1750
772,1572
1536,1434
2386,1610
2989,2078
3255,2584
3171,2700
2741,2489
2014,2159
1167,1894
602,1790
740,1630
1491,1488
2351,1645
2968,2108
3254,2600
3195,2730
2778,2526
2067,2201
1223,1924
628,1803
718,1647
1453,1484
2314,1627
2942,2060
3249,2569
3205,2722
2804,2531
2106,2202
1262,1913
643,1790
700,1653
1420,1493
2279,1618
2923,2046
3249,2547
3227,2724
2840,2553
2156,2235
1321,1941
680,1823
685,1683
1378,1503
2242,1604
2897,2029
3243,2531
3240,2735
2872,2572
2206,2248
1370,1941
693,1801
658,1645
1333,1467
2195,1553
2868,1962
3227,2479
3242,2717
2891,2568
2238,2243
1400,1942
711,1806
641,1661
1284,1457
2149,1546
2839,1943
3220,2461
3249,2725
2921,2585
2283,2251
1454,1953
740,1806
622,1655
1235,1450
2096,1512
2801,1900
3196,2416
3247,2705
2933,2585
2310,2267
1477,1952
741,1785
595,1654
1185,1461
2053,1508
2773,1868
3187,2398
3254,2710
2961,2606
2350,2300
1514,1998
763,1828
587,1714
1137,1525
2011,1547
2756,1891
3180,2404
3268,2728
2990,2637
2388,2342
1569,2015
808,1838
582,1722
1101,1519
1979,1517
2720,1855
3167,2371
3266,2714
3010,2638
2427,2345
1614,2010
839,1821
584,1724
1076,1534
1938,1525
2692,1851
3160,2359
3284,2709
3045,2658
2478,2375
1676,2053
887,1849
591,1754
1044,1569
1892,1518
2660,1815
3146,2322
3285,2703
3061,2669
2514,2392
1718,2047
917,1830
582,1722
996,1531
1838,1475
2625,1772
3131,2271
3286,2676
3084,2663
2546,2392
1759,2057
945,1845
574,1742
960,1531
1795,1459
2586,1745
3103,2247
3283,2671
3102,2674
2579,2409
1807,2074
986,1838
571,1729
910,1521
1741,1452
2544,1718
3077,2207
3274,2640
3110,2669
2609,2408
1836,2067
1007,1834
567,1723
866,1540
1693,1444
2504,1688
3055,2176
3269,2640
3127,2688
2641,2444
1884,2111
1050,1871
578,1776
841,1603
1649,1486
2480,1706
3045,2189
3278,2644
3158,2719
2684,2487
1931,2143
1088,1881
587,1780
812,1601
1606,1467
2445,1691
3026,2161
3274,2626
3172,2709
2714,2495
1982,2147
1143,1886
610,1798
794,1628
1569,1492
2409,1681
3001,2132
3274,2604
3190,2723
2751,2519
2032,2181
1185,1903
628,1803
774,1647
1525,1493
2369,1661
2987,2110
3273,2590
3200,2722
2780,2518
2075,2169
1229,1884
646,1775
743,1621
1483,1452
2328,1601
2954,2043
3255,2539
3207,2709
2795,2525
2108,2187
1259,1909
642,1784
721,1623
1437,1449
2284,1584
2930,2021
3251,2530
3218,2714
2832,2535
2147,2200
1297,1913
660,1775
686,1619
1375,1442
2242,1555
2895,1976
3233,2490
3219,2708
2848,2540
2179,2210
1330,1914
668,1776
653,1633
1326,1448
2197,1541
2870,1955
3224,2485
3233,2729
2879,2573
2217,2255
1375,1965
685,1827
633,1684
1281,1501
2158,1584
2845,1984
3219,2495
3248,2739
2913,2597
2263,2278
1429,1969
723,1813
623,1685
1243,1500
2117,1549
2819,1936
3206,2456
3252,2729
2941,2599
2304,2287
1476,1975
755,1832
618,1706
1208,1508
2079,1551
2798,1926
3205,2440
3268,2732
2971,2627
2358,2316
1529,1997
793,1837
615,1724
1174,1528
2035,1550
2764,1899
3187,2397
3270,2719
2995,2624
2392,2309
1576,1987
820,1811
609,1698
1128,1489
1985,1489
2729,1836
3173,2355
3273,2700
3010,2625
2429,2327
1614,2006
835,1825
587,1709
1083,1508
1935,1498
2696,1816
3157,2330
3273,2694
3032,2641
2467,2345
1652,2013
864,1819
582,1707
1033,1495
1881,1464
2652,1775
3129,2289
3264,2671
3041,2636
2489,2354
1679,2019
877,1811
556,1712
986,1510
1840,1466
2626,1759
3119,2279
3273,2693
3064,2670
2525,2410
1729,2076
923,1858
560,1770
957,1573
1802,1502
2596,1777
3103,2281
3276,2687
3090,2678
2563,2422
1786,2089
963,1853
566,1759
926,1576
1755,1484
2560,1742
3090,2239
3281,2670
3113,2684
2604,2429
1838,2097
1008,1863
580,1775
898,1596
1721,1495
2526,1733
3076,2225
3283,2661
3136,2700
2641,2461
1891,2125
1061,1878
595,1784
872,1608
1681,1497
2493,1717
3068,2188
3279,2637
3151,2696
2674,2450
1929,2102
1093,1853
601,1753
836,1573
1630,1447
2456,1662
3029,2129
3277,2604
3164,2704
2706,2472
1967,2134
1127,1879
604,1763
801,1592
1581,1459
2414,1644
3007,2110
3271,2597
3173,2703
2730,2478
2004,2137
1157,1868
607,1761
758,1593
1517,1435
2366,1608
2973,2066
3252,2559
3178,2694
2757,2487
2038,2147
1189,1874
609,1756
721,1595
1465,1455
2324,1605
2952,2066
3247,2565
3201,2718
2789,2536
2088,2205
1244,1929
633,1804
705,1657
1429,1491
2291,1616
2929,2068
3246,2564
3212,2733
2819,2551
2131,2220
1287,1922
643,1804
678,1667
1387,1486
2252,1595
2903,2027
3242,2529
3229,2724
2854,2561
2180,2236
1340,1938
675,1820
669,1679
1349,1486
2212,1583
2882,2005
3240,2516
3245,2737
2892,2582
2234,2260
1394,1960
712,1827
662,1696
1318,1508
2179,1582
2856,1969
3228,2472
3250,2722
2910,2583
2266,2246
1431,1940
731,1797
650,1660
1270,1456
2133,1531
2824,1915
3215,2439
3252,2717
2928,2594
2302,2270
1471,1965
753,1808
629,1677
1227,1478
2087,1526
2795,1888
3200,2408
3259,2713
2956,2597
2338,2276
1508,1959
773,1796
610,1672
1166,1467
2030,1495
2757,1854
3179,2375
3257,2698
2972,2602
2370,2297
1545,1980
781,1802
573,1686
1112,1487
1983,1501
2726,1837
3168,2372
3265,2721
3000,2647
2409,2349
1588,2028
824,1851
576,1740
1078,1539
1943,1523
2700,1857
3157,2363
3273,2719
3024,2648
2452,2362
1646,2029
859,1837
571,1734
1044,1545
1902,1510
2667,1821
3142,2328
3274,2706
3048,2661
2490,2383
1691,2046
893,1838
581,1750
1010,1564
1856,1519
2637,1812
3132,2317
3283,2700
3075,2676
2535,2402
1748,2073
937,1856
582,1761
981,1576
1822,1513
2603,1777
3114,2266
3282,2674
3095,2667
2568,2392
1787,2053
969,1833
580,1731
937,1549
1766,1462
2568,1733
3095,2235
3282,2669
3108,2683
2599,2424
1828,2092
1003,1853
579,1740
899,1552
1724,1467
2529,1702
3067,2200
3276,2644
3125,2681
2628,2418
1863,2081
1032,1841
573,1740
851,1554
1662,1437
2485,1663
3044,2157
3273,2621
3140,2682
2658,2444
1906,2098
1070,1843
579,1736
818,1561
1623,1445
2455,1681
3029,2157
3271,2629
3159,2713
2695,2506
1949,2155
1108,1900
591,1805
798,1629
1581,1487
2423,1674
3010,2150
3271,2615
3174,2718
2728,2502
1999,2161
1156,1887
605,1784
765,1617
1531,1476
2378,1657
2985,2116
3264,2593
3192,2721
2764,2525
2047,2180
1206,1905
632,1797
762,1638
1505,1475
2350,1645
2972,2096
3268,2584
3213,2732
2802,2541
2104,2197
1262,1927
653,1816
733,1661
1457,1494
2307,1629
2941,2052
3258,2540
3219,2716
2825,2527
2142,2184
1296,1895
664,1775
705,1628
1404,1451
2259,1583
2913,2012
3245,2526
3223,2730
2845,2554
2172,2215
1324,1927
673,1793
681,1641
1357,1462
2219,1560
2894,1962
3235,2483
3235,2708
2878,2547
2215,2218
1367,1926
685,1781
643,1629
1292,1445
2162,1523
2849,1934
3216,2461
3235,2712
2897,2563
2244,2251
1403,1935
707,1788
626,1649
1251,1470
2126,1539
2827,1939
3206,2465
3246,2735
2925,2602
2283,2304
1443,1995
733,1829
606,1707
1205,1521
2083,1555
2797,1926
3201,2448
3259,2723
2959,2606
2335,2301
1506,1982
773,1816
606,1707
1172,1514
2045,1535
2768,1899
3187,2416
3266,2727
2981,2625
2371,2329
1549,2001
802,1837
598,1727
1144,1531
2011,1538
2745,1883
3182,2396
3280,2724
3008,2639
2417,2347
1602,2023
832,1845
590,1741
1105,1531
1962,1513
2712,1831
3170,2348
3278,2698
3026,2627
2452,2334
1648,2002
866,1803
597,1706
1072,1507
1921,1486
2682,1803
3152,2317
3273,2699
3043,2654
2475,2371
1678,2037
884,1831
576,1723
1018,1521
1869,1466
2644,1767
3129,2276
3279,2675
3063,2648
2516,2370
1724,2035
918,1820
560,1714
967,1520
1816,1454
2600,1736
3108,2248
3274,2662
3080,2656
2547,2386
1765,2058
949,1821
564,1733
938,1550
1779,1479
2573,1749
3092,2254
3281,2683
3108,2698
2587,2445
1814,2101
991,1873
571,1779
895,1588
1727,1493
2535,1742
3074,2231
3283,2665
3125,2696
2626,2440
1859,2103
1034,1871
584,1780
876,1583
1692,1476
2506,1716
3058,2200
3283,2653
3142,2711
2664,2458
1913,2116
1080,1877
594,1788
850,1607
1647,1492
2471,1712
3042,2178
3283,2642
3165,2720
2704,2484
1959,2142
1123,1897
616,1795
826,1610
1601,1466
2426,1655
3018,2114
3272,2596
3169,2695
2725,2476
1998,2131
1154,1872
618,1766
790,1595
1544,1453
2388,1629
2991,2096
3262,2589
3182,2717
2759,2508
2039,2172
1190,1894
630,1770
755,1600
1493,1441
2340,1592
2960,2053
3247,2549
3185,2697
2777,2505
2068,2174
1218,1892
625,1761
709,1593
1432,1428
2294,1561
2932,2019
3241,2521
3203,2699
2804,2513
2110,2184
1265,1900
640,1782
684,1639
1398,1473
2269,1607
2908,2047
3237,2552
3211,2740
2834,2566
2156,2244
1314,1942
660,1819
671,1673
1356,1483
2223,1587
2882,2008
3229,2518
3228,2731
2862,2567
2191,2245
1352,1951
678,1817
645,1673
1320,1482
2185,1573
2868,1980
3235,2493
3253,2739
2907,2586
2257,2262
1421,1959
725,1824
648,1696
1280,1524
2144,1598
2836,1974
3217,2479
3252,2740
2929,2605
2292,2280
1462,1978
750,1824
637,1692
1237,1490
2099,1532
2804,1898
3203,2420
3261,2716
2948,2593
2326,2278
1495,1964
767,1794
613,1674
1188,1478
2057,1516
2781,1882
3191,2410
3266,2720
2976,2612
2369,2305
1545,1984
802,1807
604,1686
1138,1480
2003,1493
2738,1843
3164,2362
3249,2698
2987,2620
2390,2316
1567,1993
806,1801
567,1670
1078,1471
1952,1465
2700,1808
3157,2338
3267,2686
3014,2622
2433,2337
1619,2004
837,1823
560,1728
1041,1527
1910,1507
2676,1837
3145,2350
3275,2717
3040,2668
2478,2390
1675,2052
882,1849
565,1761
1026,1546
1871,1498
2640,1805
3132,2311
3276,2700
3057,2671
2504,2395
1710,2059
903,1847
559,1746
986,1540
1836,1492
2620,1796
3129,2296
3292,2695
3092,2679
2563,2410
1783,2072
965,1859
587,1763
960,1583
1789,1515
2582,1781
3099,2263
3288,2685
3107,2691
2593,2427
1823,2082
1003,1861
593,1755
926,1561
1746,1473
2550,1720
3086,2211
3281,2650
3122,2680
2621,2420
1859,2084
1028,1845
584,1749
884,1560
1702,1462
2514,1702
3063,2190
3281,2639
3141,2692
2656,2448
1907,2107
1072,1864
594,1753
850,1566
1648,1444
2468,1655
3036,2129
3269,2608
3145,2683
2677,2456
1930,2111
1096,1853
579,1741
804,1566
1596,1408
2428,1628
3013,2107
3268,2595
3163,2704
2713,2479
1975,2140
1138,1883
594,1785
777,1608
1548,1475
2392,1660
2996,2133
3268,2616
3181,2732
2749,2520
2028,2179
1177,1908
610,1802
749,1635
1502,1480
2353,1649
2968,2098
3256,2585
3197,2724
2779,2523
2067,2185
1217,1911
636,1796
733,1641
1465,1485
2318,1640
2954,2079
3261,2569
3215,2729
2818,2541
2123,2213
1277,1927
657,1813
710,1668
1419,1502
2275,1618
2931,2056
3251,2551
3226,2730
2847,2549
2166,2216
1321,1926
679,1794
685,1651
1373,1457
2241,1566
2901,1991
3240,2497
3231,2711
2866,2548
2196,2228
1362,1925
681,1784
665,1650
1334,1456
2198,1561
2866,1981
3232,2491
3249,2724
2894,2576
2243,2245
1405,1937
711,1790
638,1653
1275,1447
2139,1513
2832,1926
3212,2440
3240,2709
2909,2576
2272,2249
1433,1936
713,1787
605,1646
1224,1448
2095,1515
2803,1905
3208,2428
3252,2718
2939,2596
2318,2276
1477,1976
741,1832
601,1694
1186,1499
2063,1557
2783,1919
3200,2430
3262,2735
2969,2631
2360,2325
1522,2007
770,1835
596,1697
1142,1519
2018,1535
2759,1886
3187,2406
3273,2730
2994,2629
2396,2326
1569,2004
816,1820
596,1711
1114,1533
1982,1535
2732,1873
3176,2384
3280,2721
3023,2648
2442,2349
1625,2032
858,1838
597,1744
1077,1556
1941,1532
2698,1847
3158,2355
3289,2716
3050,2659
2480,2371
1676,2038
890,1822
586,1729
1026,1529
1897,1479
2665,1791
3143,2301
3284,2684
3061,2649
2511,2371
1717,2031
914,1819
580,1723
1000,1529
1848,1480
2631,1773
3126,2280
3287,2683
3082,2670
2551,2396
1761,2050
945,1835
573,1730
957,1513
1793,1440
2584,1727
3102,2236
3276,2663
3093,2665
2573,2402
1794,2054
969,1825
560,1717
912,1533
1748,1463
2550,1713
3081,2212
3278,2653
3109,2681
2608,2426
1843,2096
1009,1862
575,1759
881,1582
1695,1485
2516,1724
3067,2223
3273,2670
3137,2709
2645,2468
1885,2134
1047,1879
580,1777
845,1602
1659,1485
2478,1707
3048,2188
3282,2643
3155,2706
2683,2468
1937,2130
1099,1873
597,1773
821,1612
1615,1482
2449,1692
3035,2168
3280,2632
3182,2718
2725,2495
1990,2166
1152,1896
622,1801
807,1637
1582,1490
2415,1674
3006,2135
3278,2613
3187,2725
2747,2508
2031,2153
1193,1881
629,1778
769,1611
1529,1444
2370,1627
2984,2081
3269,2562
3197,2712
2775,2506
2069,2164
1224,1890
632,1780
745,1621
1484,1450
2327,1610
2952,2051
3260,2548
3208,2716
2805,2522
2112,2181
1263,1895
647,1775
714,1609
1428,1430
2277,1573
2925,2008
3245,2513
3214,2707
2828,2527
2146,2187
1292,1908
649,1767
677,1617
1371,1451
2240,1565
2897,1986
3231,2507
3219,2722
2850,2551
2165,2227
1334,1943
669,1807
656,1668
1330,1489
2198,1590
2872,2004
3230,2518
3238,2739
2886,2581
2226,2265
1383,1967
706,1818
645,1680
1289,1493
2161,1568
2846,1965
3223,2483
3247,2732
2914,2587
2268,2267
1423,1956
724,1812
616,1699
1242,1509
2118,1569
2819,1951
3212,2460
3262,2728
2941,2607
2315,2301
1493,1995
766,1833
623,1719
1215,1528
2083,1555
2792,1924
3205,2434
3273,2725
2971,2614
2359,2295
1537,1972
790,1804
608,1694
1170,1489
2034,1505
2758,1869
3186,2384
3268,2703
2987,2617
2388,2309
1576,1991
813,1800
596,1697
1130,1494
1989,1507
2723,1845
3169,2361
3272,2705
3013,2630
2428,2326
1617,2003
834,1819
582,1696
1079,1487
1929,1481
2685,1800
3151,2316
3274,2686
3026,2629
2460,2332
1650,1998
856,1805
565,1693
1025,1503
1880,1477
2661,1783
3133,2300
3281,2694
3048,2659
2495,2376
1690,2052
885,1850
573,1746
994,1562
1848,1511
2633,1797
3126,2310
3284,2709
3079,2683
2534,2399
1737,2071
933,1857
569,1748
953,1561
1804,1496
2586,1768
3107,2271
3283,2667
3102,2669
2571,2412
1791,2080
976,1849
582,1768
932,1591
1765,1499
2567,1759
3091,2243
3288,2667
3122,2685
2612,2441
1847,2099
1027,1871
598,1788
905,1598
1723,1484
2533,1737
3078,2225
3286,2657
3135,2693
2643,2447
1893,2093
1058,1845
591,1748
871,1563
1676,1452
2490,1680
3051,2163
3281,2619
3146,2694
2670,2459
1926,2113
1090,1865
590,1766
834,1570
1625,1446
2454,1657
3028,2137
3273,2612
3163,2698
2704,2469
1972,2121
1126,1863
593,1744
794,1564
1567,1443
2401,1628
2998,2088
3262,2582
3168,2691
2727,2477
2001,2129
1150,1861
599,1748
755,1573
1517,1439
2365,1617
2976,2086
3257,2585
3186,2718
2764,2516
2045,2192
1201,1918
614,1803
724,1640
1469,1491
2330,1638
2957,2086
3253,2586
3203,2734
2799,2546
2090,2213
1243,1919
634,1799
702,1649
1425,1489
2290,1621
2932,2061
3246,2557
3219,2723
2829,2542
2138,2224
1298,1925
663,1813
684,1668
1394,1485
2258,1602
2909,2027
3245,2533
3238,2738
2863,2577
2192,2248
1360,1938
695,1815
681,1680
1359,1490
2219,1594
2887,2005
3242,2506
3245,2725
2883,2568
2227,2233
1389,1921
705,1793
658,1656
1313,1457
2176,1547
2856,1945
3229,2459
3249,2721
2909,2582
2265,2251
1425,1943
722,1805
640,1667
1263,1467
2125,1543
2828,1925
3216,2439
3255,2725
2933,2590
2305,2265
1464,1951
737,1787
616,1645
1210,1454
2078,1508
2793,1871
3190,2400
3250,2707
2952,2592
2337,2275
1495,1962
756,1789
594,1672
1161,1476
2027,1504
2765,1862
3186,2398
3264,2726
2984,2626
2377,2330
1549,2020
798,1837
590,1722
1124,1534
1992,1533
2738,1876
3173,2395
3269,2736
3011,2641
2415,2348
1599,2017
831,1819
582,1719
1082,1529
1950,1506
2703,1840
3158,2360
3274,2714
3032,2646
2455,2369
1651,2038
868,1832
581,1739
1053,1545
1912,1513
2677,1834
3149,2344
3287,2713
3057,2672
2502,2385
1705,2041
912,1855
583,1764
1020,1565
1867,1503
2641,1806
3131,2298
3286,2685
3074,2657
2536,2377
1750,2033
936,1818
576,1726
978,1528
1817,1469
2601,1755
3112,2258
3287,2671
3091,2674
2567,2402
1787,2070
967,1850
582,1744
944,1543
1771,1471
2568,1725
3091,2224
3281,2661
3107,2679
2596,2412
1826,2068
997,1835
566,1724
887,1543
1710,1452
2521,1686
3067,2181
3272,2635
3121,2670
2626,2422
1858,2080
1026,1837
573,1732
855,1554
1674,1452
2494,1688
3050,2191
3273,2649
3143,2709
2662,2465
1903,2136
1072,1890
588,1787
828,1610
1632,1484
2464,1691
3032,2170
3275,2635
3160,2718
2693,2490
1951,2150
1114,1883
592,1781
796,1609
1591,1467
2426,1671
3013,2138
3274,2610
3179,2712
2734,2495
2008,2154
1171,1894
620,1806
787,1644
1553,1489
2390,1664
2993,2126
3271,2603
3195,2736
2770,2529
2053,2184
1217,1904
643,1801
767,1646
1506,1487
2347,1643
2966,2083
3263,2564
3200,2715
2786,2514
2085,2176
1241,1891
641,1776
729,1614
1453,1445
2308,1589
2942,2044
3253,2542
3213,2718
2820,2530
2131,2196
1282,1915
654,1794
701,1639
1403,1460
2258,1574
2910,2002
3240,2513
3221,2713
2841,2539
2163,2199
1316,1908
660,1771
657,1626
1342,1437
2211,1545
2876,1973
3225,2484
3226,2706
2862,2541
2198,2216
1355,1919
680,1782
640,1644
1300,1458
2171,1541
2856,1962
3221,2495
3239,2739
2898,2594
2244,2270
1406,1971
710,1824
629,1688
1266,1508
2135,1577
2830,1967
3214,2473
3252,2733
2923,2599
2283,2279
1451,1973
730,1823
610,1699
1223,1499
2093,1545
2803,1927
3207,2444
3264,2725
2957,2613
2335,2298
1506,1985
776,1828
612,1709
1188,1531
2058,1560
2780,1921
3200,2429
3274,2735
2988,2630
2381,2320
1560,2010
811,1842
620,1720
1156,1530
2016,1531
2751,1870
3182,2380
3271,2709
2997,2621
2407,2309
1589,1986
823,1806
598,1691
1104,1489
1968,1494
2721,1830
3166,2348
3275,2701
3017,2636
2445,2342
1633,2017
855,1820
592,1705
1065,1510
1922,1483
2682,1798
3145,2321
3271,2687
3039,2630
2474,2348
1668,2007
878,1805
567,1701
1003,1512
1862,1466
2640,1759
3124,2273
3269,2668
3055,2641
2507,2371
1708,2035
903,1824
557,1721
966,1522
1821,1476
2610,1770
3115,2290
3281,2695
3086,2682
2549,2413
1765,2080
952,1866
564,1774
942,1581
1782,1502
2577,1771
3097,2264
3282,2681
3100,2686
2585,2430
1807,2082
989,1849
569,1757
909,1576
1737,1495
2543,1743
3080,2235
3285,2665
3127,2691
2625,2436
1861,2101
1035,1869
587,1783
883,1605
1699,1507
2515,1734
3065,2216
3288,2660
3149,2709
2665,2467
1919,2121
1082,1872
602,1780
859,1606
1654,1484
2469,1700
3042,2162
3279,2612
3152,2685
2688,2452
1937,2108
1107,1853
599,1750
814,1572
1603,1449
2439,1662
3022,2142
3277,2613
3177,2707
2721,2482
1992,2136
1147,1871
609,1761
788,1592
1557,1452
2394,1631
2992,2088
3263,2575
3180,2699
2746,2489
2027,2148
1179,1880
604,1764
742,1589
1492,1430
2345,1603
2961,2058
3253,2556
3192,2697
2776,2497
2066,2152
1219,1887
612,1777
709,1626
1447,1469
2310,1614
2945,2061
3253,2564
3211,2733
2807,2549
2116,2213
1273,1934
650,1809
707,1659
1418,1490
2277,1617
2924,2046
3245,2543
3219,2729
2837,2552
2152,2218
1303,1931
664,1811
683,1663
1375,1479
2239,1589
2902,2011
3245,2522
3237,2734
2868,2585
2202,2239
1364,1941
698,1814
670,1678
1337,1506
2201,1605
2872,2001
3235,2492
3251,2735
2908,2585
2254,2257
1416,1959
727,1821
659,1693
1293,1497
2156,1558
2845,1942
3222,2458
3250,2719
2923,2569
2284,2248
1447,1939
735,1790
627,1655
1231,1483
2103,1541
2810,1916
3207,2433
3257,2717
2945,2598
2317,2283
1488,1975
760,1808
614,1678
1193,1480
2059,1514
2781,1877
3192,2397
3258,2703
2965,2596
2353,2279
1525,1963
775,1791
582,1668
1131,1476
2005,1488
2742,1836
3173,2364
3263,2697
2987,2610
2389,2312
1565,1988
798,1806
570,1697
1090,1511
1959,1514
2714,1858
3163,2379
3272,2723
3018,2646
2437,2354
1622,2029
843,1836
573,1740
1049,1549
1922,1526
2686,1843
3148,2349
3276,2711
3042,2657
2474,2368
1672,2029
880,1823
578,1731
1029,1547
1883,1510
2654,1826
3141,2335
3286,2708
3064,2665
2523,2384
1721,2050
921,1847
581,1756
993,1579
1848,1523
2628,1807
3127,2301
3294,2697
3101,2681
2565,2410
1784,2070
972,1848
596,1753
967,1563
1801,1486
2590,1751
3105,2244
3289,2657
3106,2663
2590,2397
1813,2057
996,1832
587,1732
927,1551
1757,1465
2557,1723
3088,2218
3285,2654
3123,2684
2621,2432
1856,2084
1028,1847
587,1737
885,1553
1700,1443
2513,1682
3059,2168
3275,2629
3135,2685
2648,2434
1887,2085
1053,1839
576,1735
837,1554
1644,1437
2469,1657
3034,2148
3265,2613
3148,2681
2676,2456
1927,2112
1084,1859
574,1765
802,1600
1596,1475
2431,1683
3017,2154
3272,2631
3170,2723
2714,2504
1980,2159
1134,1897
591,1785
775,1623
1551,1487
2397,1673
3000,2137
3270,2611
3186,2719
2748,2500
2028,2158
1194,1886
617,1780
757,1628
1513,1484
2368,1647
2979,2107
3265,2592
3204,2724
2784,2523
2077,2183
1235,1914
640,1803
742,1652
1476,1500
2325,1648
2960,2090
3267,2580
3218,2733
2817,2545
2124,2197
1281,1919
661,1795
724,1643
1427,1471
2286,1598
2929,2028
3252,2530
3221,2711
2837,2531
2159,2186
1320,1900
677,1781
694,1644
1385,1471
2244,1573
2904,1999
3245,2509
3233,2718
2864,2557
2197,2227
1353,1927
690,1786
663,1645
1328,1454
2194,1541
2871,1954
3232,2480
3238,2712
2889,2556
2229,2215
1388,1910
699,1780
632,1646
1280,1451
2148,1524
2838,1924
3217,2441
3245,2708
2911,2581
2269,2265
1430,1946
715,1797
618,1675
1245,1488
2116,1564
2820,1952
3211,2466
3260,2742
2943,2617
2313,2300
1478,1986
748,1831
606,1704
1200,1504
2069,1553
2790,1919
3201,2433
3263,2729
2969,2620
2353,2294
1522,1974
776,1813
607,1698
1168,1514
2035,1551
2766,1898
3196,2409
3279,2726
2983,2624
2401,2325
1578,2005
818,1837
606,1727
1132,1542
1992,1545
2738,1870
3183,2389
3278,2727
3028,2645
2445,2347
1635,2012
856,1825
605,1729
1082,1531
1943,1499
2702,1812
3158,2328
3278,2690
3039,2630
2468,2342
1661,2009
880,1817
587,1716
1042,1520
1900,1492
2668,1800
3144,2313
3282,2689
3059,2647
2506,2375
1711,2034
916,1820
585,1723
1003,1516
1848,1461
2620,1745
3116,2270
3275,2667
3066,2649
2522,2381
1738,2031
924,1809
555,1711
943,1511
1797,1453
2587,1733
3103,2248
3278,2660
3092,2664
2568,2400
1785,2053
960,1846
560,1766
916,1569
1751,1494
2555,1768
3086,2257
3282,2680
3110,2702
2606,2439
1845,2092
1005,1870
567,1773
890,1584
1705,1504
2517,1747
3067,2222
3279,2655
3133,2701
2639,2445
1884,2095
1045,1860
581,1770
860,1594
1665,1499
2491,1719
3058,2193
3287,2649
3159,2703
2688,2461
1938,2130
1100,1879
606,1788
838,1625
1626,1516
2462,1702
3038,2170
3282,2635
3182,2714
2727,2477
1985,2137
1144,1876
619,1760
810,1607
1581,1467
2420,1645
3011,2106
3274,2595
3182,2694
2738,2476
2009,2149
1171,1876
622,1766
773,1611
1540,1452
2381,1617
2985,2084
3263,2579
3198,2711
2772,2510
2061,2164
1214,1876
637,1765
737,1600
1483,1426
2333,1590
2956,2055
3253,2537
3200,2693
2792,2504
2089,2169
1245,1881
629,1775
694,1611
1431,1432
2287,1579
2922,2020
3243,2522
3210,2713
2818,2539
2130,2202
1288,1917
640,1807
679,1660
1385,1487
2244,1618
2909,2043
3245,2534
3229,2740
2853,2570
2180,2234
1334,1943
670,1813
668,1671
1347,1486
2212,1601
2886,1997
3236,2506
3236,2734
2886,2574
2228,2230
1382,1942
699,1812
660,1679
1307,1515
2169,1591
2858,1976
3232,2488
3250,2739
2915,2589
2269,2267
1427,1964
732,1816
643,1695
1259,1520
2124,1584
2832,1960
3219,2471
3261,2732
2949,2594
2318,2273
1482,1956
772,1791
638,1682
1218,1494
2090,1526
2800,1892
3203,2415
3265,2714
2969,2591
2346,2287
1517,1979
782,1799
607,1686
1164,1494
2039,1516
2766,1884
3184,2398
3266,2720
2984,2621
2383,2320
1557,1983
800,1794
585,1691
1122,1483
1982,1478
2722,1835
3164,2353
3265,2675
3001,2615
2412,2306
1599,1974
826,1786
562,1680
1067,1485
1937,1471
2693,1814
3152,2327
3276,2697
3029,2648
2458,2354
1646,2029
855,1835
568,1731
1052,1546
1898,1525
2662,1839
3140,2353
3268,2727
3046,2690
2483,2379
1681,2042
878,1850
560,1742
997,1555
1849,1514
2623,1804
3127,2297
3282,2688
3069,2668
2531,2386
1735,2056
926,1848
583,1745
974,1569
1814,1515
2612,1786
3117,2282
3291,2694
3105,2688
2582,2408
1797,2082
979,1864
593,1768
939,1600
1773,1519
2576,1762
3100,2254
3287,2674
3118,2687
2609,2415
1836,2083
1017,1836
594,1742
905,1565
1724,1458
2539,1701
3076,2201
3285,2636
3138,2675
2643,2435
1875,2093
1059,1852
599,1753
873,1568
1685,1451
2502,1684
3055,2178
3277,2641
3150,2697
2671,2459
1919,2104
1084,1842
587,1741
828,1564
1628,1445
2448,1661
3023,2144
3268,2601
3159,2688
2690,2453
1953,2101
1110,1846
580,1755
791,1573
1570,1435
2409,1631
2998,2110
3262,2590
3169,2705
2727,2501
2000,2156
1149,1887
593,1789
767,1620
1531,1486
2373,1673
2987,2122
3268,2611
3194,2731
2765,2513
2051,2174
1197,1912
613,1798
739,1641
1483,1501
2335,1654
2959,2099
3251,2580
3197,2721
2790,2519
2091,2177
1243,1909
644,1807
727,1659
1440,1503
2297,1619
2939,2064
3252,2565
3217,2735
2834,2552
2139,2222
1299,1935
672,1805
705,1656
1403,1499
2268,1610
2915,2037
3249,2541
3233,2723
2859,2551
2175,2211
1331,1909
684,1784
681,1659
1361,1480
2221,1557
2884,1975
3229,2488
3234,2704
2872,2560
2210,2241
1380,1930
707,1784
653,1654
1309,1453
2180,1548
2860,1965
3220,2477
3246,2721
2902,2580
2247,2246
1418,1928
709,1775
628,1648
1269,1453
2130,1526
2824,1925
3212,2442
3251,2713
2914,2580
2277,2254
1445,1942
717,1805
591,1675
1205,1467
2072,1529
2787,1903
3195,2417
3255,2714
2947,2616
2328,2305
1497,1991
753,1831
589,1710
1168,1502
2035,1557
2766,1909
3191,2431
3268,2747
2978,2643
2373,2321
1552,1998
792,1831
602,1713
1135,1520
2001,1551
2741,1888
3178,2390
3268,2727
2998,2637
2407,2336
1583,2019
815,1846
577,1727
1090,1535
1948,1533
2708,1859
3162,2374
3281,2718
3034,2653
2461,2355
1652,2033
874,1838
600,1741
1062,1553
1918,1534
2683,1842
3155,2348
3285,2705
3061,2649
2503,2359
1701,2007
910,1805
600,1709
1024,1519
1871,1481
2646,1782
3132,2295
3281,2691
3066,2658
2517,2379
1728,2041
921,1835
570,1733
976,1540
1821,1478
2612,1752
3114,2253
3284,2666
3094,2660
2564,2401
1781,2047
965,1810
571,1729
938,1527
1769,1458
2570,1723
3093,2227
3277,2647
3107,2652
2592,2394
1819,2043
989,1824
566,1729
891,1541
1718,1473
2525,1731
3068,2216
3268,2659
3115,2695
2612,2451
1847,2112
1013,1878
568,1779
866,1597
1681,1497
2499,1722
3057,2197
3278,2655
3142,2703
2654,2458
1903,2126
1067,1872
583,1772
835,1602
1639,1488
2469,1698
3039,2173
3277,2633
3160,2704
2693,2467
1947,2130
1105,1876
598,1790
811,1634
1596,1513
2431,1698
3013,2156
3268,2621
3175,2715
2724,2501
1996,2164
1159,1893
621,1797
786,1631
1553,1491
2397,1672
2993,2122
3272,2585
3197,2711
2762,2500
2041,2148
1205,1863
632,1761
764,1609
1512,1450
2354,1612
2971,2071
3261,2562
3196,2711
2780,2516
2079,2164
1232,1881
628,1785
724,1640
1452,1466
2300,1611
2942,2036
3251,2534
3206,2712
2814,2526
2126,2178
1266,1889
644,1765
697,1612
1402,1441
2255,1566
2909,1996
3240,2508
3217,2709
2837,2527
2158,2184
1307,1903
647,1771
666,1624
1353,1461
2212,1571
2882,1989
3229,2503
3223,2726
2864,2568
2197,2251
1349,1964
679,1821
648,1692
1305,1518
2175,1583
2856,1980
3216,2501
3237,2736
2899,2581
2244,2260
1400,1964
715,1808
635,1681
1263,1506
2140,1561
2833,1946
3210,2473
3250,2733
2924,2590
2284,2282
1450,1973
740,1811
621,1702
1234,1525
2105,1565
2803,1940
3202,2451
3261,2733
2954,2618
2332,2310
1509,1991
781,1832
616,1729
1190,1521
2062,1538
2773,1904
3193,2409
3269,2711
2978,2613
2368,2296
1550,1965
798,1796
594,1683
1145,1480
2012,1501
2743,1854
3178,2362
3269,2703
2995,2622
2408,2312
1592,1990
829,1824
598,1707
1113,1505
1964,1498
2706,1829
3160,2334
3267,2697
3012,2635
2440,2321
1632,1992
849,1804
584,1684
1055,1494
1905,1484
2670,1793
3136,2307
3260,2682
3029,2632
2466,2338
1650,2013
857,1804
562,1701
1001,1516
1861,1478
2641,1787
3123,2309
3268,2705
3054,2669
2509,2393
1706,2066
901,1856
562,1754
966,1575
1817,1505
2610,1777
3108,2298
3275,2698
3082,2682
2548,2419
1762,2067
945,1836
560,1757
925,1574
1772,1498
2570,1769
3094,2269
3280,2674
3107,2680
2589,2422
1812,2081
994,1851
571,1768
907,1587
1737,1494
2539,1747
3076,2238
3289,2673
3131,2703
2633,2460
1879,2115
1063,1872
601,1771
897,1596
1700,1500
2507,1730
3061,2199
3279,2647
3139,2688
2659,2436
1913,2094
1072,1851
589,1754
848,1577
1640,1452
2462,1672
3030,2148
3273,2613
3155,2693
2688,2463
1952,2126
1114,1873
604,1768
813,1581
1595,1446
2427,1643
3014,2116
3270,2593
3168,2686
2722,2457
1996,2126
1150,1866
607,1751
774,1589
1541,1444
2382,1621
2983,2080
3253,2568
3169,2690
2745,2480
2018,2141
1174,1881
606,1773
735,1610
1484,1455
2336,1618
2955,2073
3247,2570
3187,2724
2767,2525
2063,2201
1214,1919
620,1818
713,1658
1453,1487
2309,1629
2941,2072
3247,2559
3204,2732
2805,2538
2111,2203
1262,1921
643,1815
701,1676
1412,1496
2267,1622
2914,2038
3237,2528
3214,2715
2827,2550
2144,2214
1301,1929
652,1801
671,1672
1366,1500
2226,1612
2893,2029
3237,2528
3232,2743
2870,2578
2204,2246
1365,1953
696,1821
677,1681
1342,1502
2200,1576
2875,1977
3234,2482
3240,2719
2892,2563
2238,2228
1394,1930
696,1787
630,1653
1275,1466
2147,1535
2837,1934
3215,2462
3250,2705
2922,2577
2283,2259
1451,1964
738,1804
628,1678
1235,1483
2102,1532
2805,1914
3201,2430
3254,2713
2943,2585
2316,2262
1485,1942
759,1771
607,1644
1177,1456
2046,1490
2773,1866
3183,2394
3255,2709
2960,2604
2341,2287
1516,1966
774,1804
573,1683
1135,1488
2011,1521
2745,1883
3178,2405
3271,2730
2997,2640
2396,2334
1579,2011
812,1837
573,1725
1091,1522
1959,1520
2711,1857
3163,2375
3268,2717
3025,2649
2440,2358
1629,2026
849,1834
588,1726
1062,1524
1921,1515
2690,1838
3154,2351
3281,2714
3045,2654
2481,2367
1678,2042
888,1853
582,1751
1022,1547
1877,1513
2652,1813
3136,2317
3280,2706
3067,2673
2527,2395
1735,2074
946,1872
602,1764
1002,1556
1836,1491
2618,1771
3114,2275
3276,2673
3074,2651
2545,2380
1758,2043
952,1821
583,1725
954,1533
1788,1458
2584,1737
3094,2243
3270,2665
3088,2671
2575,2418
1797,2079
988,1844
593,1753
923,1565
1745,1468
2546,1706
3076,2198
3271,2632
3108,2663
2606,2416
1838,2074
1009,1828
558,1736
858,1549
1682,1431
2495,1667
3045,2166
3264,2618
3122,2665
2636,2425
1877,2087
1048,1839
569,1759
838,1608
1646,1497
2470,1710
3034,2191
3271,2638
3149,2713
2677,2482
1933,2157
1096,1903
589,1797
808,1620
1599,1491
2423,1678
3007,2143
3256,2609
3155,2707
2697,2473
1963,2141
1121,1877
577,1777
778,1629
1565,1500
2407,1676
3001,2136
3270,2617
3186,2718
2752,2497
2036,2159
1192,1895
632,1789
772,1645
1522,1502
2367,1672
2974,2110
3257,2594
3196,2725
2779,2512
2064,2169
1226,1899
640,1794
722,1638
1465,1485
2323,1623
2945,2057
3251,2550
3220,2719
2809,2519
2109,2164
1269,1889
656,1775
703,1628
1425,1467
2285,1603
2922,2029
3247,2524
3222,2714
2842,2535
2153,2188
1306,1901
660,1779
675,1631
1367,1442
2234,1562
2895,1983
3233,2487
3226,2716
2861,2551
2190,2207
1339,1908
677,1774
654,1616
1317,1435
2191,1540
2871,1955
3224,2470
3234,2714
2884,2564
2223,2235
1377,1930
686,1780
623,1649
1259,1477
2137,1553
2838,1967
3217,2482
3243,2742
2919,2611
2273,2293
1449,1988
723,1833
622,1704
1229,1508
2104,1562
2813,1947
3206,2459
3252,2734
2941,2604
2315,2288
1481,1966
746,1807
602,1694
1188,1508
2061,1531
2782,1916
3198,2432
3264,2721
2969,2620
2359,2328
1535,2010
791,1837
619,1729
1166,1545
2027,1547
2760,1901
3189,2410
3274,2714
2998,2639
2403,2349
1587,2018
824,1824
600,1715
1118,1509
1981,1501
2725,1821
3167,2342
3272,2694
3010,2630
2429,2323
1622,2015
837,1832
586,1716
1076,1516
1941,1502
2694,1819
3152,2330
3271,2699
3033,2645
2470,2352
1667,2024
879,1828
582,1713
1032,1507
1881,1480
2645,1771
3124,2278
3261,2677
3043,2641
2485,2355
1698,2029
903,1825
578,1716
988,1526
1832,1474
2617,1752
3109,2259
3269,2663
3066,2651
2529,2369
1736,2046
926,1836
564,1739
943,1567
1786,1504
2585,1765
3096,2265
3273,2680
3092,2676
2571,2427
1785,2096
971,1875
574,1782
916,1595
1748,1501
2554,1757
3078,2252
3273,2659
3110,2675
2604,2434
1828,2091
1010,1851
568,1773
875,1599
1705,1492
2518,1727
3063,2210
3279,2647
3134,2697
2642,2458
1887,2117
1055,1874
592,1794
864,1625
1666,1511
2485,1728
3045,2197
3281,2642
3150,2704
2679,2471
1943,2122
1100,1869
595,1777
835,1602
1619,1464
2441,1656
3021,2126
3267,2598
3153,2691
2703,2465
1963,2112
1120,1864
594,1767
801,1589
1572,1476
2408,1654
3002,2119
3266,2602
3174,2701
2735,2484
2010,2144
1164,1879
608,1757
764,1596
1518,1459
2359,1606
2968,2057
3251,2553
3181,2696
2755,2489
2037,2144
1188,1872
604,1753
711,1597
1460,1450
2326,1595
2951,2039
3248,2543
3202,2704
2791,2514
2089,2183
1235,1903
620,1791
689,1647
1422,1494
2288,1626
2926,2062
3241,2564
3217,2736
2819,2555
2134,2226
1294,1929
652,1802
684,1665
1381,1494
2252,1608
2905,2036
3239,2535
3229,2732
2857,2564
2177,2228
1339,1926
672,1789
661,1666
1341,1495
2214,1603
2878,2015
3237,2513
3249,2738
2898,2582
2238,2250
1406,1935
717,1812
656,1689
1303,1507
2167,1591
2853,1987
3227,2481
3256,2733
2923,2593
2278,2264
1448,1949
735,1804
631,1685
1257,1481
2121,1552
2821,1927
3215,2433
3266,2712
2945,2587
2318,2260
1482,1949
757,1791
613,1667
1209,1470
2067,1523
2786,1894
3205,2411
3265,2714
2964,2611
2355,2297
1527,1984
780,1810
598,1678
1164,1473
2023,1497
2758,1852
3182,2368
3264,2707
2987,2605
2385,2291
1555,1977
792,1787
576,1657
1096,1472
1967,1477
2717,1816
3162,2350
3263,2707
3007,2637
2423,2336
1602,2030
841,1836
590,1721
1070,1546
1936,1523
2701,1843
3158,2364
3275,2723
3036,2660
2465,2374
1649,2046
869,1836
569,1738
1022,1555
1889,1507
2660,1817
3129,2333
3275,2709
3059,2657
2501,2384
1701,2053
918,1845
590,1750
1009,1574
1860,1506
2635,1800
3125,2305
3286,2688
3079,2671
2538,2408
1751,2074
942,1848
579,1769
965,1584
1810,1505
2602,1794
3110,2282
3292,2682
3105,2685
2583,2421
1808,2069
1016,1850
594,1757
942,1560
1767,1457
2566,1722
3087,2217
3278,2649
3110,2678
2603,2423
1837,2081
1006,1850
571,1757
899,1559
1720,1466
2522,1717
3073,2197
3282,2646
3131,2696
2643,2439
1890,2092
1051,1852
590,1747
859,1547
1660,1441
2474,1671
3038,2151
3267,2618
3133,2686
2664,2443
1915,2099
1074,1845
583,1740
818,1562
1607,1440
2444,1647
3024,2126
3268,2615
3155,2704
2701,2471
1961,2137
1112,1892
588,1783
783,1614
1562,1488
2407,1674
3003,2147
3267,2628
3181,2729
2739,2507
2011,2173
1168,1906
618,1790
762,1623
1523,1478
2372,1644
2976,2108
3260,2590
3195,2716
2766,2512
2047,2180
1204,1904
624,1803
728,1659
1476,1497
2336,1643
2959,2089
3263,2582
3212,2726
2809,2541
2109,2215
1266,1917
659,1809
722,1662
1439,1484
2294,1626
2931,2064
3250,2549
3221,2734
2829,2550
2144,2208
1303,1911
673,1796
697,1643
1402,1448
2260,1579
2911,2014
3245,2516
3227,2716
2848,2550
2177,2211
1335,1906
672,1772
666,1629
1346,1447
2204,1577
2884,1990
3231,2498
3234,2725
2876,2569
2218,2230
1381,1919
703,1781
660,1635
1302,1437
2162,1548
2852,1937
3222,2453
3237,2716
2902,2560
2256,2228
1410,1929
695,1787
601,1654
1230,1466
2103,1538
2818,1914
3209,2436
3251,2717
2938,2591
2304,2282
1458,1985
733,1831
606,1704
1195,1509
2073,1549
2797,1915
3200,2441
3265,2734
2957,2621
2338,2328
1499,2020
766,1838
602,1715
1168,1521
2044,1523
2772,1881
3191,2406
3270,2713
2989,2626
2379,2333
1556,2003
811,1817
605,1710
1132,1507
1996,1514
2735,1881
3172,2403
3271,2733
3006,2651
2421,2352
1619,2024
857,1836
610,1742
1117,1556
1967,1539
2705,1870
3159,2371
3279,2709
3036,2640
2462,2332
1663,1998
876,1809
584,1711
1042,1529
1895,1485
2658,1807
3138,2316
3275,2682
3048,2645
2495,2360
1706,2021
908,1835
582,1737
1017,1539
1860,1495
2633,1789
3126,2278
3278,2673
3064,2648
2524,2371
1732,2033
912,1832
549,1723
956,1530
1799,1466
2588,1729
3103,2235
3276,2648
3080,2656
2558,2383
1777,2057
951,1843
566,1726
927,1525
1759,1459
2560,1711
3086,2216
3272,2657
3098,2685
2587,2430
1809,2098
982,1878
567,1764
888,1584
1723,1504
2543,1738
3073,2229
3277,2677
3125,2709
2628,2457
1862,2121
1037,1871
583,1761
863,1580
1674,1483
2497,1709
3050,2200
3273,2656
3140,2708
2659,2459
1905,2113
1073,1863
601,1774
840,1600
1638,1488
2467,1707
3036,2186
3276,2636
3168,2708
2700,2489
1962,2138
1130,1880
615,1793
808,1638
1587,1505
2418,1702
3008,2156
3273,2610
3182,2701
2738,2483
2011,2129
1176,1855
621,1773
780,1616
1538,1458
2376,1632
2986,2088
3262,2569
3186,2701
2758,2503
2041,2167
1193,1895
610,1796
740,1627
1493,1462
2338,1617
2964,2064
3262,2547
3206,2709
2792,2517
2096,2171
1241,1889
627,1770
716,1613
1441,1436
2290,1575
2929,2014
3243,2525
3200,2707
2804,2523
2116,2183
1264,1902
636,1767
685,1616
1392,1447
2256,1569
2907,2003
3239,2525
3219,2738
2841,2565
2163,2227
1311,1945
658,1811
660,1660
1339,1494
2211,1597
2882,2017
3229,2533
3230,2747
2874,2578
2215,2237
1365,1945
696,1797
652,1664
1307,1497
2174,1575
2857,1979
3223,2486
3243,2723
2906,2574
2253,2258
1414,1953
718,1811
640,1693
1256,1522
2134,1577
2832,1970
3216,2484
3262,2745
2943,2612
2306,2292
1480,1980
766,1831
634,1711
1228,1520
2098,1557
2803,1925
3205,2433
3261,2715
2953,2597
2334,2283
1506,1963
763,1810
605,1694
1184,1485
2053,1513
2774,1881
3193,2401
3273,2708
2983,2613
2377,2308
1559,1981
807,1814
608,1696
1143,1486
2001,1495
2737,1848
3173,2362
3262,2702
2993,2620
2402,2312
1585,1973
814,1798
583,1692
1094,1499
1950,1497
2703,1821
3158,2334
3268,2689
3014,2619
2443,2317
1629,1986
841,1809
562,1700
1041,1502
1898,1479
2660,1797
3141,2322
3272,2699
3036,2654
2480,2378
1667,2057
875,1855
565,1754
1016,1571
1868,1527
2644,1823
3134,2323
3283,2700
3069,2665
2519,2396
1721,2063
909,1856
558,1750
964,1556
1816,1492
2608,1771
3115,2277
3282,2686
3090,2674
2557,2407
1778,2081
965,1855
583,1764
951,1580
1786,1488
2584,1768
3103,2267
3291,2687
3115,2697
2599,2438
1828,2096
1014,1864
591,1764
919,1579
1743,1488
2546,1740
3080,2227
3287,2667
3133,2681
2630,2425
1873,2072
1047,1832
598,1736
882,1560
1690,1457
2505,1692
3055,2186
3277,2640
3142,2698
2662,2454
1915,2114
1077,1853
598,1748
844,1572
1640,1459
2470,1678
3034,2155
3274,2612
3155,2691
2691,2457
1947,2100
1105,1850
589,1752
799,1579
1576,1440
2416,1641
3003,2108
3258,2579
3166,2684
2720,2467
1988,2123
1146,1861
603,1766
767,1597
1536,1452
2378,1641
2984,2104
3257,2590
3184,2715
2751,2512
2033,2177
1182,1914
608,1815
745,1653
1499,1498
2347,1652
2967,2095
3259,2585
3191,2728
2776,2532
2073,2193
1222,1909
623,1803
727,1647
1458,1471
2313,1609
2941,2047
3254,2556
3208,2724
2810,2544
2112,2211
1262,1927
641,1806
712,1659
1425,1502
2281,1626
2930,2052
3258,2553
3234,2740
2853,2564
2176,2236
1330,1944
690,1813
704,1672
1380,1502
2231,1595
2894,2000
3236,2513
3231,2724
2866,2547
2203,2217
1364,1917
698,1773
663,1640
1321,1466
2191,1563
2869,1970
3228,2493
3245,2724
2899,2571
2251,2242
1414,1937
720,1789
646,1658
1277,1478
2141,1544
2833,1936
3211,2457
3246,2715
2921,2574
2278,2247
1449,1939
732,1782
606,1656
1216,1458
2088,1515
2796,1898
3196,2418
3252,2703
2943,2581
2312,2269
1480,1940
739,1796
577,1678
1163,1485
2041,1529
2773,1899
3191,2422
3264,2736
2976,2633
2367,2329
1541,2013
788,1847
587,1723
1134,1515
2005,1530
2741,1876
3178,2391
3270,2721
2997,2635
2401,2343
1584,2021
810,1832
582,1724
1105,1521
1971,1520
2716,1848
3169,2362
3281,2714
3030,2649
2451,2361
1646,2037
876,1844
604,1744
1069,1544
1918,1516
2680,1826
3136,2338
3275,2705
3046,2656
2486,2385
1694,2050
911,1853
609,1758
1046,1566
1885,1516
2652,1807
3133,2306
3273,2686
3060,2645
2514,2361
1724,2027
930,1816
592,1722
997,1522
1836,1463
2613,1764
3109,2266
3273,2672
3071,2658
2536,2405
1757,2061
951,1837
574,1743
956,1549
1794,1478
2581,1745
3099,2234
3278,2650
3096,2654
2574,2398
1797,2050
971,1822
553,1734
894,1546
1723,1452
2532,1698
3073,2187
3274,2635
3109,2663
2614,2407
1849,2068
1013,1841
561,1750
865,1569
1678,1483
2499,1716
3056,2204
3272,2653
3134,2702
2649,2458
1896,2125
1054,1882
576,1789
837,1616
1641,1493
2464,1704
3033,2176
3268,2640
3150,2705
2678,2469
1931,2136
1093,1878
590,1776
811,1614
1600,1487
2437,1675
3023,2148
3276,2628
3168,2722
2715,2496
1979,2163
1142,1893
604,1790
787,1632
1563,1495
2405,1678
2995,2138
3274,2615
3190,2727
2756,2516
2035,2174
1197,1891
633,1788
756,1634
1511,1466
2354,1631
2968,2087
3261,2563
3203,2703
2783,2503
2081,2164
1245,1877
645,1776
733,1617
1469,1474
2316,1609
2944,2055
3253,2540
3211,2721
2810,2531
2125,2182
1286,1892
652,1785
703,1637
1407,1450
2261,1594
2909,2016
3235,2510
3210,2704
2834,2535
2150,2187
1308,1895
660,1779
674,1619
1358,1432
2219,1553
2882,1970
3228,2490
3222,2711
2857,2551
2191,2219
1340,1920
660,1784
646,1646
1310,1476
2172,1572
2864,1983
3232,2500
3239,2746
2894,2598
2236,2279
1390,1984
690,1831
634,1690
1269,1500
2136,1561
2837,1947
3215,2469
3243,2727
2920,2588
2279,2282
1442,1973
731,1809
624,1684
1231,1511
2100,1551
2808,1923
3204,2450
3260,2737
2953,2598
2325,2299
1499,1985
784,1821
631,1715
1198,1538
2067,1562
2780,1921
3187,2440
3259,2734
2971,2622
2359,2321
1544,1988
804,1816
612,1713
1154,1518
2023,1516
2749,1861
3171,2374
3266,2699
2991,2610
2392,2305
1580,1972
820,1798
591,1714
1117,1503
1979,1501
2721,1836
3168,2354
3297,2705
3021,2642
2442,2340
1635,2004
856,1816
576,1709
1069,1493
1916,1476
2672,1804
3137,2299
3268,2681
3029,2637
2464,2350
1662,2005
862,1812
553,1705
1014,1492
1864,1473
2638,1767
3132,2278
3273,2681
3055,2658
2510,2368
1715,2039
909,1839
572,1734
980,1525
1818,1482
2604,1774
3112,2282
3270,2697
3069,2689
2539,2412
1752,2090
936,1873
564,1774
943,1577
1774,1502
2573,1771
3091,2269
3273,2692
3092,2691
2578,2416
1783,2078
978,1853
584,1749
912,1577
1737,1495
2548,1745
3080,2246
3275,2675
3121,2691
2615,2437
1845,2109
1032,1863
592,1766
881,1609
1697,1505
2521,1723
3065,2225
3283,2660
3150,2710
2654,2466
1901,2128
1074,1869
589,1776
838,1602
1647,1463
2473,1681
3039,2172
3278,2629
3161,2686
2688,2459
1953,2115
1115,1857
599,1768
817,1591
1617,1447
2439,1660
3017,2138
3274,2605
3170,2706
2713,2492
1983,2139
1149,1872
601,1775
786,1587
1562,1436
2389,1624
2989,2085
3258,2572
3175,2699
2736,2484
2023,2135
1177,1875
612,1765
760,1589
1512,1430
2353,1605
2962,2051
3254,2549
3187,2710
2760,2506
2055,2151
1199,1894
609,1788
723,1621
1458,1473
2310,1639
2943,2066
3254,2569
3200,2741
2800,2538
2106,2210
1246,1941
630,1821
704,1653
1413,1492
2273,1608
2926,2040
3245,2543
3214,2735
2831,2543
2146,2212
1289,1937
658,1796
682,1668
1365,1499
2234,1605
2900,2022
3235,2531
3232,2728
2865,2566
2196,2244
1349,1960
700,1811
669,1682
1328,1505
2201,1595
2873,2011
3227,2526
3242,2741
2897,2582
2240,2261
1407,1946
727,1795
657,1676
1291,1489
2162,1535
2841,1945
3215,2458
3249,2709
2913,2573
2268,2257
1439,1933
733,1794
621,1662
1240,1459
2112,1527
2810,1924
3208,2440
3260,2715
2946,2599
2320,2280
1496,1958
761,1806
606,1679
1192,1463
2057,1500
2776,1867
3189,2392
3250,2701
2958,2596
2346,2283
1524,1961
764,1803
584,1679
1141,1463
1999,1498
2741,1852
3174,2368
3258,2699
2981,2618
2389,2314
1563,1999
791,1839
581,1721
1102,1515
1962,1543
2716,1861
3166,2375
3267,2726
3012,2648
2430,2357
1608,2044
836,1849
582,1731
1068,1538
1931,1519
2693,1826
3152,2347
3268,2710
3031,2639
2460,2356
1649,2039
865,1838
577,1727
1033,1546
1892,1514
2667,1818
3143,2330
3274,2709
3061,2665
2508,2386
1709,2056
916,1845
592,1759
1001,1581
1853,1523
2631,1807
3124,2309
3284,2695
3083,2669
2541,2402
1757,2062
953,1836
580,1749
961,1557
1804,1471
2598,1743
3103,2251
3281,2660
3097,2658
2576,2406
1800,2049
981,1827
575,1748
924,1564
1761,1469
2559,1732
3085,2217
3279,2649
3117,2681
2608,2427
1844,2075
1017,1841
578,1749
890,1535
1707,1436
2511,1696
3063,2182
3278,2634
3126,2684
2633,2423
1878,2077
1036,1832
561,1733
846,1536
1650,1436
2472,1662
3040,2148
3272,2620
3140,2695
2668,2460
1919,2121
1069,1879
572,1777
811,1595
1604,1489
2438,1695
3026,2164
3273,2638
3167,2723
2714,2495
1969,2153
1122,1900
594,1785
780,1615
1548,1482
2401,1663
3000,2126
3267,2615
3184,2721
2742,2498
2013,2156
1171,1885
615,1781
765,1625
1523,1493
2373,1656
2984,2112
3262,2594
3198,2717
2777,2516
2064,2192
1222,1916
640,1806
742,1662
1481,1497
2334,1644
2956,2091
3257,2577
3217,2724
2811,2532
2109,2192
1275,1901
660,1779
721,1641
1436,1459
2289,1591
2930,2030
3252,2522
3217,2707
2826,2533
2147,2199
1295,1905
666,1792
691,1641
1400,1449
2256,1609
2907,2007
3245,2507
3233,2725
2855,2554
2184,2219
1350,1918
669,1796
665,1648
1343,1433
2200,1545
2871,1957
3229,2473
3229,2713
2874,2555
2218,2220
1371,1915
683,1775
640,1632
1288,1451
2151,1538
2845,1932
3219,2448
3234,2718
2905,2583
2262,2260
1419,1963
710,1817
632,1674
1247,1501
2110,1571
2819,1947
3210,2468
3251,2741
2937,2614
2312,2299
1467,1986
741,1816
608,1693
1199,1509
2070,1548
2790,1914
3198,2438
3258,2726
2963,2608
2340,2299
1512,1986
774,1807
602,1705
1158,1535
2037,1551
2765,1899
3188,2418
3268,2734
2996,2628
2392,2342
1575,2016
826,1837
607,1737
1130,1535
1996,1540
2730,1881
3172,2385
3281,2725
3019,2638
2431,2339
1625,1997
852,1814
603,1723
1083,1512
1946,1492
2695,1822
3158,2338
3281,2692
3036,2639
2465,2341
1664,2020
879,1818
581,1717
1046,1517
1902,1494
2663,1802
3143,2304
3282,2687
3055,2651
2502,2366
1711,2024
911,1829
581,1717
1006,1503
1847,1470
2624,1761
3120,2255
3273,2667
3066,2652
2529,2362
1740,2024
921,1825
564,1725
952,1520
1788,1470
2585,1738
3101,2241
3275,2667
3088,2670
2569,2404
1785,2082
960,1862
566,1763
909,1587
1745,1502
2559,1753
3090,2256
3278,2679
3117,2693
2607,2439
1828,2103
1003,1868
578,1765
888,1602
1709,1500
2527,1728
3075,2218
3278,2662
3136,2691
2643,2451
1880,2109
1050,1855
591,1784
859,1614
1669,1495
2490,1714
3050,2203
3278,2649
3148,2706
2676,2477
1927,2133
1100,1872
604,1794
835,1632
1636,1495
2457,1697
3029,2170
3282,2625
3169,2704
2711,2482
1980,2130
1146,1858
606,1765
804,1597
1584,1453
2411,1647
3002,2108
3273,2583
3184,2702
2738,2492
2020,2147
1173,1882
610,1785
770,1605
1531,1455
2368,1630
2977,2082
3266,2569
3189,2719
2765,2506
2061,2154
1209,1880
618,1766
737,1597
1474,1446
2319,1600
2951,2029
3251,2541
3196,2708
2793,2505
2094,2158
1244,1889
632,1768
708,1609
1422,1452
2278,1590
2923,2020
3239,2536
3208,2727
2823,2537
2132,2213
1281,1933
652,1809
677,1661
1371,1507
2240,1611
2900,2029
3235,2538
3226,2742
2857,2565
2176,2240
1330,1942
676,1803
658,1674
1328,1498
2204,1588
2880,1996
3229,2505
3238,2726
2890,2561
2222,2244
1385,1944
708,1817
641,1697
1291,1506
2164,1581
2848,1986
3220,2487
3252,2733
2921,2592
2273,2274
1439,1960
740,1826
637,1714
1259,1511
2125,1564
2821,1955
3216,2452
3263,2722
2942,2594
2317,2274
1493,1944
763,1796
624,1681
1216,1470
2081,1522
2790,1901
3199,2408
3263,2714
2962,2613
2348,2295
1524,1975
771,1815
606,1692
1171,1481
2026,1511
2758,1866
3175,2378
3263,2711
2981,2622
2383,2310
1558,1983
793,1797
583,1677
1119,1472
1976,1486
2723,1821
3170,2338
3269,2689
3005,2613
2424,2311
1608,1995
830,1804
580,1691
1070,1494
1928,1480
2691,1804
3148,2336
3268,2708
3028,2645
2457,2368
1650,2041
862,1838
577,1734
1032,1554
1889,1527
2661,1830
3136,2338
3271,2711
3050,2663
2493,2375
1693,2049
900,1836
580,1740
1003,1568
1857,1508
2634,1791
3124,2297
3282,2689
3073,2667
2531,2402
1745,2068
938,1854
562,1765
959,1572
1812,1501
2594,1775
3110,2278
3288,2685
3104,2688
2579,2436
1796,2095
977,1872
574,1781
928,1584
1769,1497
2566,1756
3092,2244
3292,2661
3123,2674
2614,2413
1849,2062
1025,1837
593,1752
907,1561
1717,1469
2519,1710
3068,2190
3277,2636
3127,2686
2644,2440
1890,2090
1061,1851
601,1756
868,1568
1666,1465
2482,1692
3043,2167
3270,2625
3137,2689
2667,2447
1919,2094
1078,1851
587,1747
825,1561
1616,1436
2444,1635
3022,2119
3263,2606
3154,2690
2693,2462
1949,2125
1101,1853
577,1743
775,1559
1560,1442
2405,1635
3003,2121
3266,2615
3176,2724
2730,2514
2002,2177
1152,1908
597,1789
749,1635
1514,1496
2368,1660
2977,2119
3259,2600
3196,2719
2771,2514
2059,2178
1220,1900
631,1805
726,1654
1471,1491
2328,1632
2951,2080
3254,2566
3207,2714
2804,2529
2109,2202
1270,1924
654,1812
718,1664
1439,1494
2293,1615
2930,2063
3251,2550
3220,2729
2826,2555
2144,2221
1306,1936
674,1813
712,1665
1414,1481
2266,1604
2916,2025
3246,2524
3230,2725
2849,2559
2179,2219
1342,1917
681,1780
687,1627
1365,1440
2219,1557
2883,1977
3233,2493
3231,2730
2873,2574
2216,2232
1375,1931
689,1798
647,1657
1293,1475
2158,1557
2846,1944
3217,2449
3244,2709
2908,2565
2270,2238
1432,1946
718,1806
618,1663
1232,1463
2097,1522
2807,1897
3201,2422
3246,2701
2935,2576
2302,2262
1457,1953
731,1800
599,1667
1185,1474
2058,1521
2787,1895
3190,2428
3249,2728
2950,2618
2322,2308
1496,1991
766,1816
609,1709
1170,1529
2039,1565
2762,1917
3181,2424
3256,2730
2972,2620
2368,2327
1550,1996
801,1826
601,1716
1133,1524
1991,1522
2730,1874
3164,2392
3268,2722
3003,2641
2417,2353
1595,2013
818,1827
566,1729
1068,1544
1939,1523
2704,1852
3166,2357
3292,2705
3051,2649
2474,2376
1667,2053
870,1861
575,1756
1045,1547
1908,1511
2677,1813
3154,2321
3295,2693
3065,2650
2509,2359
1702,2026
906,1825
583,1732
1013,1525
1861,1469
2634,1768
3125,2282
3278,2684
3062,2662
2525,2387
1742,2035
948,1820
606,1714
1000,1531
1826,1481
2601,1769
3103,2262
3274,2673
3081,2662
2560,2384
1783,2049
972,1827
587,1723
938,1533
1766,1454
2559,1734
3083,2214
3273,2648
3097,2666
2586,2396
1798,2064
966,1827
536,1744
860,1552
1703,1466
2526,1718
3074,2210
3285,2655
3138,2692
2637,2456
1868,2129
1028,1895
563,1795
853,1610
1673,1486
2502,1697
3061,2182
3284,2643
3153,2703
2674,2476
1917,2140
1079,1884
593,1799
833,1602
1631,1458
2458,1681
3030,2159
3270,2630
3162,2720
2700,2486
1967,2138
1136,1873
621,1785
825,1618
1598,1500
2419,1693
3009,2162
3271,2628
3178,2729
2740,2507
2020,2159
1192,1885
649,1797
809,1643
1556,1500
2384,1668
2984,2112
3263,2580
3186,2687
2759,2485
2042,2132
1189,1868
603,1764
733,1602
1485,1457
2340,1618
2966,2065
3263,2560
3210,2715
2799,2516
2094,2179
1243,1904
634,1790
719,1630
1451,1462
2304,1589
2945,2018
3256,2524
3218,2704
2823,2521
2130,2196
1281,1908
648,1773
684,1612
1386,1428
2244,1555
2901,1989
3235,2505
3216,2702
2843,2528
2167,2194
1325,1907
670,1773
667,1645
1344,1461
2208,1583
2878,1997
3225,2523
3227,2745
2877,2580
2213,2257
1377,1947
706,1818
658,1685
1311,1509
2177,1594
2851,1989
3222,2492
3241,2739
2895,2587
2235,2268
1397,1951
694,1806
622,1679
1261,1482
2134,1556
2833,1949
3219,2466
3261,2738
2935,2603
2297,2283
1453,1969
740,1825
625,1712
1229,1522
2101,1578
2811,1938
3214,2444
3277,2734
2968,2622
2349,2302
1524,2000
789,1836
626,1725
1181,1519
2043,1536
2763,1883
3183,2384
3268,2703
2979,2595
2376,2291
1557,1977
806,1814
611,1693
1139,1491
1999,1505
2739,1851
3175,2376
3269,2711
3004,2633
2416,2326
1601,2008
839,1819
604,1711
1103,1508
1957,1492
2705,1811
3154,2330
3261,2682
3013,2625
2432,2332
1619,2008
835,1807
557,1696
1037,1488
1899,1459
2668,1775
3138,2299
3271,2681
3039,2635
2476,2352
1668,2024
871,1817
555,1724
999,1531
1863,1486
2641,1801
3129,2318
3284,2711
3071,2676
2525,2411
1733,2070
926,1847
567,1757
964,1561
1808,1506
2598,1788
3108,2290
3273,2692
3084,2678
2554,2410
1773,2071
959,1839
577,1744
941,1566
1775,1494
2569,1775
3096,2267
3281,2686
3114,2689
2602,2428
1828,2089
1015,1866
592,1778
916,1597
1734,1512
2537,1759
3081,2238
3284,2668
3131,2693
2636,2444
1877,2102
1051,1866
589,1780
870,1595
1684,1485
2502,1702
3060,2169
3279,2617
3151,2673
2663,2440
1919,2094
1083,1857
596,1758
849,1574
1650,1459
2470,1685
3041,2155
3281,2625
3165,2703
2700,2475
1958,2120
1118,1872
598,1767
808,1588
1585,1460
2422,1644
3006,2102
3260,2585
3159,2692
2715,2475
1983,2134
1139,1859
589,1754
764,1582
1527,1439
2379,1613
2983,2082
3256,2574
3179,2700
2751,2497
2031,2150
1184,1886
611,1774
742,1612
1487,1468
2341,1635
2965,2093
3258,2590
3195,2732
2777,2543
2071,2206
1222,1930
615,1804
708,1651
1439,1484
2304,1630
2937,2070
3251,2563
3209,2726
2809,2542
2114,2204
1271,1915
647,1792
699,1655
1410,1476
2273,1607
2923,2045
3249,2554
3232,2735
2852,2562
2180,2230
1330,1933
682,1807
681,1675
1367,1503
2226,1615
2892,2022
3242,2528
3240,2742
2881,2572
2217,2249
1380,1951
702,1814
661,1668
1313,1470
2178,1566
2863,1966
3230,2483
3250,2716
2903,2565
2256,2236
1420,1929
730,1784
651,1654
1280,1475
2141,1554
2837,1946
3219,2462
3250,2722
2926,2587
2290,2256
1459,1953
744,1796
630,1665
1229,1468
2091,1527
2796,1895
3198,2415
3248,2705
2940,2581
2313,2269
1477,1957
737,1788
589,1657
1170,1468
2044,1500
2768,1853
3184,2379
3261,2695
2975,2604
2358,2304
1529,1982
774,1819
574,1702
1127,1505
2003,1529
2745,1880
3181,2403
3277,2722
3006,2647
2409,2361
1584,2035
820,1846
577,1733
1091,1529
1961,1527
2718,1854
3166,2378
3273,2721
3022,2652
2437,2363
1627,2023
852,1822
591,1714
1077,1521
1932,1499
2694,1840
3153,2351
3282,2718
3048,2661
2486,2379
1688,2036
902,1839
597,1739
1043,1547
1894,1516
2655,1825
3138,2323
3288,2712
3075,2674
2531,2395
1737,2047
934,1833
592,1739
992,1547
1834,1490
2615,1775
3118,2271
3281,2676
3082,2663
2556,2376
1771,2031
953,1817
572,1728
949,1547
1783,1480
2580,1749
3098,2243
3282,2673
3104,2675
2593,2406
1816,2062
994,1841
585,1738
910,1552
1736,1454
2535,1695
3072,2186
3275,2649
3114,2666
2617,2419
1843,2080
1010,1839
562,1730
854,1554
1679,1447
2499,1682
3052,2175
3276,2633
3136,2686
2649,2437
1889,2108
1048,1859
569,1766
822,1599
1634,1483
2469,1701
3039,2185
3277,2647
3156,2717
2686,2489
1936,2147
1100,1890
589,1787
809,1607
1603,1473
2444,1683
3022,2161
3275,2629
3177,2716
2719,2491
1979,2148
1149,1885
606,1789
787,1620
1563,1475
2404,1663
3001,2132
3271,2604
3195,2727
2760,2515
2045,2171
1206,1897
646,1791
774,1644
1521,1486
2356,1668
2979,2110
3267,2590
3208,2726
2791,2523
2092,2177
1250,1893
651,1783
747,1627
1471,1463
2317,1616
2948,2049
3257,2539
3210,2709
2815,2515
2128,2173
1286,1895
664,1779
716,1635
1420,1469
2277,1599
2921,2024
3246,2527
3217,2717
2836,2540
2157,2209
1314,1921
671,1778
683,1632
1373,1449
2228,1556
2888,1977
3229,2487
3223,2706
2855,2543
2186,2210
1331,1919
662,1782
639,1641
1311,1448
2181,1534
2859,1943
3222,2466
3232,2717
2885,2570
2225,2251
1384,1951
686,1816
621,1684
1269,1511
2146,1568
2837,1963
3213,2476
3250,2733
2920,2603
2277,2291
1440,1983
726,1831
618,1702
1233,1504
2098,1541
2808,1931
3202,2445
3255,2730
2943,2609
2318,2297
1488,1984
763,1821
618,1710
1203,1524
2068,1552
2784,1911
3196,2416
3266,2728
2975,2633
2361,2318
1541,2000
801,1831
617,1724
1168,1542
2024,1550
2748,1893
3186,2405
3270,2729
2998,2635
2405,2323
1587,1997
833,1815
611,1707
1123,1507
1977,1507
2719,1841
3167,2353
3272,2699
3016,2623
2435,2318
1624,2001
849,1815
588,1717
1070,1524
1923,1506
2684,1818
3152,2328
3275,2692
3037,2634
2476,2345
1674,2015
882,1816
581,1710
1019,1507
1869,1467
2645,1774
3126,2282
3270,2671
3051,2637
2500,2355
1702,2013
904,1810
562,1710
975,1517
1827,1450
2611,1734
3110,2261
3273,2669
3071,2662
2535,2394
1749,2057
932,1858
558,1765
935,1566
1781,1495
2579,1769
3096,2263
3277,2685
3097,2693
2577,2433
1796,2098
975,1860
568,1768
913,1576
1745,1491
2549,1754
3078,2243
3279,2693
3113,2691
2610,2439
1843,2088
1017,1855
581,1766
889,1598
1704,1502
2513,1735
3066,2217
3277,2660
3136,2706
2646,2459
1898,2120
1065,1878
596,1786
857,1616
1653,1508
2478,1718
3044,2186
3280,2639
3159,2705
2690,2465
1944,2123
1102,1867
601,1764
818,1586
1605,1455
2437,1654
3020,2131
3273,2601
3169,2694
2716,2471
1980,2130
1141,1871
607,1764
787,1605
1558,1451
2402,1634
2996,2101
3266,2585
3180,2705
2746,2499
2017,2157
1178,1885
617,1763
749,1593
1505,1431
2355,1596
2965,2068
3251,2561
3185,2697
2765,2493
2060,2149
1212,1870
613,1758
712,1610
1454,1434
2307,1592
2934,2042
3245,2543
3198,2718
2795,2531
2099,2199
1251,1918
635,1804
698,1652
1414,1483
2273,1619
2920,2056
3246,2554
3218,2742
2832,2569
2148,2230
1302,1939
652,1808
674,1656
1375,1478
2238,1596
2898,2016
3237,2523
3229,2734
2859,2572
2190,2232
1350,1942
680,1812
666,1680
1335,1499
2195,1593
2874,1995
3232,2507
3241,2733
2894,2581
2245,2253
1400,1958
722,1825
660,1693
1292,1517
2151,1592
2846,1978
3221,2484
3251,2733
2924,2585
2284,2252
1453,1948
746,1800
637,1674
1239,1490
2104,1528
2813,1905
3202,2422
3250,2705
2942,2581
2312,2278
1480,1963
753,1811
607,1688
1197,1501
2069,1517
2787,1880
3198,2403
3262,2705
2966,2602
2348,2294
1523,1972
778,1798
598,1675
1152,1475
2023,1494
2751,1846
3173,2368
3260,2688
2979,2600
2375,2300
1557,1975
795,1802
574,1689
1105,1484
1974,1485
2716,1835
3161,2351
3260,2704
3002,2638
2417,2351
1602,2026
823,1844
567,1729
1063,1534
1926,1525
2684,1857
3150,2361
3275,2719
3031,2660
2464,2367
1658,2035
867,1838
572,1736
1033,1546
1891,1524
2660,1821
3139,2320
3277,2699
3053,2661
2501,2370
1702,2041
900,1849
572,1752
996,1564
1844,1525
2631,1799
3128,2299
3285,2703
3087,2678
2550,2411
1758,2083
953,1868
594,1763
970,1584
1803,1523
2596,1780
3111,2274
3283,2681
3105,2672
2584,2405
1801,2066
990,1824
592,1730
924,1550
1755,1462
2559,1721
3086,2225
3276,2658
3117,2677
2612,2427
1843,2085
1026,1838
586,1739
886,1564
1710,1462
2522,1703
3060,2194
3274,2637
3136,2680
2648,2439
1887,2093
1059,1829
582,1735
845,1553
1653,1430
2471,1661
3035,2145
3269,2602
3144,2674
2671,2439
1929,2095
1088,1832
573,1746
801,1565
1603,1439
2431,1654
3012,2133
3265,2604
3162,2712
2703,2491
1971,2149
1126,1893
585,1801
780,1628
1561,1495
2393,1691
2994,2139
3265,2614
3175,2725
2737,2512
2018,2166
1169,1901
602,1795
761,1624
1521,1480
2363,1652
2978,2096
3263,2589
3191,2725
2771,2516
2059,2178
1209,1913
626,1806
739,1651
1473,1503
2326,1644
2959,2077
3258,2577
3210,2736
2805,2537
2113,2204
1263,1935
656,1804
720,1657
1432,1499
2291,1624
2931,2050
3249,2550
3223,2723
2839,2530
2148,2188
1305,1899
659,1765
684,1630
1383,1459
2249,1563
2904,1992
3240,2507
3235,2714
2865,2552
2190,2228
1354,1927
697,1786
672,1649
1337,1467
2206,1553
2875,1968
3230,2481
3241,2716
2890,2564
2227,2234
1388,1918
703,1783
630,1653
1280,1449
2153,1525
2837,1930
3215,2445
3245,2702
2909,2565
2264,2236
1426,1930
719,1790
615,1662
1239,1463
2108,1526
2809,1928
3206,2439
3253,2727
2933,2613
2307,2300
1476,1989
748,1836
609,1707
1203,1505
2069,1552
2788,1928
3196,2436
3259,2737
2961,2627
2349,2308
1517,1993
763,1821
595,1698
1158,1507
2023,1541
2755,1896
3187,2402
3270,2724
2991,2633
2396,2320
1575,2013
808,1833
604,1720
1123,1531
1981,1545
2732,1875
3177,2387
3277,2730
3019,2649
2439,2349
1625,2035
845,1845
593,1736
1077,1548
1937,1527
2700,1837
3157,2346
3276,2705
3038,2637
2471,2345
1663,2012
875,1812
583,1714
1034,1525
1889,1486
2662,1788
3139,2308
3281,2692
3061,2649
2508,2372
1710,2039
914,1826
585,1719
1000,1527
1853,1469
2631,1763
3123,2280
3277,2676
3075,2654
2531,2383
1743,2039
939,1817
572,1718
954,1528
1801,1450
2588,1723
3098,2232
3275,2655
3094,2658
2565,2400
1779,2050
962,1821
557,1728
910,1538
1746,1461
2550,1730
3083,2238
3277,2666
3114,2691
2605,2440
1838,2104
1010,1876
572,1782
888,1590
1710,1499
2517,1742
3063,2219
3275,2662
3128,2704
2638,2457
1881,2109
1044,1870
576,1776
855,1595
1664,1484
2485,1702
3051,2181
3280,2638
3153,2705
2681,2469
1934,2129
1093,1885
601,1791
835,1615
1623,1500
2454,1700
3032,2171
3278,2637
3168,2724
2719,2495
1982,2153
1146,1897
623,1792
812,1625
1577,1500
2415,1674
3006,2127
3268,2601
3179,2702
2740,2483
2012,2137
1172,1867
619,1759
769,1597
1523,1446
2371,1616
2982,2082
3262,2576
3198,2709
2773,2509
2062,2173
1220,1889
640,1778
741,1616
1479,1453
2329,1608
2954,2054
3252,2545
3202,2701
2796,2502
2094,2165
1249,1884
634,1770
693,1611
1417,1435
2275,1570
2917,2014
3237,2520
3208,2703
2817,2526
2132,2188
1286,1891
641,1777
670,1628
1373,1453
2236,1583
2896,2014
3239,2526
3224,2734
2853,2574
2178,2244
1336,1954
675,1824
661,1679
1336,1500
2201,1604
2874,2011
3231,2513
3235,2736
2881,2579
2224,2252
1378,1952
689,1813
641,1679
1292,1495
2163,1572
2850,1967
3225,2484
3248,2738
2914,2594
2267,2272
1426,1965
728,1822
638,1698
1255,1518
2124,1581
2827,1956
3216,2467
3259,2735
2948,2605
2317,2294
1485,1983
767,1828
634,1712
1219,1523
2082,1553
2793,1907
3197,2420
3266,2709
2964,2595
2346,2285
1523,1965
787,1796
614,1682
1170,1484
2038,1508
2767,1865
3187,2390
3265,2709
2985,2617
2382,2317
1568,1987
809,1808
600,1700
1129,1497
1994,1498
2731,1834
3170,2356
3266,2692
3001,2617
2417,2319
1601,1995
828,1806
571,1699
1071,1487
1931,1471
2688,1803
3148,2319
3266,2684
3018,2624
2448,2343
1639,2008
853,1813
562,1711
1031,1521
1889,1493
2658,1813
3137,2322
3274,2709
3051,2666
2492,2382
1700,2054
900,1851
567,1758
998,1570
1847,1519
2625,1798
3121,2306
3276,2694
3068,2667
2532,2392
1740,2059
933,1842
569,1748
965,1559
1803,1494
2592,1774
3105,2271
3281,2685
3093,2683
2566,2413
1785,2075
971,1858
576,1756
932,1590
1767,1509
2564,1763
3093,2250
3287,2677
3120,2694
2613,2436
1848,2102
1025,1866
593,1775
904,1596
1719,1494
2524,1720
3068,2201
3280,2642
3131,2679
2641,2430
1881,2086
1051,1844
586,1748
861,1574