2048,1077
2237,1630
1628,1678
1175,1839
1061,2116
1321,2412
1861,2594
2489,2595
2967,2378
3138,2065
2823,1778
2226,1650
1612,1687
1170,1857
1067,2131
1325,2415
1868,2596
2493,2589
2988,2369
3136,2050
2816,1766
2227,1645
1604,1692
1157,1858
1057,2129
1332,2418
1885,2617
2508,2584
2991,2371
3135,2046
2807,1767
2217,1639
1607,1685
1161,1847
1070,2124
1341,2399
1895,2567
2527,2554
3002,2332
3132,2013
2802,1741
2213,1612
1594,1661
1162,1828
1077,2109
1350,2391
1905,2569
2533,2546
3018,2318
3146,2005
2802,1729
2199,1604
1574,1659
1156,1827
1076,2114
1357,2399
1926,2577
2535,2546
3011,2318
3127,2001
2782,1733
2186,1616
1563,1668
1140,1836
1076,2120
1362,2400
1922,2575
2541,2545
3014,2317
3117,1995
2771,1722
2171,1609
1559,1674
1137,1857
1064,2145
1352,2420
1916,2593
2553,2568
3018,2329
3114,2012
2765,1752
2163,1628
1547,1690
1131,1871
1074,2153
1366,2436
1929,2596
2561,2556
3016,2330
3110,2020
2750,1751
2147,1637
1530,1689
1124,1872
1073,2159
1373,2433
1949,2594
2574,2560
3039,2314
3109,1996
2754,1737
2135,1627
1525,1688
1119,1873
1076,2161
1390,2439
1963,2601
2583,2556
3018,2317
3106,1991
2731,1727
2115,1619
1508,1694
1119,1874
1086,2158
1400,2428
1974,2584
2592,2534
3038,2286
3106,1968
2729,1697
2119,1597
1505,1669
1106,1855
1066,2151
1404,2428
1983,2577
2601,2518
3045,2269
3098,1953
2718,1689
2107,1595
1498,1665
1114,1859
1084,2150
1411,2419
1992,2579
2614,2517
3045,2259
3092,1950
2704,1701
2091,1603
1491,1675
1106,1862
1086,2152
1412,2425
1995,2574
2614,2514
3049,2261
3105,1949
2704,1710
2081,1609
1480,1684
1103,1876
1086,2176
1425,2442
2002,2596
2625,2535
3052,2284
3084,1966
2686,1715
2072,1632
1463,1704
1094,1894
1088,2185
1426,2457
2012,2601
2629,2538
3053,2290
3074,1962
2675,1705
2060,1619
1452,1700
1094,1905
1078,2197
1415,2467
2026,2605
2635,2529
3055,2271
3074,1951
2661,1706
2049,1622
1452,1705
1093,1912
1091,2210
1442,2475
2029,2611
2644,2522
3067,2260
3072,1946
2655,1683
2037,1622
1435,1706
1094,1903
1101,2193
1452,2451
2058,2586
2654,2502
3063,2233
3080,1913
2666,1673
2040,1602
1439,1686
1090,1885
1106,2179
1469,2435
2062,2572
2671,2491
3074,2229
3070,1910
2646,1667
2012,1590
1423,1683
1088,1887
1110,2179
1480,2446
2070,2582
2677,2489
3071,2240
3055,1914
2627,1658
2003,1597
1413,1678
1069,1888
1096,2200
1480,2454
2082,2582
2680,2490
3068,2214
3048,1909
2614,1658
1995,1602
1402,1690
1074,1907
1107,2209
1482,2471
2087,2604
2689,2506
3076,2233
3044,1921
2607,1681
1978,1617
1395,1714
1074,1929
1125,2229
1496,2481
2092,2603
2694,2510
3079,2235
3055,1921
2605,1680
1968,1622
1368,1721
1068,1937
1115,2226
1503,2480
2106,2596
2702,2495
3079,2223
3033,1908
2594,1677
1973,1626
1391,1729
1071,1942
1128,2241
1517,2490
2119,2602
2716,2495
3076,2210
3028,1903
2574,1685
1951,1619
1376,1713
1062,1937
1120,2231
1514,2477
2128,2587
2728,2472
3091,2192
3023,1876
2564,1647
1944,1600
1371,1697
1072,1915
1135,2225
1532,2477
2138,2582
2725,2463
3089,2182
3036,1863
2560,1640
1931,1590
1355,1697
1070,1919
1139,2224
1548,2471
2153,2584
2743,2461
3093,2176
3014,1862
2550,1633
1923,1600
1348,1700
1062,1924
1133,2224
1553,2471
2161,2583
2767,2453
3094,2175
3007,1860
2529,1644
1905,1600
1350,1708
1074,1931
1141,2246
1558,2491
2166,2592
2756,2472
3098,2193
2999,1882
2522,1674
1893,1626
1329,1733
1062,1957
1148,2263
1572,2506
2170,2601
2767,2474
3102,2191
2991,1879
2507,1671
1876,1631
1314,1740
1050,1962
1141,2262
1570,2498
2183,2599
2767,2474
3104,2190
2987,1870
2499,1659
1868,1628
1310,1736
1054,1974
1154,2275
1589,2514
2203,2602
2779,2465
3111,2172
2998,1869
2501,1641
1856,1618
1302,1739
1052,1970
1160,2266
1603,2501
2218,2588
2791,2442
3112,2147
2980,1833
2484,1625
1864,1598
1316,1710
1054,1949
1165,2252
1613,2488
2231,2570
2802,2427
3117,2136
2979,1829
2481,1625
1849,1602
1299,1713
1056,1958
1169,2252
1604,2490
2237,2578
2809,2430
3118,2133
2968,1826
2460,1608
1828,1604
1284,1718
1044,1965
1172,2260
1631,2496
2241,2577
2801,2428
3107,2131
2960,1827
2451,1629
1816,1614
1274,1735
1040,1982
1173,2287
1643,2511
2252,2592
2818,2441
3113,2148
2953,1837
2442,1651
1811,1632
1267,1755
1039,2001
1177,2300
1645,2525
2263,2595
2828,2434
3113,2150
2946,1841
2423,1642
1794,1629
1271,1756
1052,2003
1184,2306
1647,2534
2269,2600
2834,2433
3121,2134
2942,1836
2418,1641
1789,1632
1258,1762
1040,2015
1197,2311
1671,2538
2283,2603
2846,2428
3123,2131
2938,1827
2410,1638
1775,1635
1251,1763
1041,2009
1198,2300
1676,2517
2297,2579
2849,2415
3113,2109
2921,1798
2404,1612
1773,1608
1245,1743
1042,1991
1202,2289
1684,2508
2308,2565
2862,2391
3132,2099
2929,1796
2402,1608
1758,1608
1239,1744
1040,2002
1212,2298
1697,2510
2320,2564
2868,2396
3129,2092
2912,1791
2382,1616
1755,1611
1248,1751
1039,2001
1208,2303
1707,2513
2330,2561
2872,2386
3126,2084
2906,1785
2367,1610
1728,1619
1226,1756
1039,2014
1225,2312
1706,2537
2337,2583
2879,2404
3129,2100
2900,1798
2353,1623
1721,1642
1216,1780
1033,2041
1224,2336
1725,2548
2344,2588
2869,2406
3114,2110
2890,1814
2345,1632
1713,1644
1209,1784
1025,2050
1227,2338
1730,2541
2356,2581
2889,2402
3118,2094
2872,1798
2330,1625
1708,1643
1210,1790
1032,2055
1236,2350
1743,2554
2368,2585
2902,2395
3130,2082
2878,1785
2322,1622
1691,1636
1210,1779
1051,2043
1247,2337
1753,2541
2379,2568
2910,2371
3136,2064
2875,1770
2318,1606
1686,1624
1202,1766
1040,2029
1258,2324
1779,2525
2399,2555
2916,2356
3138,2045
2869,1754
2310,1597
1681,1614
1195,1767
1040,2035
1260,2322
1779,2521
2405,2553
2920,2360
3120,2055
2848,1761
2295,1599
1668,1623
1188,1775
1037,2043
1263,2332
1784,2529
2409,2548
2924,2350
3133,2054
2846,1759
2266,1608
1638,1634
1176,1787
1041,2060
1265,2354
1790,2555
2418,2570
2933,2362
3127,2056
2843,1771
2268,1624
1640,1657
1168,1804
1040,2069
1280,2366
1800,2561
2424,2573
2938,2368
3123,2060
2831,1771
2256,1624
1627,1662
1172,1809
1046,2085
1293,2366
1821,2556
2433,2567
2945,2360
3122,2050
2822,1763
2247,1621
1618,1656
1159,1815
1043,2095
1292,2381
1829,2568
2450,2568
2939,2358
3114,2051
2821,1761
2240,1605
1611,1649
1158,1812
1047,2090
1301,2373
1839,2553
2466,2554
2962,2330
3119,2018
2798,1737
2216,1602
1606,1643
1156,1795
1052,2072
1306,2354
1849,2543
2475,2535
2972,2322
3120,2003
2804,1723
2218,1592
1594,1636
1152,1808
1060,2075
1314,2360
1860,2546
2483,2539
2973,2320
3119,2006
2793,1725
2205,1593
1580,1638
1139,1804
1042,2080
1323,2361
1886,2546
2495,2535
2974,2302
3110,1998
2783,1722
2196,1592
1570,1647
1134,1814
1048,2102
1323,2384
1877,2567
2505,2551
2986,2329
3103,2020
2767,1736
2211,1609
1565,1658
1129,1835
1048,2120
1328,2403
1884,2580
2510,2560
2987,2327
3107,2020
2760,1747
2159,1624
1534,1676
1125,1843
1058,2128
1349,2408
1888,2582
2522,2553
2992,2323
3101,2007
2741,1733
2168,1619
1543,1677
1116,1847
1053,2126
1347,2413
1905,2581
2527,2555
2997,2319
3103,2004
2756,1728
2158,1596
1537,1664
1122,1844
1052,2124
1354,2399
1924,2564
2556,2530
3017,2294
3099,1979
2745,1697
2149,1592
1533,1647
1143,1830
1066,2116
1362,2392
1929,2557
2553,2517
3011,2276
3094,1963
2737,1697
2138,1583
1527,1644
1116,1825
1067,2121
1372,2397
1940,2561
2566,2543
3020,2271
3091,1962
2715,1701
2104,1593
1508,1665
1114,1835
1068,2120
1375,2393
1944,2555
2566,2515
3014,2270
3088,1959
2716,1685
2109,1589
1494,1659
1105,1856
1072,2145
1385,2418
1954,2575
2573,2513
3020,2288
3085,1978
2709,1716
2099,1611
1487,1678
1101,1865
1065,2159
1395,2434
1984,2592
2595,2536
3021,2283
3079,1974
2699,1708
2090,1613
1482,1689
1099,1878
1076,2172
1393,2434
1975,2583
2589,2533
3033,2285
3073,1961
2691,1701
2061,1608
1475,1688
1073,1879
1076,2170
1408,2445
1986,2595
2595,2536
3036,2276
3077,1959
2686,1702
2053,1622
1448,1689
1091,1872
1082,2163
1421,2433
2003,2581
2615,2508
3039,2248
3070,1932
2679,1681
2067,1590
1459,1670
1092,1866
1078,2157
1427,2419
2015,2559
2616,2489
3045,2248
3070,1926
2669,1675
2057,1612
1455,1664
1093,1867
1087,2157
1434,2418
2023,2557
2646,2494
3060,2241
3062,1917
2654,1668
2039,1595
1438,1681
1086,1876
1089,2158
1440,2421
2028,2576
2645,2485
3052,2226
3068,1902
2654,1670
2022,1607
1427,1679
1075,1876
1095,2173
1451,2447
2038,2587
2645,2500
3054,2239
3044,1930
2637,1691
2018,1616
1420,1692
1077,1903
1092,2209
1458,2472
2052,2590
2657,2506
3059,2243
3047,1937
2622,1693
1993,1612
1398,1705
1061,1917
1095,2205
1457,2463
2060,2589
2665,2513
3057,2246
3042,1922
2614,1672
1989,1619
1401,1712
1064,1914
1096,2208
1481,2472
2093,2593
2688,2511
3068,2224
3039,1911
2603,1679
1979,1626
1395,1701
1072,1898
1105,2191
1492,2473
2092,2597
2696,2485
3084,2196
3045,1882
2599,1654
1972,1600
1388,1680
1086,1898
1117,2199
1502,2449
2100,2566
2693,2462
3082,2201
3047,1887
2595,1648
1956,1581
1371,1675
1067,1905
1120,2201
1511,2460
2113,2570
2710,2471
3084,2187
3031,1872
2576,1648
1951,1598
1369,1708
1046,1910
1104,2199
1508,2448
2122,2576
2721,2461
3081,2181
3021,1866
2565,1645
1937,1594
1360,1697
1056,1918
1119,2233
1515,2485
2124,2582
2729,2460
3088,2193
3015,1891
2555,1679
1926,1616
1352,1706
1060,1936
1118,2249
1527,2501
2133,2600
2722,2473
3092,2190
3031,1883
2561,1667
1919,1618
1345,1724
1050,1955
1125,2250
1532,2481
2138,2596
2733,2475
3085,2206
3010,1877
2546,1656
1919,1613
1345,1731
1050,1947
1094,2256
1545,2501
2157,2604
2748,2473
3093,2186
3005,1877
2532,1671
1899,1612
1339,1724
1053,1941
1130,2251
1539,2501
2158,2589
2748,2457
3099,2176
3002,1864
2522,1637
1891,1586
1333,1704
1056,1939
1142,2237
1570,2472
2174,2560
2757,2433
3104,2160
2998,1853
2515,1624
1888,1589
1323,1693
1054,1935
1148,2234
1580,2480
2190,2569
2775,2443
3117,2151
3007,1836
2501,1622
1865,1600
1311,1709
1039,1948
1149,2229
1586,2475
2196,2565
2784,2438
3102,2144
2984,1839
2494,1625
1866,1595
1300,1707
1044,1957
1154,2263
1597,2499
2208,2578
2786,2438
3104,2160
2980,1853
2478,1654
1847,1618
1298,1729
1035,1971
1141,2282
1586,2519
2216,2602
2791,2459
3103,2165
2966,1846
2466,1639
1835,1631
1288,1753
1041,1994
1156,2279
1606,2501
2214,2597
2791,2448
3108,2162
2966,1849
2458,1638
1824,1622
1281,1748
1043,1989
1166,2293
1620,2523
2234,2600
2816,2441
3111,2145
2972,1832
2466,1641
1822,1630
1277,1742
1043,1983
1174,2281
1632,2507
2254,2578
2815,2423
3113,2131
2954,1818
2445,1612
1820,1601
1288,1733
1051,1990
1180,2274
1646,2490
2262,2563
2817,2409
3120,2121
2952,1810
2438,1607
1813,1596
1275,1730
1051,1972
1186,2278
1642,2501
2264,2570
2826,2407
3118,2106
2941,1801
2421,1621
1782,1614
1245,1736
1041,1976
1192,2276
1663,2502
2276,2570
2823,2411
3104,2111
2926,1783
2407,1622
1782,1602
1251,1739
1036,1993
1190,2296
1669,2514
2291,2577
2842,2409
3112,2122
2918,1816
2396,1627
1776,1631
1248,1766
1033,2016
1194,2314
1670,2534
2297,2592
2850,2426
3114,2120
2916,1819
2391,1630
1758,1642
1238,1766
1029,2026
1199,2316
1685,2529
2307,2594
2860,2418
3121,2107
2917,1821
2379,1635
1747,1635
1236,1770
1031,2023
1194,2320
1686,2546
2321,2599
2871,2406
3126,2107
2908,1800
2371,1631
1740,1640
1235,1764
1035,2023
1220,2316
1707,2529
2321,2576
2864,2398
3124,2096
2908,1786
2363,1609
1726,1615
1224,1750
1046,2008
1225,2301
1721,2514
2345,2566
2878,2378
3131,2071
2907,1768
2361,1600
1727,1613
1221,1750
1037,2007
1229,2295
1724,2515
2354,2563
2889,2377
3131,2071
2895,1771
2336,1598
1716,1615
1227,1756
1042,2016
1234,2317
1734,2524
2362,2550
2895,2362
3130,2052
2879,1781
2326,1610
1681,1617
1201,1758
1032,2028
1228,2332
1745,2536
2364,2571
2900,2390
3130,2070
2875,1784
2318,1613
1685,1647
1194,1792
1029,2063
1242,2349
1755,2546
2376,2585
2893,2386
3112,2085
2863,1791
2308,1630
1676,1649
1186,1783
1025,2059
1248,2362
1761,2560
2386,2584
2911,2370
3127,2061
2855,1776
2298,1622
1670,1647
1188,1806
1028,2071
1250,2353
1772,2558
2400,2575
2919,2385
3132,2076
2856,1778
2287,1610
1658,1634
1185,1795
1052,2066
1276,2367
1785,2548
2409,2553
2930,2349
3131,2043
2850,1764
2284,1610
1649,1636
1179,1781
1041,2036
1276,2332
1805,2530
2432,2562
2937,2346
3131,2029
2843,1725
2275,1576
1648,1622
1177,1784
1045,2064
1284,2338
1805,2518
2423,2539
2930,2339
3119,2047
2829,1754
2258,1599
1633,1624
1166,1774
1042,2062
1281,2348
1814,2548
2438,2541
2941,2327
3114,2014
2817,1731
2247,1604
1619,1631
1161,1804
1041,2065
1288,2344
1826,2545
2448,2564
2949,2365
3120,2036
2811,1755
2229,1606
1614,1653
1168,1818
1055,2092
1292,2380
1833,2567
2457,2564
2955,2345
3117,2027
2804,1763
2224,1621
1598,1675
1149,1821
1047,2084
1309,2376
1843,2570
2462,2580
2955,2350
3113,2025
2801,1740
2215,1609
1592,1674
1145,1827
1048,2108
1309,2388
1859,2565
2481,2569
2957,2344
3097,2037
2791,1734
2208,1625
1585,1657
1143,1814
1047,2103
1314,2390
1871,2577
2490,2554
2974,2313
3111,1985
2780,1721
2184,1613
1571,1656
1144,1805
1056,2077
1328,2358
1881,2555
2502,2534
2986,2307
3110,1985
2779,1714
2187,1583
1564,1634
1142,1801
1069,2082
1344,2382
1890,2556
2508,2527
2983,2285
3108,1972
2769,1721
2175,1607
1557,1643
1130,1798
1059,2082
1344,2377
1907,2555
2532,2528
2992,2286
3097,1973
2754,1708
2164,1598
1545,1654
1124,1822
1056,2114
1345,2395
1904,2563
2529,2537
3000,2304
3088,2008
2735,1730
2148,1614
1535,1656
1120,1832
1057,2129
1353,2426
1914,2589
2537,2540
2999,2295
3083,1989
2724,1743
2134,1640
1523,1682
1112,1847
1060,2141
1359,2431
1922,2582
2543,2543
3000,2308
3085,1991
2722,1725
2121,1614
1518,1670
1130,1853
1073,2145
1367,2420
1939,2587
2556,2536
3013,2294
3088,1983
2718,1728
2117,1615
1505,1682
1112,1857
1072,2149
1393,2427
1963,2570
2574,2521
3018,2278
3087,1960
2714,1699
2112,1594
1499,1661
1111,1842
1076,2133
1394,2400
1967,2548
2587,2503
3017,2260
3076,1952
2706,1689
2102,1580
1494,1643
1108,1836
1078,2143
1400,2415
1975,2558
2596,2491
3031,2257
3080,1951
2686,1694
2072,1580
1469,1660
1101,1857
1081,2151
1405,2413
1964,2555
2597,2494
3031,2252
3074,1919
2682,1674
2066,1589
1461,1660
1084,1861
1076,2150
1418,2426
1996,2583
2605,2514
3036,2266
3069,1952
2675,1699
2062,1609
1456,1684
1086,1885
1076,2167
1419,2447
2012,2581
2626,2521
3041,2266
3066,1950
2664,1699
2054,1613
1450,1690
1081,1893
1076,2184
1420,2454
2010,2587
2623,2523
3048,2269
3067,1954
2657,1693
2039,1606
1441,1691
1083,1899
1071,2193
1433,2457
2024,2586
2634,2523
3048,2264
3064,1948
2654,1701
2027,1620
1422,1708
1073,1895
1089,2184
1443,2447
2025,2583
2646,2506
3057,2245
3060,1919
2645,1674
2025,1594
1429,1680
1075,1880
1087,2174
1443,2434
2053,2568
2657,2479
3061,2222
3055,1901
2639,1663
2013,1581
1419,1666
1080,1880
1104,2180
1478,2434
2076,2562
2667,2472
3062,2214
3050,1906
2623,1658
2001,1594
1407,1683
1074,1891
1101,2180
1471,2437
2073,2570
2678,2475
3067,2209
3036,1883
2610,1645
1989,1580
1399,1688
1073,1891
1101,2184
1476,2444
2075,2584
2681,2498
3072,2222
3043,1903
2594,1671
1962,1610
1380,1717
1067,1922
1104,2212
1485,2471
2082,2596
2688,2503
3071,2228
3036,1911
2592,1676
1968,1621
1376,1717
1061,1929
1097,2223
1493,2475
2091,2597
2691,2501
3073,2226
3032,1907
2584,1673
1958,1617
1376,1719
1062,1933
1108,2224
1499,2473
2114,2595
2720,2501
3078,2222
3025,1896
2576,1671
1947,1619
1375,1715
1067,1925
1116,2224
1514,2478
2122,2590
2717,2469
3090,2186
3035,1879
2577,1652
1942,1605
1364,1695
1066,1908
1125,2200
1523,2459
2130,2570
2724,2460
3086,2178
3023,1865
2570,1638
1936,1600
1355,1697
1056,1915
1128,2205
1536,2462
2140,2568
2728,2450
3086,2168
3017,1861
2553,1640
1924,1601
1350,1702
1056,1928
1119,2223
1522,2462
2148,2571
2741,2449
3087,2168
2989,1859
2534,1638
1911,1598
1339,1699
1056,1922
1130,2236
1544,2483
2154,2576
2744,2455
3104,2179
3001,1874
2526,1657
1895,1616
1332,1720
1053,1947
1135,2267
1554,2503
2164,2595
2773,2465
3087,2184
2993,1873
2507,1667
1883,1626
1322,1727
1048,1962
1137,2263
1563,2505
2178,2599
2764,2466
3098,2188
2990,1863
2497,1651
1858,1617
1307,1735
1051,1970
1144,2267
1580,2504
2190,2599
2774,2464
3100,2178
2985,1868
2511,1652
1869,1621
1304,1731
1038,1966
1141,2274
1588,2509
2207,2586
2783,2444
3102,2161
2981,1848
2486,1637
1854,1595
1304,1712
1047,1950
1158,2252
1601,2483
2218,2569
2803,2429
3115,2141
2976,1833
2480,1622
1848,1593
1304,1716
1051,1955
1166,2257
1612,2484
2224,2569
2802,2423
3119,2140
2986,1832
2470,1614
1829,1593
1284,1722
1047,1964
1169,2263
1621,2490
2235,2561
2804,2415
3114,2125
2963,1820
2456,1636
1821,1609
1271,1735
1032,1969
1166,2275
1628,2502
2244,2581
2810,2428
3107,2142
2952,1839
2445,1637
1809,1617
1276,1747
1040,2001
1159,2302
1619,2522
2251,2586
2817,2438
3112,2147
2948,1843
2433,1646
1799,1631
1263,1765
1035,2005
1172,2304
1636,2527
2252,2598
2819,2439
3115,2140
2946,1836
2426,1634
1789,1625
1259,1756
1038,2008
1180,2305
1653,2525
2271,2589
2830,2437
3120,2136
2945,1823
2426,1638
1793,1634
1254,1760
1034,2004
1189,2298
1664,2527
2287,2579
2844,2414
3117,2110
2935,1808
2409,1620
1780,1611
1257,1741
1042,1997
1194,2288
1676,2505
2302,2552
2854,2392
3126,2096
2935,1795
2402,1618
1773,1606
1243,1739
1023,1990
1186,2287
1684,2516
2313,2560
2863,2390
3129,2089
2919,1791
2386,1616
1754,1610
1237,1743
1036,1996
1193,2300
1684,2515
2310,2557
2868,2385
3126,2082
2911,1785
2372,1613
1739,1609
1228,1753
1030,2011
1208,2305
1698,2526
2320,2572
2871,2388
3137,2103
2921,1795
2377,1628
1729,1624
1221,1765
1029,2026
1217,2334
1708,2551
2333,2578
2874,2400
3125,2106
2898,1809
2357,1635
1726,1634
1220,1777
1026,2042
1216,2339
1716,2546
2341,2588
2879,2392
3125,2100
2891,1799
2348,1632
1715,1633
1212,1777
1029,2051
1215,2346
1719,2559
2352,2573
2891,2390
3131,2097
2886,1803
2334,1638
1703,1637
1207,1783
1032,2048
1238,2346
1742,2543
2362,2568
2888,2375
3128,2075
2879,1773
2327,1614
1695,1609
1200,1768
1038,2039
1249,2323
1758,2531
2378,2541
2905,2355
3134,2056
2878,1760
2336,1599
1699,1603
1202,1764
1036,2038
1251,2338
1766,2525
2391,2545
2910,2350
3133,2052
2867,1753
2305,1600
1678,1600
1203,1765
1051,2050
1255,2332
1771,2530
2401,2534
2921,2347
3126,2047
2853,1757
2288,1606
1659,1608
1182,1777
1037,2057
1245,2350
1783,2543
2395,2552
2921,2356
3126,2061
2848,1774
2276,1612
1649,1633
1176,1794
1038,2076
1269,2362
1793,2566
2419,2564
2920,2377
3106,2064
2832,1768
2263,1627
1639,1645
1169,1819
1037,2090
1269,2374
1797,2563
2423,2560
2931,2368
3118,2060
2837,1779
2265,1609
1629,1639
1164,1802
1038,2092
1278,2374
1815,2561
2438,2564
2945,2362
3121,2061
2820,1761
2253,1626
1633,1648
1176,1819
1045,2089
1288,2369
1827,2562
2454,2554
2954,2348
3116,2032
2814,1745
2236,1604
1612,1628
1165,1791
1054,2073
1305,2352
1827,2533
2460,2542
2962,2324
3123,2017
2810,1720
2230,1591
1608,1634
1159,1806
1053,2074
1312,2353
1848,2541
2467,2539
2950,2320
3104,2019
2805,1717
2216,1597
1590,1638
1146,1807
1050,2087
1314,2365
1860,2540
2484,2524
2964,2309
3104,2003
2784,1710
2202,1580
1584,1635
1142,1815
1050,2089
1317,2376
1866,2549
2493,2546
2973,2324
3106,2011
2778,1729
2186,1609
1571,1653
1144,1822
1065,2112
1328,2389
1875,2576
2498,2552
2980,2320
3104,2022
2772,1736
2179,1619
1561,1667
1132,1838
1054,2131
1334,2409
1885,2580
2503,2556
2980,2322
3103,2011
2766,1730
2170,1609
1550,1671
1124,1839
1052,2122
1340,2397
1895,2586
2522,2560
2985,2322
3085,1996
2748,1730
2165,1618
1547,1669
1125,1853
1058,2134
1344,2415
1909,2572
2531,2539
2998,2305
3096,1992
2743,1719
2142,1597
1554,1652
1125,1828
1062,2110
1358,2389
1921,2551
2541,2520
3005,2282
3099,1963
2743,1696
2148,1587
1543,1642
1138,1818
1069,2117
1369,2391
1934,2556
2557,2512
3012,2277
3094,1971
2733,1695
2130,1586
1518,1653
1117,1834
1074,2124
1369,2389
1934,2558
2564,2514
3013,2268
3090,1954
2721,1686
2116,1591
1504,1646
1109,1827
1067,2129
1381,2410
1950,2582
2564,2523
3001,2277
3073,1971
2710,1720
2106,1610
1493,1679
1100,1853
1068,2159
1386,2424
1959,2592
2583,2533
3023,2288
3073,1975
2693,1719
2086,1613
1484,1684
1098,1869
1068,2162
1385,2436
1965,2592
2583,2540
3024,2286
3076,1967
2692,1701
2084,1613
1476,1681
1105,1867
1088,2165
1401,2434
1975,2589
2595,2541
3029,2279
3079,1962
2689,1702
2078,1623
1470,1686
1096,1872
1081,2164
1418,2425
2005,2588
2613,2515
3035,2260
3075,1949
2681,1690
2072,1600
1466,1667
1096,1855
1084,2152
1422,2435
2004,2560
2618,2500
3042,2245
3066,1938
2672,1670
2062,1587
1464,1664
1096,1853
1086,2154
1428,2421
2014,2557
2626,2487
3048,2234
3073,1927
2664,1681
2035,1592
1431,1669
1088,1865
1088,2159
1435,2426
2023,2571
2631,2492
3046,2228
3061,1914
2650,1666
2074,1591
1432,1679
1081,1862
1083,2164
1457,2431
2037,2579
2638,2497
3046,2230
3055,1929
2642,1686
2021,1614
1426,1689
1078,1894
1088,2196
1447,2452
2051,2585
2664,2505
3063,2250
3048,1930
2629,1687
2009,1608
1413,1698
1074,1915
1094,2205
1461,2463
2056,2590
2651,2507
3042,2241
3035,1934
2617,1698
2005,1616
1413,1700
1075,1905
1096,2205
1471,2462
2066,2595
2673,2511
3065,2239
3035,1926
2598,1672
1975,1622
1397,1715
1076,1911
1104,2208
1481,2466
2082,2594
2680,2495
3068,2217
3040,1899
2602,1677
1976,1604
1389,1691
1075,1891
1120,2189
1495,2449
2089,2568
2691,2467
3073,2202
3038,1892
2599,1651
1975,1584
1393,1685
1074,1898
1116,2194
1512,2442
2122,2566
2708,2470
3080,2190
3030,1870
2584,1647
1961,1597
1378,1689
1069,1906
1116,2196
1509,2451
2113,2569
2711,2461
3082,2190
3021,1884
2566,1650
1945,1593
1368,1686
1064,1907
1118,2209
1513,2462
2118,2581
2713,2472
3081,2197
3021,1883
2556,1660
1922,1620
1342,1717
1053,1933
1122,2232
1522,2486
2128,2602
2722,2476
3081,2202
3016,1892
2553,1670
1923,1619
1344,1721
1047,1944
1114,2245
1526,2484
2135,2600
2729,2484
3081,2209
3009,1885
2543,1661
1917,1625
1346,1728
1050,1944
1123,2237
1552,2490
2150,2593
2752,2476
3101,2179
3005,1884
2535,1666
1906,1631
1337,1726
1054,1946
1132,2255
1553,2493
2162,2590
2749,2458
3097,2176
3013,1870
2535,1652
1901,1609
1332,1702
1056,1938
1140,2233
1565,2470
2172,2573
2757,2449
3102,2157
3006,1847
2512,1629
1873,1600
1324,1710
1053,1934
1146,2228
1574,2470
2185,2572
2771,2436
3100,2153
2992,1842
2509,1630
1873,1602
1311,1712
1049,1950
1147,2242
1581,2477
2197,2568
2773,2433
3104,2146
2989,1838
2493,1629
1862,1595
1305,1714
1037,1944
1142,2251
1590,2491
2216,2577
2795,2437
3103,2155
2979,1853
2485,1645
1853,1622
1300,1729
1043,1975
1149,2273
1591,2508
2213,2595
2791,2453
3114,2162
2981,1854
2472,1641
1840,1627
1290,1744
1040,1981
1153,2282
1600,2513
2218,2599
2797,2450
3108,2158
2973,1848
2470,1650
1823,1631
1269,1742
1040,1978
1160,2284
1610,2511
2229,2596
2801,2447
3108,2158
2963,1853
2455,1647
1830,1624
1281,1753
1036,1995
1156,2293
1621,2513
2244,2587
2815,2431
3115,2137
2960,1826
2450,1628
1817,1615
1279,1737
1044,1976
1172,2277
1630,2496
2255,2562
2832,2410
3132,2117
2959,1819
2443,1612
1811,1603
1277,1722
1045,1971
1180,2269
1646,2491
2260,2564
2824,2409
3123,2103
2962,1801
2442,1609
1799,1607
1262,1734
1042,1981
1184,2281
1654,2501
2271,2566
2830,2402
3117,2100
2940,1796
2424,1609
1787,1605
1257,1740
1033,1984
1184,2285
1658,2503
2277,2570
2835,2417
3114,2117
2930,1811
2411,1621
1778,1623
1250,1760
1040,2013
1188,2313
1655,2533
2277,2595
2843,2423
3118,2120
2943,1818
2398,1633
1761,1633
1237,1768
1025,2018
1189,2320
1678,2536
2307,2590
2854,2423
3118,2112
2915,1813
2385,1626
1754,1637
1236,1770
1031,2017
1200,2316
1685,2537
2306,2597
2861,2416
3136,2111
2924,1805
2379,1625
1747,1638
1234,1766
1036,2025
1212,2322
1703,2533
2322,2583
2869,2406
3127,2097
2911,1797
2374,1606
1734,1618
1217,1759
1033,2012
1222,2299
1716,2515
2336,2568
2878,2384
3129,2072
2905,1777
2364,1605
1734,1614
1228,1748
1035,2001
1210,2300
1713,2521
2346,2564
2886,2374
3129,2072
2895,1774
2346,1600
1716,1611
1215,1753
1036,2017
1235,2315
1727,2517
2344,2561
2888,2364
3130,2061
2884,1766
2333,1602
1704,1614
1208,1758
1032,2021
1231,2319
1735,2536
2359,2560
2892,2375
3131,2066
2889,1772
2337,1614
1696,1637
1200,1766
1026,2052
1237,2342
1748,2543
2366,2583
2899,2389
3125,2081
2869,1782
2313,1621
1689,1645
1202,1797
1032,2059
1238,2351
1752,2559
2379,2585
2906,2385
3131,2076
2864,1780
2305,1624
1675,1648
1190,1796
1032,2063
1245,2358
1749,2554
2378,2576
2916,2387
3132,2075
2859,1781
2298,1622
1664,1646
1187,1796
1040,2069
1262,2355
1783,2560
2399,2575
2914,2365
3125,2055
2852,1760
2289,1604
1656,1632
1180,1781
1039,2052
1271,2339
1791,2533
2415,2548
2931,2345
3129,2032
2844,1744
2281,1586
1648,1621
1176,1777
1047,2050
1276,2333
1805,2527
2430,2542
2943,2342
3130,2029
2840,1736
2273,1589
1653,1629
1169,1780
1041,2053
1280,2350
1814,2540
2439,2543
2943,2332
3125,2020
2828,1740
2255,1592
1629,1626
1163,1787
1034,2069
1270,2351
1806,2548
2445,2557
2950,2342
3120,2033
2819,1746
2241,1626
1616,1646
1157,1812
1041,2083
1285,2370
1822,2566
2442,2570
2943,2356
3118,2043
2813,1755
2232,1616
1606,1653
1150,1827
1045,2102
1292,2384
1830,2568
2464,2570
2951,2351
3111,2039
2815,1754
2237,1616
1605,1657
1148,1821
1058,2100
1299,2388
1843,2571
2468,2569
2963,2347
3113,2029
2801,1748
2217,1614
1602,1658
1163,1826
1056,2109
1306,2392
1852,2569
2478,2553
2971,2328
3114,2015
2794,1737
2208,1604
1587,1645
1149,1811
1056,2090
1320,2377
1862,2555
2485,2539
2978,2309
3116,1991
2792,1715
2204,1589
1581,1639
1147,1805
1056,2083
1330,2367
1881,2546
2494,2531
2968,2309
3095,1995
2778,1712
2191,1587
1571,1639
1138,1818
1058,2096
1331,2373
1884,2551
2504,2529
2982,2300
3100,1987
2761,1708
2177,1584
1562,1641
1133,1815
1054,2105
1338,2386
1891,2554
2513,2531
2989,2302
3101,1990
2759,1721
2164,1601
1546,1660
1133,1839
1074,2126
1353,2406
1900,2573
2520,2550
2988,2315
3098,2000
2751,1732
2153,1612
1538,1675
1124,1843
1057,2130
1339,2419
1902,2585
2527,2555
2995,2311
3092,1997
2739,1728
2144,1610
1531,1671
1120,1856
1062,2137
1362,2417
1915,2577
2529,2549
2987,2315
3088,1998
2735,1729
2136,1614
1520,1675
1116,1859
1067,2141
1371,2418
1939,2577
2552,2540
3005,2292
3085,1975
2728,1709
2132,1600
1519,1659
1114,1839
1072,2130
1377,2401
1947,2561
2565,2517
3013,2268
3089,1951
2728,1691
2115,1589
1516,1653
1134,1836
1087,2116
1388,2391
1961,2552
2577,2509
3021,2265
3086,1950
2710,1688
2105,1588
1495,1658
1127,1839
1088,2130
1401,2408
1978,2564
2586,2510
3025,2255
3078,1944
2699,1684
2088,1588
1482,1658
1103,1851
1076,2141
1401,2412
1981,2566
2592,2519
3016,2269
3055,1953
2683,1695
2077,1603
1471,1674
1095,1873
1076,2165
1407,2435
1990,2589
2603,2527
3030,2275
3066,1963
2671,1705
2057,1607
1461,1686
1093,1885
1078,2176
1410,2446
1992,2592
2605,2528
3034,2273
3066,1960
2668,1698
2053,1614
1451,1684
1087,1876
1093,2173
1430,2442
2004,2590
2618,2528
3039,2262
3065,1952
2664,1701
2048,1618
1447,1697
1088,1893
1088,2184
1439,2446
2030,2587
2642,2514
3050,2253
3061,1934
2654,1687
2045,1598
1443,1679
1087,1876
1095,2167
1441,2431
2031,2567
2643,2492
3054,2235
3058,1919
2643,1668
2033,1585
1436,1673
1085,1876
1097,2156
1458,2428
2047,2563
2654,2482
3056,2225
3047,1910
2630,1670
2013,1601
1425,1672
1082,1877
1097,2180
1462,2431
2058,2569
2662,2483
3060,2221
3048,1903
2621,1660
1996,1586
1411,1679
1081,1884
1108,2172
1465,2435
2056,2570
2668,2489
3061,2222
3045,1911
2612,1674
1989,1604
1404,1699
1068,1907
1102,2208
1485,2460
2084,2588
2674,2491
3065,2233
3039,1919
2606,1680
1983,1618
1393,1707
1065,1918
1102,2219
1478,2478
2088,2596
2684,2505
3063,2228
3029,1915
2597,1680
1975,1615
1388,1708
1065,1922
1104,2219
1484,2473
2090,2595
2691,2502
3071,2230
3032,1913
2583,1687
1948,1624
1370,1712
1068,1938
1114,2224
1497,2479
2100,2594
2706,2489
3081,2212
3033,1892
2581,1661
1954,1610
1372,1704
1062,1908
1123,2201
1523,2460
2115,2572
2710,2463
3081,2188
3030,1870
2579,1643
1953,1594
1371,1690
1065,1907
1117,2204
1519,2451
2136,2562
2736,2453
3087,2181
3023,1868
2566,1641
1937,1595
1363,1692
1064,1916
1121,2214
1526,2461
2134,2570
2734,2457
3096,2176
3020,1865
2544,1640
1922,1591
1352,1697
1058,1916
1125,2217
1534,2467
2140,2569
2734,2459
3088,2182
2990,1870
2543,1653
1907,1623
1329,1723
1045,1938
1130,2243
1540,2490
2149,2594
2727,2476
3088,2191
3003,1883
2532,1661
1890,1616
1329,1729
1051,1956
1140,2255
1553,2496
2159,2600
2745,2476
3087,2192
2998,1884
2518,1660
1888,1626
1321,1727
1045,1958
1134,2265
1576,2500
2188,2589
2757,2465
3092,2184
2991,1875
2511,1662
1882,1627
1321,1736
1052,1963
1141,2259
1577,2504
2192,2606
2775,2457
3110,2167
2986,1862
2500,1645
1873,1615
1314,1719
1051,1945
1151,2244
1586,2483
2200,2573
2783,2436
3107,2145
2988,1835
2493,1625
1857,1597
1300,1717
1058,1948
1159,2245
1599,2477
2212,2566
2787,2428
3104,2135
2981,1835
2489,1624
1851,1602
1298,1716
1040,1954
1155,2248
1606,2486
2223,2573
2793,2422
3105,2126
2970,1828
2468,1620
1824,1602
1292,1716
1043,1958
1159,2256
1609,2488
2234,2568
2811,2425
3109,2141
2958,1833
2459,1633
1830,1619
1284,1738
1045,1979
1164,2279
1617,2511
2233,2591
2808,2439
3116,2146
2972,1845
2453,1645
1813,1633
1273,1748
1042,1989
1172,2290
1623,2523
2243,2596
2811,2442
3111,2140
2955,1835
2442,1647
1808,1634
1259,1762
1030,2000
1174,2292
1638,2519
2257,2593
2820,2434
3113,2145
2948,1837
2433,1649
1796,1618
1270,1759
1037,2010
1169,2308
1637,2518
2268,2592
2833,2428
3115,2130
2930,1825
2421,1628
1791,1617
1260,1741
1047,1991
1192,2284
1657,2508
2279,2572
2839,2397
3131,2101
2943,1798
2416,1610
1781,1607
1252,1739
1040,1983
1195,2280
1667,2498
2299,2562
2862,2395
3142,2094
2939,1788
2399,1606
1766,1609
1246,1737
1038,1991
1199,2287
1683,2506
2306,2562
2859,2395
3125,2093
2922,1797
2390,1606
1744,1609
1227,1742
1035,2000
1200,2293
1685,2508
2312,2564
2861,2395
3121,2099
2915,1799
2379,1627
1743,1624
1225,1761
1015,2020
1189,2322
1697,2543
2324,2588
2869,2408
3123,2111
2904,1810
2364,1632
1738,1648
1221,1773
1028,2032
1205,2328
1696,2544
2305,2594
2877,2411
3126,2100
2898,1802
2355,1628
1720,1637
1214,1779
1027,2044
1215,2330
1712,2542
2333,2584
2882,2401
3137,2088
2911,1799
2359,1633
1726,1646
1213,1797
1034,2045
1227,2337
1729,2549
2352,2583
2890,2390
3133,2080
2885,1783
2344,1615
1717,1631
1213,1776
1033,2028
1233,2321
1739,2523
2367,2557
2904,2367
3134,2060
2887,1765
2337,1598
1706,1618
1209,1761
1033,2027
1229,2320
1730,2522
2374,2552
2910,2360
3140,2057
2879,1759
2320,1601
1694,1623
1202,1765
1037,2035
1247,2323
1754,2531
2376,2560
2899,2360
3128,2051
2868,1756
2311,1599
1676,1619
1190,1767
1034,2051
1248,2328
1763,2531
2377,2557
2908,2361
3125,2053
2863,1755
2308,1606
1674,1634
1185,1785
1041,2058
1253,2348
1776,2551
2399,2572
2912,2374
3126,2065
2846,1779
2286,1621
1656,1645
1177,1793
1033,2074
1262,2363
1789,2553
2409,2579
2921,2374
3123,2061
2840,1785
2275,1618
1648,1649
1172,1804
1029,2074
1248,2367
1792,2566
2423,2576
2936,2365
3124,2057
2834,1771
2263,1621
1634,1658
1170,1805
1041,2075
1277,2366
1806,2560
2441,2568
2938,2367
3124,2047
2825,1756
2253,1612
1627,1639
1168,1797
1045,2073
1291,2356
1822,2545
2446,2548
2944,2336
3127,2021
2833,1738
2258,1591
1623,1624
1164,1787
1048,2064
1300,2349
1837,2544
2454,2530
2957,2321
3119,2014
2811,1728
2238,1592
1623,1631
1169,1784
1053,2083
1301,2357
1845,2547
2468,2537
2956,2310
3113,2004
2800,1727
2220,1596
1591,1639
1156,1799
1068,2088
1305,2370
1840,2548
2473,2537
2966,2320
3111,2011
2789,1736
2204,1605
1582,1652
1145,1820
1051,2103
1318,2388
1861,2574
2482,2566
2957,2337
3102,2012
2780,1743
2194,1615
1573,1664
1135,1835
1048,2112
1321,2396
1875,2574
2492,2559
2967,2334
3096,2014
2770,1727
2185,1610
1571,1670
1135,1840
1042,2117
1330,2398
1879,2577
2505,2554
2982,2324
3102,2012
2762,1740
2169,1620
1553,1666
1138,1832
1072,2126
1340,2411
1895,2578
2523,2551
2990,2319
3100,1997
2759,1719
2161,1604
1547,1659
1129,1829
1069,2104
1358,2387
1917,2557
2529,2524
2996,2291
3101,1972
2755,1701
2156,1586
1545,1637
1129,1819
1072,2110
1364,2383
1919,2554
2532,2523
2998,2284
3100,1968
2743,1697
2139,1587
1524,1647
1119,1830
1069,2120
1369,2390
1935,2555
2548,2520
3004,2275
3089,1966
2734,1702
2132,1587
1508,1645
1109,1826
1064,2117
1372,2409
1941,2560
2558,2531
3007,2280
3082,1961
2716,1702
2119,1600
1515,1667
1122,1842
1069,2128
1378,2416
1952,2586
2568,2546
3019,2298
3085,1978
2711,1715
2105,1612
1491,1679
1100,1849
1067,2151
1390,2423
1954,2587
2573,2539
3017,2296
3083,1977
2705,1706
2094,1617
1485,1687
1102,1874
1065,2157
1393,2430
1970,2587
2579,2538
3009,2293
3070,1967
2698,1711
2090,1615
1470,1681
1096,1874
1074,2167
1403,2435
1984,2579
2601,2524
3035,2278
3071,1968
2679,1702
2071,1604
1472,1676
1101,1865
1076,2152
1410,2421
1992,2568
2609,2505
3039,2260
3077,1934
2682,1683
2071,1591
1461,1657
1109,1848
1090,2146
1422,2416
2001,2562
2618,2496
3042,2235
3081,1919
2675,1675
2061,1588
1457,1667
1092,1858
1091,2153
1433,2414
2031,2565
2634,2497
3046,2232
3062,1913
2662,1667
2049,1591
1447,1667
1087,1869
1084,2157
1431,2422
2022,2564
2637,2494
3046,2249
3053,1932
2641,1677
2037,1605
1438,1691
1085,1886
1084,2184
1440,2445
2031,2592
2642,2514
3054,2253
3062,1935
2642,1690
2011,1611
1429,1702
1078,1901
1089,2198
1448,2460
2031,2592
2647,2504
3048,2243
3047,1929
2633,1691
2012,1610
1428,1693
1089,1900
1090,2197
1452,2466
2050,2600
2654,2507
3058,2243
3047,1926
2624,1690
2003,1618
1408,1704
1083,1910
1109,2211
1487,2465
2076,2594
2668,2501
3055,2233
3044,1923
2614,1676
1993,1609
1397,1692
1076,1897
1108,2188
1484,2450
2084,2576
2685,2476
3063,2206
3035,1886
2609,1654
1987,1586
1403,1680
1076,1890
1110,2185
1493,2440
2092,2568
2692,2474
3076,2200
3030,1883
2592,1650
1958,1592
1389,1688
1074,1896
1117,2186
1501,2449
2097,2573
2697,2471
3074,2205
3028,1885
2587,1652
1953,1591
1373,1684
1066,1894
1120,2195
1509,2448
2105,2572
2701,2468
3074,2201
3022,1884
2571,1658
1947,1601
1356,1701
1060,1924
1114,2221
1521,2474
2137,2586
2724,2486
3074,2208
3015,1898
2560,1677
1937,1623
1361,1717
1057,1942
1116,2238
1521,2488
2126,2594
2723,2480
3092,2207
3014,1901
2549,1666
1926,1624
1349,1717
1057,1944
1121,2242
1530,2481
2136,2598
2730,2475
3085,2197
3012,1888
2543,1675
1899,1634
1333,1730
1056,1946
1134,2246
1546,2490
2155,2598
2741,2476
3087,2189
3004,1873
2533,1655
1906,1614
1334,1720
1049,1943
1125,2234
1554,2473
2166,2572
2752,2452
3093,2170
3005,1853
2528,1635
1901,1596
1331,1710
1056,1935
1148,2229
1587,2466
2189,2555
2765,2436
3100,2159
2999,1846
2517,1630
1883,1591
1322,1701
1054,1938
1148,2240
1571,2475
2195,2571
2777,2434
3098,2151
2989,1840
2499,1629
1869,1594
1312,1704
1046,1934
1146,2234
1581,2477
2198,2571
2779,2438
3102,2147
2983,1843
2481,1640
1840,1616
1297,1730
1044,1964
1150,2263
1593,2504
2205,2598
2782,2455
3104,2170
2975,1860
2481,1651
1847,1626
1285,1741
1031,1979
1152,2283
1600,2512
2215,2594
2788,2457
3102,2165
2970,1851
2470,1650
1835,1622
1285,1739
1035,1978
1152,2275
1608,2501
2237,2587
2811,2448
3109,2159
2962,1849
2463,1652
1831,1631
1284,1754
1042,1996
1166,2290
1618,2517
2246,2589
2814,2435
3124,2143
2974,1838
2453,1640
1817,1622
1279,1738
1043,1979
1176,2279
1634,2501
2254,2572
2821,2414
3118,2121
2966,1817
2449,1625
1810,1609
1260,1725
1042,1965
1176,2264
1641,2492
2261,2560
2826,2408
3121,2112
2957,1808
2440,1613
1809,1611
1270,1732
1036,1986
1164,2277
1642,2500
2271,2566
2835,2396
3119,2108
2943,1805
2422,1612
1790,1604
1259,1734
1036,1983
1187,2280
1649,2508
2268,2568
2844,2404
3123,2109
2937,1807
2412,1622
1777,1622
1252,1751
1035,2004
1187,2296
1663,2522
2283,2586
2840,2420
3122,2116
2938,1811
2414,1632
1771,1636
1243,1765
1034,2017
1195,2315
1674,2535
2285,2592
2852,2420
3125,2124
2920,1816
2382,1631
1738,1637
1233,1775
1032,2021
1198,2316
1685,2533
2308,2590
2858,2416
3124,2118
2917,1814
2381,1630
1746,1635
1225,1774
1016,2026
1200,2336
1698,2534
2323,2593
2868,2411
3125,2107
2905,1802
2371,1624
1741,1627
1228,1756
1038,2015
1211,2311
1705,2525
2330,2574
2884,2387
3131,2080
2906,1780
2361,1608
1730,1616
1226,1748
1039,2007
1226,2303
1724,2516
2344,2554
2887,2376
3140,2080
2912,1765
2355,1596
1721,1613
1214,1752
1038,2017
1207,2313
1731,2523
2355,2564
2892,2372
3128,2066
2891,1767
2345,1602
1713,1622
1204,1765
1029,2018
1232,2311
1740,2517
2362,2554
2893,2370
3129,2069
2877,1775
2329,1613
1699,1627
1203,1778
1027,2048
1221,2340
1738,2540
2372,2573
2901,2381
3128,2083
2871,1787
2313,1624
1685,1644
1196,1791
1034,2060
1246,2354
1746,2556
2369,2581
2891,2387
3127,2079
2860,1786
2306,1625
1673,1646
1190,1796
1032,2059
1247,2351
1762,2555
2385,2577
2907,2376
3129,2064
2863,1769
2304,1620
1672,1657
1187,1807
1034,2069
1258,2355
1779,2557
2404,2572
2922,2369
3130,2060
2849,1769
2287,1613
1668,1641
1202,1791
1053,2057
1268,2342
1789,2540
2414,2554
2931,2352
3125,2037
2847,1745
2278,1592
1654,1625
1177,1781
1036,2048
1266,2344
1805,2535
2431,2545
2940,2337
3128,2025
2839,1738
2266,1593
1640,1622
1174,1780
1046,2049
1273,2345
1804,2543
2430,2555
2945,2342
3125,2026
2827,1737
2252,1594
1625,1629
1163,1786
1044,2060
1282,2346
1816,2538
2442,2549
2946,2332
3122,2025
2827,1739
2242,1600
1612,1638
1154,1801
1041,2081
1294,2370
1831,2561
2455,2564
2954,2351
3115,2037
2812,1755
2237,1613
1619,1652
1160,1812
1040,2091
1293,2380
1835,2569
2461,2566
2954,2349
3113,2029
2802,1751
2221,1620
1599,1666
1149,1825
1043,2096
1297,2392
1838,2564
2468,2561
2967,2341
3114,2029
2794,1753
2211,1623
1589,1668
1144,1832
1048,2112
1319,2394
1864,2580
2477,2563
2956,2338
3111,2015
2786,1738
2198,1612
1579,1653
1140,1822
1051,2099
1323,2379
1875,2554
2499,2535
2978,2309
3104,1995
2778,1715
2200,1588
1574,1637
1141,1805
1056,2088
1332,2374
1883,2549
2507,2529
2986,2300
3108,1987
2772,1713
2178,1580
1566,1636
1152,1810
1069,2100
1335,2381
1889,2557
2518,2527
2992,2293
3105,1978
2761,1713
2167,1592
1551,1641
1128,1813
1060,2096
1352,2380
1902,2566
2529,2528
2992,2295
3091,1979
2756,1711
2130,1602
1538,1654
1120,1832
1058,2118
1355,2402
1914,2573
2536,2547
2989,2310
3079,1985
2741,1722
2148,1604
1529,1668
1118,1853
1059,2144
1355,2417
1917,2582
2536,2548
2993,2309
3089,1995
2730,1735
2137,1614
1518,1676
1112,1858
1060,2141
1360,2418
1931,2583
2546,2553
3002,2301
3090,1989
2723,1726
2117,1617
1533,1672
1125,1857
1075,2146
1373,2424
1945,2586
2563,2542
3014,2295
3086,1973
2719,1710
2115,1603
1505,1666
1115,1842
1082,2135
1390,2402
1958,2556
2575,2514
3020,2272
3088,1955
2714,1690
2108,1590
1500,1654
1112,1841
1079,2130
1398,2403
1968,2560
2575,2509
3011,2272
3083,1954
2705,1687
2101,1588
1490,1658
1104,1839
1083,2137
1402,2409
1980,2558
2619,2504
3023,2258
3068,1948
2677,1680
2081,1585
1480,1660
1097,1849
1076,2142
1416,2414
1980,2551
2597,2503
3027,2255
3074,1939
2678,1686
2067,1596
1465,1667
1105,1866
1089,2167
1413,2438
1992,2584
2605,2521
3033,2276
3066,1952
2673,1701
2069,1610
1456,1695
1089,1897
1083,2176
1433,2441
2015,2593
2616,2529
3036,2271
3062,1952
2662,1699
2049,1616
1448,1690
1087,1883
1079,2180
1424,2440
2017,2590
2628,2520
3037,2266
3053,1948
2653,1693
2043,1624
1444,1697
1087,1894
1090,2189
1435,2453
2028,2593
2638,2516
3051,2254
3065,1943
2643,1698
2015,1613
1424,1688
1054,1890
1093,2178
1447,2437
2038,2575
2650,2493
3055,2230
3059,1917
2644,1666
2029,1592
1429,1678
1098,1875
1102,2165
1458,2434
2050,2567
2658,2481
3062,2226
3065,1906
2631,1657
2009,1588
1420,1672
1088,1882
1113,2170
1473,2427
2063,2560
2664,2477
3061,2216
3047,1935
2624,1658
2000,1593
1408,1678
1076,1885
1100,2180
1479,2437
2074,2569
2672,2477
3054,2212
3040,1901
2612,1667
1988,1602
1398,1690
1068,1898
1102,2201
1482,2465
2080,2587
2680,2504
3069,2230
3031,1916
2589,1678
1960,1622
1391,1714
1067,1921
1104,2215
1485,2472
2086,2595
2685,2498
3067,2230
3043,1910
2589,1679
1961,1616
1374,1710
1058,1923
1103,2224
1493,2478
2093,2597
2692,2480
3073,2218
3030,1908
2585,1673
1961,1620
1375,1716
1061,1931
1113,2227
1516,2474
2123,2597
2710,2495
3078,2218
3025,1899
2573,1667
1946,1609
1369,1711
1062,1924
1116,2220
1515,2465
2130,2576
2727,2467
3097,2187
3031,1871
2568,1646
1960,1594
1368,1686
1066,1906
1124,2210
1524,2464
2133,2572
2728,2455
3090,2174
3035,1869
2560,1636
1925,1597
1348,1691
1056,1924
1129,2216
1536,2467
2140,2572
2734,2456
3091,2182
3014,1865
2545,1640
1918,1596
1343,1701
1042,1923
1111,2223
1534,2465
2152,2570
2741,2451
3089,2173
3005,1849
2535,1641
1904,1605
1338,1710
1054,1941
1128,2240
1541,2494
2160,2590
2759,2469
3094,2191
2998,1877
2521,1660
1893,1615
1328,1725
1049,1954
1133,2257
1562,2503
2178,2600
2766,2469
3097,2184
2988,1877
2510,1661
1880,1624
1317,1730
1050,1955
1137,2254
1568,2502
2181,2595
2765,2467
3100,2177
2992,1867
2493,1654
1864,1625
1314,1738
1048,1969
1148,2267
1581,2520
2193,2601
2777,2465
3105,2172
2988,1861
2498,1644
1856,1613
1296,1726
1037,1960
1152,2262
1595,2490
2210,2579
2783,2441
3103,2151
2982,1844
2484,1631
1856,1598
1303,1715
1042,1942
1157,2243
1598,2484
2225,2569
2796,2427
3108,2129
2974,1823
2479,1622
1847,1602
1296,1718
1048,1956
1160,2249
1609,2485
2229,2568
2807,2417
3123,2130
2979,1823
2464,1619
1830,1601
1285,1718
1045,1957
1169,2258
1619,2489
2233,2570
2803,2419
3121,2126
2962,1822
2456,1630
1821,1613
1273,1729
1041,1972
1170,2271
1629,2504
2248,2583
2810,2432
3107,2144
2954,1839
2444,1643
1808,1627
1269,1758
1029,2004
1158,2300
1640,2513
2252,2590
2818,2439
3108,2145
2941,1836
2432,1642
1800,1633
1262,1759
1037,2008
1174,2305
1633,2535
2253,2600
2822,2432
3113,2138
2939,1827
2420,1635
1788,1628
1263,1753
1040,2002
1182,2305
1658,2526
2273,2592
2836,2431
3122,2128
2946,1826
2421,1641
1782,1633
1252,1756
1041,1996
1195,2291
1669,2506
2289,2568
2845,2401
3119,2097
2928,1800
2410,1608
1788,1610
1265,1742
1043,1998
1206,2292
1683,2510
2306,2560
2856,2386
3129,2089
2927,1775
2397,1598
1760,1597
1236,1734
1020,1989
1205,2291
1695,2513
2315,2565
2866,2394
3123,2099
2916,1794
2379,1614
1742,1603
1232,1740
1034,1984
1202,2283
1689,2510
2316,2568
2867,2382
3125,2089
2894,1785
2362,1621
1731,1629
1224,1765
1034,2020
1215,2315
1706,2525
2327,2575
2878,2397
3144,2094
2907,1794
2357,1620
1720,1636
1212,1776
1030,2041
1218,2337
1716,2551
2340,2593
2877,2410
3124,2102
2897,1804
2358,1627
1727,1628
1210,1770
1026,2031
1224,2333
1725,2547
2349,2586
2887,2405
3127,2099
2887,1804
2339,1633
1708,1647
1212,1791
1040,2052
1222,2341
1738,2562
2366,2576
2899,2386
3134,2083
2879,1786
2327,1625
1697,1644
1204,1783
1033,2049
1242,2344
1745,2543
2359,2565
2897,2362
3133,2051
2877,1758
2327,1598
1690,1614
1200,1767
1037,2031
1252,2327
1765,2538
2388,2565
2904,2373
3133,2052
2868,1751
2316,1593
1680,1613
1192,1759
1035,2028
1253,2320
1777,2524
2398,2552
2917,2353
3131,2051
2854,1760
2294,1602
1676,1625
1200,1775
1039,2038
1255,2326
1777,2519
2406,2541
2925,2343
3128,2031
2845,1753
2283,1605
1652,1639
1182,1790
1041,2066
1272,2361
1783,2558
2414,2573
2930,2366
3127,2052
2841,1762
2271,1612
1645,1640
1176,1795
1036,2072
1264,2365
1783,2565
2412,2583
2937,2378
3124,2070
2826,1779
2260,1627
1632,1656
1166,1811
1046,2074
1273,2365
1804,2557
2427,2569
2937,2362
3116,2056
2829,1770
2253,1628
1620,1667
1162,1825
1040,2096
1283,2383
1821,2568
2442,2566
2946,2344
3119,2039
2819,1754
2252,1611
1632,1644
1165,1799
1044,2080
1259,2366
1832,2552
2459,2551
2959,2338
3121,2023
2814,1737
2234,1595
1619,1629
1169,1787
1064,2058
1307,2343
1839,2538
2466,2540
2964,2324
3123,2009
2811,1735
2229,1595
1604,1637
1156,1801
1058,2073
1313,2358
1850,2548
2463,2531
2956,2308
3117,2009
2800,1721
2214,1589
1589,1639
1147,1798
1046,2075
1314,2360
1860,2545
2481,2538
2964,2315
3098,2006
2776,1726
2200,1596
1580,1648
1144,1815
1052,2097
1312,2382
1869,2558
2491,2551
2971,2329
3104,2021
2774,1749
2186,1616
1572,1660
1141,1832
1054,2116
1323,2392
1874,2565
2493,2552
2976,2330
3103,2015
2768,1746
2178,1619
1556,1663
1134,1829
1060,2111
1347,2396
1893,2572
2502,2552
2978,2323
3097,2014
2765,1740
2172,1621
1554,1673
1127,1847
1058,2129
1343,2406
1906,2573
2522,2563
2973,2327
3094,2008
2754,1738
2163,1615
1546,1670
1126,1839
1061,2120
1350,2393
1916,2562
2536,2528
3001,2291
3098,1976
2738,1708
2136,1590
1537,1645
1096,1820
1064,2104
1361,2384
1925,2552
2544,2519
3003,2285
3094,1971
2736,1711
2146,1594
1540,1644
1125,1822
1063,2111
1366,2388
1932,2553
2553,2496
3011,2278
3088,1971
2726,1698
2120,1597
1517,1661
1120,1832
1089,2116
1384,2382
1940,2556
2558,2513
3010,2270
3090,1950
2716,1693
2109,1590
1500,1658
1107,1847
1070,2134
1388,2410
1953,2572
2566,2532
3012,2289
3083,1985
2708,1718
2106,1616
1493,1675
1100,1861
1070,2151
1389,2426
1957,2580
2581,2542
3018,2295
3064,1979
2683,1724
2088,1624
1485,1689
1101,1872
1067,2159
1393,2429
1966,2582
2584,2530
3026,2280
3078,1963
2690,1709
2078,1609
1464,1683
1096,1880
1079,2169
1403,2437
1983,2593
2600,2532
3033,2284
3076,1970
2690,1712
2074,1617
1465,1678
1092,1865
1086,2152
1435,2422
2009,2576
2610,2515
3036,2259
3070,1940
2679,1684
2070,1593
1461,1666
1094,1860
1082,2150
1425,2409
2013,2553
2631,2494
3049,2240
3075,1919
2674,1679
2060,1585
1454,1661
1092,1860
1084,2153
1433,2418
2019,2560
2632,2494
3053,2242
3064,1932
2653,1684
2033,1592
1439,1662
1084,1861
1088,2154
1436,2424
2027,2567
2636,2496
3048,2234
3063,1908
2649,1675
2030,1601
1426,1681
1064,1882
1079,2173
1443,2438
2035,2580
2640,2504
3050,2247
3054,1927
2639,1692
2020,1618
1429,1701
1074,1904
1104,2192
1462,2450
2043,2581
2651,2506
3054,2251
3047,1939
2628,1697
2007,1620
1414,1704
1071,1912
1091,2198
1461,2460
2066,2588
2669,2505
3059,2241
3045,1927
2620,1690
1999,1619
1409,1706
1070,1929
1097,2211
1473,2465
2072,2589
2682,2503
3074,2239
3038,1921
2595,1684
1985,1625
1399,1704
1075,1906
1107,2199
1482,2448
2084,2573
2685,2477
3070,2204
3045,1888
2601,1658
1969,1597
1381,1693
1067,1905
1114,2194
1498,2443
2086,2566
2694,2467
3078,2198
3039,1885
2599,1650
1971,1589
1385,1687
1064,1900
1112,2193
1512,2442
2113,2568
2703,2469
3075,2198
3029,1881
2578,1649
1958,1598
1374,1696
1062,1911
1113,2206
1508,2445
2115,2557
2716,2451
3093,2182
3023,1869
2568,1645
1941,1601
1365,1706
1062,1930
1118,2229
1514,2477
2121,2589
2717,2471
3080,2198
3025,1893
2568,1673
1925,1623
1352,1719
1058,1935
1123,2236
1523,2490
2125,2576
2721,2482
3080,2209
3014,1890
2555,1672
1925,1623
1342,1732
1040,1951
1112,2246
1530,2488
2141,2593
2730,2477
3083,2194
3005,1879
2540,1660
1913,1620
1344,1723
1049,1954
1125,2257
1536,2501
2151,2604
2745,2478
3089,2198
3004,1879
2530,1657
1903,1613
1339,1717
1059,1941
1137,2245
1552,2489
2148,2589
2750,2457
3102,2161
3014,1850
2528,1641
1895,1600
1333,1709
1059,1930
1145,2230
1569,2469
2187,2569
2767,2442
3105,2153
2995,1839
2505,1623
1879,1590
1324,1700
1056,1935
1150,2236
1582,2475
2192,2566
2774,2439
3105,2159
2987,1844
2500,1635
1858,1600
1296,1705
1041,1942
1150,2240
1588,2475
2200,2567
2776,2437
3099,2155
2978,1843
2485,1622
1856,1601
1305,1714
1038,1960
1149,2262
1590,2503
2214,2591
2788,2450
3104,2162
2971,1857
2469,1651
1842,1625
1293,1746
1043,1976
1152,2275
1599,2512
2220,2596
2804,2448
3117,2160
2971,1844
2463,1638
1831,1632
1286,1752
1038,1987
1169,2284
1609,2515
2224,2589
2802,2441
3109,2146
2969,1843
2470,1651
1827,1631
1281,1755
1042,1994
1169,2286
1625,2516
2241,2594
2812,2443
3112,2146
2961,1843
2428,1649
1817,1635
1274,1757
1032,1997
1164,2280
1636,2505
2256,2573
2823,2424
3113,2128
2951,1822
2442,1619
1808,1609
1270,1726
1051,1973
1180,2273
1636,2501
2256,2565
2827,2408
3121,2114
2952,1803
2435,1610
1799,1598
1271,1726
1040,1975
1184,2276
1656,2501
2272,2564
2835,2410
3124,2110
2951,1802
2422,1613
1787,1607
1255,1733
1034,1982
1188,2276
1661,2504
2283,2567
2839,2400
3114,2103
2934,1798
2408,1609
1791,1627
1260,1749
1032,2001
1192,2299
1669,2519
2294,2578
2850,2413
3119,2113
2922,1811
2393,1624
1757,1623
1244,1756
1039,2023
1197,2318
1681,2531
2305,2594
2858,2425
3123,2123
2917,1822
2385,1640
1748,1638
1236,1768
1029,2023
1187,2317
1675,2539
2307,2593
2862,2420
3123,2114
2913,1813
2376,1635
1745,1639
1229,1777
1032,2031
1207,2327
1695,2542
2316,2592
2878,2409
3140,2105
2908,1799
2366,1632
1731,1632
1223,1767
1037,2024
1216,2317
1712,2526
2330,2570
2877,2387
3130,2090
2911,1783
2374,1606
1736,1651
1221,1752
1037,2009
1226,2310
1725,2515
2347,2564
2890,2379
3133,2072
2898,1773
2353,1602
1724,1627
1217,1751
1040,2000
1230,2302
1737,2518
2357,2555
2896,2372
3130,2069
2884,1767
2336,1602
1706,1620
1211,1763
1036,2025
1233,2317
1728,2527
2347,2556
2891,2362
3129,2061
2885,1766
2322,1602
1687,1612
1198,1770
1033,2035
1241,2331
1750,2536
2371,2573
2894,2377
3122,2075
2870,1780
2313,1621
1681,1643
1193,1794
1030,2059
1243,2354
1761,2556
2378,2588
2909,2386
3126,2078
2859,1784
2308,1619
1690,1647
1196,1797
1034,2064
1245,2350
1764,2556
2392,2576
2912,2373
3125,2074
2851,1782
2290,1625
1669,1648
1191,1792
1044,2070
1268,2362
1779,2561
2404,2576
2925,2373
3128,2062
2849,1776
2284,1625
1653,1645
1183,1798
1041,2064
1271,2354
1801,2550
2414,2562
2919,2355
3124,2041
2853,1751
2275,1600
1648,1632
1180,1782
1045,2053
1278,2337
1807,2532
2427,2546
2937,2343
3131,2029
2837,1743
2265,1590
1637,1626
1172,1780
1046,2058
1284,2345
1816,2535
2441,2540
2945,2331
3120,2024
2832,1739
2264,1596
1633,1623
1164,1781
1045,2061
1289,2351
1828,2535
2449,2535
2950,2345
3115,2017
2813,1738
2235,1599
1614,1641
1167,1799
1052,2066
1297,2358
1831,2553
2457,2551
2957,2342
3116,2031
2804,1753
2227,1620
1602,1657
1154,1818
1051,2096
1308,2380
1832,2566
2447,2569
2958,2346
3114,2032
2799,1751
2213,1616
1590,1662
1143,1829
1047,2109
1308,2387
1851,2568
2473,2566
2960,2343
3092,2029
2793,1747
2205,1615
1582,1661
1142,1833
1030,2116
1315,2398
1862,2577
2491,2563
2972,2335
3110,2028
2779,1745
2191,1607
1576,1653
1146,1829
1052,2107
1327,2391
1873,2561
2496,2541
2981,2311
3108,1997
2772,1727
2187,1597
1563,1643
1134,1807
1071,2083
1352,2373
1893,2550
2513,2531
2989,2299
3113,1981
2774,1707
2167,1586
1557,1639
1131,1811
1056,2096
1342,2374
1899,2549
2525,2528
2991,2292
3102,1979
2760,1708
2170,1575
1550,1645
1123,1821
1067,2104
1348,2379
1909,2547
2531,2520
2995,2292
3088,1977
2737,1711
2141,1593
1538,1649
1118,1831
1055,2121
1350,2400
1923,2566
2539,2534
3002,2305
3094,1990
2734,1717
2138,1616
1517,1668
1110,1848
1062,2138
1360,2419
1926,2586
2548,2540
3004,2304
3087,1991
2729,1724
2127,1614
1516,1675
1122,1857
1074,2139
1369,2410
1929,2574
2554,2541
3007,2304
3088,1983
2731,1725
2118,1614
1506,1676
1107,1862
1073,2153
1383,2426
1946,2587
2568,2541
3016,2294
3089,1980
2716,1717
2110,1612
1509,1681
1104,1856
1070,2150
1391,2418
1963,2575
2580,2522
3019,2271
3068,1957
2695,1695
2101,1597
1494,1661
1108,1847
1080,2137
1396,2393
1976,2561
2592,2507
3028,2254
3079,1936
2695,1680
2085,1586
1471,1670
1106,1850
1081,2137
1405,2404
1983,2557
2600,2503
3033,2252
3078,1936
2686,1681
2077,1588
1467,1666
1097,1847
1086,2152
1424,2417
1994,2564
2602,2496
3026,2245
3068,1931
2676,1677
2066,1593
1464,1672
1092,1865
1079,2157
1418,2427
2007,2577
2618,2514
3043,2263
3069,1950
2670,1688
2054,1608
1452,1682
1089,1887
1084,2179
1424,2448
2011,2590
2621,2522
3036,2261
3061,1951
2651,1704
2037,1612
1447,1705
1085,1894
1082,2186
1428,2452
2007,2588
2628,2513
3043,2259
3059,1943
2661,1692
2032,1622
1425,1701
1070,1899
1084,2196
1442,2461
2030,2595
2642,2518
3050,2249
3057,1930
2642,1687
2027,1613
1430,1696
1081,1901
1089,2191
1457,2443
2050,2582
2655,2494
3057,2229
3054,1915
2636,1666
2011,1592
1429,1675
1083,1879
1101,2174
1474,2429
2080,2557
2673,2474
3065,2212
3049,1899
2624,1661
2006,1585
1421,1672
1082,1883
1107,2171
1478,2439
2074,2571
2681,2476
3067,2215
3036,1894
2601,1658
1988,1600
1405,1686
1076,1890
1115,2184
1483,2441
2077,2564
2683,2474
3068,2195
3034,1887
2597,1653
1959,1595
1373,1688
1069,1905
1108,2199
1491,2457
2092,2587
2692,2492
3069,2226
3033,1913
2587,1663
1963,1612
1377,1708
1059,1925
1114,2232
1500,2479
2100,2600
2696,2498
3066,2227
3027,1909
2581,1676
1953,1619
1376,1702
1058,1926
1107,2222
1505,2477
2101,2595
2717,2482
3087,2226
3021,1901
2569,1669
1946,1621
1365,1717
1062,1946
1116,2239
1517,2488
2121,2596
2718,2494
3088,2205
3029,1895
2565,1677
1935,1607
1361,1714
1058,1936
1123,2230
1529,2476
2135,2583
2729,2467
3096,2190
3020,1874
2561,1649
1928,1606
1342,1705
1046,1919
1129,2208
1540,2458
2146,2566
2738,2447
3093,2178
3016,1855
2551,1640
1922,1603
1347,1697
1058,1918
1125,2231
1531,2466
2154,2565
2746,2443
3093,2161
3005,1858
2529,1642
1905,1599
1338,1707
1054,1934
1132,2227
1551,2467
2159,2567
2751,2432
3094,2154
3010,1847
2521,1636
1893,1601
1323,1709
1051,1940
1140,2236
1560,2482
2171,2577
2765,2450
3097,2165
2997,1857
2530,1650
1897,1620
1320,1731
1046,1966
1139,2263
1569,2500
2186,2595
2767,2459
3099,2176
2987,1865
2499,1654
1855,1627
1293,1745
1041,1978
1140,2273
1576,2504
2191,2594
2774,2454
3101,2163
2984,1858
2493,1655
1859,1624
1301,1741
1040,1978
1146,2276
1588,2513
2207,2600
2783,2449
3104,2164
2975,1854
2485,1651
1848,1623
1298,1731
1048,1975
1153,2278
1591,2508
2229,2590
2806,2440
3115,2137
2974,1826
2474,1629
1844,1601
1297,1723
1046,1964
1164,2260
1616,2490
2228,2570
2804,2417
3127,2128
2986,1814
2485,1608
1831,1591
1285,1712
1050,1962
1169,2261
1620,2492
2238,2562
2806,2412
3112,2118
2971,1810
2460,1616
1831,1596
1281,1723
1037,1972
1164,2271
1624,2500
2243,2568
2813,2411
3121,2119
2953,1808
2451,1615
1815,1601
1267,1719
1043,1982
1164,2291
1615,2516
2234,2582
2816,2426
3112,2137
2949,1814
2433,1630
1801,1620
1266,1749
1040,2002
1171,2307
1642,2533
2255,2600
2814,2432
3104,2136
2942,1823
2426,1633
1789,1627
1252,1752
1035,2008
1180,2300
1646,2533
2266,2590
2825,2436
3109,2136
2935,1820
2425,1628
1800,1623
1256,1755
1032,2010
1187,2312
1661,2535
2282,2601
2840,2438
3116,2136
2925,1822
2408,1629
1782,1621
1260,1749
1052,2007
1200,2304
1675,2527
2297,2582
2849,2413
3122,2112
2923,1803
2399,1614
1769,1608
1250,1737
1044,1988
1208,2286
1682,2508
2316,2567
2863,2392
3133,2094
2919,1790
2385,1609
1756,1609
1248,1741
1039,1993
1212,2290
1694,2507
2304,2560
2861,2388
3125,2086
2909,1782
2376,1606
1735,1624
1231,1750
1037,2008
1216,2295
1706,2511
2330,2558
2863,2383
3124,2081
2907,1794
2370,1604
1740,1612
1220,1747
1031,2012
1221,2311
1718,2522
2339,2576
2879,2395
3123,2097
2889,1801
2354,1629
1725,1638
1227,1768
1036,2029
1223,2329
1724,2543
2347,2586
2883,2404
3125,2099
2882,1799
2333,1631
1704,1645
1210,1779
1034,2044
1232,2334
1728,2542
2348,2586
2892,2396
3129,2088
2882,1794
2324,1628
1694,1645
1201,1786
1030,2049
1239,2336
1742,2554
2370,2585
2887,2394
3116,2084
2873,1790
2323,1628
1687,1652
1197,1790
1035,2052
1250,2339
1763,2535
2381,2567
2907,2372
3129,2064
2866,1756
2312,1597
1684,1624
1198,1773
1039,2037
1254,2328
1770,2527
2395,2555
2920,2355
3136,2048
2865,1757
2298,1591
1679,1616
1196,1761
1057,2034
1272,2318
1782,2524
2404,2549
2924,2348
3132,2043
2854,1758
2288,1598
1658,1632
1179,1775
1041,2039
1271,2330
1794,2523
2421,2554
2926,2341
3128,2036
2843,1746
2275,1599
1644,1627
1171,1783
1032,2068
1267,2345
1800,2544
2425,2559
2934,2359
3112,2059
2820,1767
2263,1614
1640,1645
1168,1804
1035,2080
1270,2366
1808,2557
2430,2569
2938,2361
3113,2056
2822,1772
2253,1627
1626,1658
1158,1815
1032,2091
1274,2374
1812,2566
2436,2566
2942,2355
3114,2047
2813,1760
2243,1620
1619,1655
1175,1815
1052,2087
1287,2379
1825,2570
2452,2573
2951,2354
3127,2043
2812,1758
2233,1623
1610,1659
1155,1822
1050,2086
1309,2373
1851,2554
2461,2552
2959,2336
3119,2022
2810,1735
2224,1598
1602,1637
1152,1796
1051,2074
1312,2357
1853,2538
2474,2534
2956,2313
3104,2007
2802,1730
2223,1592
1598,1633
1152,1799
1052,2073
1314,2358
1858,2541
2488,2535
2973,2309
3112,1999
2783,1734
2194,1594
1575,1641
1145,1798
1052,2089
1320,2370
1866,2547
2489,2528
2978,2301
3106,1988
2776,1708
2185,1591
1562,1642
1127,1811
1059,2095
1331,2382
1879,2562
2501,2542
2977,2320
3105,2007
2770,1734
2179,1614
1556,1665
1130,1835
1047,2117
1333,2403
1897,2574
2522,2554
2987,2327
3101,2007
2764,1738
2171,1618
1549,1670
1123,1837
1051,2121
1333,2403
1893,2573
2519,2543
2990,2324
3094,2008
2749,1732
2161,1615
1546,1668
1126,1845
1060,2130
1346,2413
1906,2582
2527,2554
2999,2319
3102,2008
2750,1734
2145,1621
1522,1674
1097,1849
1061,2130
1357,2407
1917,2572
2540,2531
3003,2288
3098,1974
2743,1705
2145,1594
1529,1657
1115,1840
1061,2116
1375,2389
1937,2555
2558,2515
3010,2271
3094,1963
2733,1695
2129,1586
1519,1652
1115,1836
1074,2119
1394,2396
1962,2549
2566,2510
3015,2273
3087,1956
2720,1696
2117,1590
1503,1652
1108,1831
1071,2128
1384,2396
1962,2552
2582,2509
3028,2261
3078,1937
2704,1691
2098,1590
1495,1654
1103,1844
1072,2138
1397,2412
1965,2569
2583,2527
3027,2282
3078,1964
2690,1706
2074,1610
1470,1685
1101,1873
1076,2157
1399,2431
1975,2584
2588,2533
3024,2280
3075,1964
2684,1707
2075,1617
1464,1686
1083,1883
1063,2174
1405,2441
1982,2592
2596,2529
3028,2281
3068,1943
2678,1706
2069,1613
1463,1692
1093,1885
1073,2176
1411,2441
2008,2585
2625,2525
3040,2272
3068,1955
2673,1702
2057,1613
1459,1690
1093,1883
1082,2177
1426,2438
2007,2579
2625,2510
3052,2252
3082,1936
2673,1681
2052,1599
1451,1675
1091,1869
1090,2160
1435,2425
2021,2567
2635,2495
3052,2236
3074,1918
2670,1666
2050,1590
1436,1673
1085,1862
1094,2160
1450,2422
2035,2561
2642,2487
3051,2225
3072,1915
2648,1668
2032,1586
1429,1678
1080,1879
1080,2176
1431,2437
2039,2566
2650,2484
3055,2220
3052,1919
2636,1660
2014,1587
1425,1676
1077,1882
1090,2184
1450,2445
2042,2577
2657,2492
3063,2236
3053,1918
2621,1678
2004,1604
1412,1696
1073,1907
1097,2201
1463,2461
2062,2599
2675,2505
3075,2238
3052,1915
2611,1679
1990,1621
1402,1708
1069,1912
1075,2216
1467,2470
2066,2592
2675,2506
3074,2237
3043,1918
2606,1674
1974,1608
1387,1714
1067,1921
1100,2211
1480,2469
2080,2598
2684,2502
3073,2236
3038,1904
2599,1677
1977,1615
1390,1708
1054,1921
1094,2219
1489,2473
2096,2589
2699,2489
3074,2216
3035,1891
2590,1661
1964,1601
1387,1692
1074,1902
1110,2201
1500,2450
2102,2572
2716,2467
3083,2193
3034,1875
2583,1647
1962,1588
1380,1683
1067,1896
1125,2196
1511,2451
2109,2576
2708,2468
3089,2185
3042,1872
2582,1649
1943,1594
1366,1691
1065,1913
1123,2211
1522,2459
2121,2569
2715,2456
3084,2180
3020,1862
2561,1635
1935,1606
1357,1703
1056,1919
1121,2217
1530,2466
2134,2579
2723,2466
3083,2192
3015,1880
2549,1661
1924,1615
1354,1720
1059,1951
1117,2248
1521,2491
2141,2596
2735,2479
3088,2201
3004,1880
2536,1661
1911,1623
1341,1722
1053,1953
1131,2249
1540,2499
2146,2601
2726,2477
3078,2193
3001,1874
2529,1655
1898,1619
1335,1729
1056,1952
1135,2254
1558,2502
2164,2601
2747,2474
3087,2190
2996,1876
2530,1658
1900,1623
1328,1726
1054,1951
1142,2252
1571,2495
2184,2584
2764,2455
3093,2169
2990,1858
2508,1639
1885,1600
1337,1707
1069,1941
1151,2240
1581,2480
2198,2568
2775,2437
3105,2151
2990,1845
2501,1629
1876,1596
1318,1705
1043,1943
1143,2238
1591,2478
2210,2570
2788,2430
3105,2136
2976,1832
2483,1623
1856,1605
1304,1718
1050,1944
1157,2257
1593,2485
2204,2573
2785,2434
3102,2142
2969,1832
2472,1626
1842,1602
1294,1714
1046,1956
1161,2262
1606,2491
2217,2579
2791,2437
3099,2154
2973,1847
2475,1641
1830,1618
1283,1739
1041,1977
1167,2279
1618,2509
2233,2589
2802,2440
3103,2153
2957,1849
2452,1644
1832,1625
1290,1746
1045,1990
1166,2291
1624,2520
2240,2598
2809,2441
3109,2146
2952,1837
2437,1644
1809,1633
1269,1747
1048,1993
1176,2297
1623,2526
2251,2600
2824,2440
3113,2145
2948,1841
2434,1643
1799,1629
1267,1754
1044,1998
1186,2296
1653,2518
2264,2590
2819,2426
3108,2121
2945,1813
2425,1625
1792,1617
1259,1737
1043,1984
1192,2282
1662,2501
2282,2570
2836,2406
3114,2108
2935,1796
2409,1610
1791,1604
1260,1732
1042,1980
1193,2280
1672,2502
2294,2555
2845,2395
3119,2104
2929,1801
2402,1615
1772,1598
1256,1732
1049,1991
1203,2286
1678,2505
2300,2564
2851,2392
3122,2089
2922,1791
2388,1608
1755,1612
1235,1740
1033,1994
1207,2295
1695,2518
2310,2574
2855,2403
3122,2106
2931,1802
2381,1628
1747,1636
1231,1770
1032,2018
1206,2319
1698,2534
2304,2591
2858,2417
3124,2119
2907,1811
2368,1632
1736,1640
1222,1776
1030,2034
1206,2330
1701,2542
2319,2586
2867,2406
3112,2099
2895,1806
2363,1630
1726,1636
1218,1773
1028,2031
1216,2331
1715,2547
2337,2593
2879,2406
3127,2103
2892,1806
2351,1635
1727,1640
1227,1773
1035,2028
1226,2329
1726,2541
2354,2581
2891,2391
3136,2086
2888,1787
2341,1614
1709,1627
1211,1762
1044,2022
1250,2309
1750,2512
2362,2554
2899,2366
3138,2062
2888,1763
2337,1599
1704,1611
1208,1751
1039,2028
1246,2319
1755,2521
2378,2560
2899,2369
3129,2060
2875,1766
2322,1603
1689,1621
1198,1766
1034,2027
1244,2317
1759,2521
2383,2549
2910,2356
3131,2053
2852,1759
2290,1600
1682,1615
1191,1771
1034,2038
1250,2328
1754,2535
2390,2562
2914,2364
3128,2063
2854,1774
2292,1617
1659,1643
1176,1795
1037,2060
1257,2356
1775,2557
2399,2575
2919,2376
3130,2067
2850,1775
2283,1624
1655,1658
1171,1804
1030,2075
1264,2356
1796,2556
2417,2577
2922,2373
3122,2060
2843,1771
2278,1620
1649,1652
1177,1805
1037,2077
1266,2363
1794,2560
2422,2572
2935,2371
3130,2055
2834,1765
2265,1645
1640,1646
1174,1799
1043,2079
1280,2369
1807,2561
2436,2566
2947,2352
3131,2053
2835,1759
2252,1612
1619,1637
1162,1793
1046,2065
1286,2354
1819,2543
2450,2541
2949,2334
3122,2020
2818,1732
2258,1593
1619,1631
1169,1778
1051,2058
1300,2346
1834,2534
2455,2542
2956,2324
3121,2015
2807,1730
2227,1589
1606,1628
1156,1794
1056,2069
1321,2358
1856,2540
2466,2547
2958,2325
3114,2013
2798,1728
2214,1592
1593,1640
1148,1801
1046,2076
1294,2359
1855,2543
2485,2540
2973,2323
3111,2011
2791,1741
2203,1607
1584,1655
1143,1821
1050,2106
1319,2388
1859,2568
2488,2556
2974,2333
3110,2025
2772,1752
2179,1625
1569,1678
1138,1836
1048,2111
1316,2402
1865,2565
2488,2555
2973,2330
3107,2011
2777,1739
2171,1627
1558,1667
1117,1833
1046,2117
1328,2401
1881,2578
2503,2560
2974,2327
3106,2015
2774,1742
2178,1626
1555,1671
1129,1847
1054,2121
1334,2396
1905,2565
2525,2547
2991,2314
3105,1994
2745,1720
2170,1594
1553,1648
1128,1826
1066,2102
1344,2378
1902,2551
2519,2519
3010,2282
3120,1973
2762,1707
2159,1589
1546,1648
1128,1825
1064,2112
1356,2392
1910,2549
2537,2521
3003,2286
3110,1970
2755,1707
2151,1587
1523,1643
1120,1829
1062,2108
1361,2391
1925,2556
2543,2523
3003,2274
3094,1963
2738,1700
2138,1590
1521,1657
1110,1841
1044,2129
1351,2402
1930,2564
2550,2528
3007,2288
3099,1977
2726,1713
2127,1611
1515,1674
1110,1856
1051,2146
1362,2426
1928,2582
2564,2535
3012,2292
3082,1976
2711,1717
2113,1613
1505,1683
1100,1869
1060,2158
1371,2432
1950,2591
2580,2549
3032,2296
3086,1974
2701,1714
2101,1616
1494,1679
1100,1868
1066,2156
1383,2424
1957,2583
2579,2539
3028,2287
3088,1970
2708,1707
2088,1614
1483,1686
1103,1873
1074,2163
1396,2424
1975,2578
2591,2527
3033,2279
3087,1961
2700,1697
2089,1598
1475,1665
1086,1857
1071,2150
1409,2420
1987,2567
2608,2511
3038,2254
3080,1933
2690,1676
2081,1584
1491,1660
1098,1850
1079,2144
1405,2412
1983,2559
2611,2498
3041,2241
3071,1925
2681,1677
2068,1597
1466,1668
1089,1861
1081,2160
1420,2423
1999,2566
2619,2491
3047,2232
3078,1917
2667,1670
2051,1585
1444,1669
1088,1867
1085,2163
1433,2431
2010,2567
2621,2503
3041,2243
3065,1927
2669,1671
2058,1603
1451,1693
1083,1895
1081,2193
1434,2456
2019,2593
2643,2518
3046,2257
3058,1937
2649,1684
2037,1609
1439,1695
1082,1909
1077,2204
1431,2461
2027,2602
2641,2517
3048,2252
3052,1931
2637,1686
2021,1606
1427,1695
1088,1904
1076,2208
1445,2473
2026,2607
2632,2521
3055,2246
3052,1933
2634,1696
2014,1619
1425,1696
1079,1903
1100,2199
1462,2462
2062,2592
2657,2507
3051,2236
3045,1908
2614,1663
2005,1591
1416,1682
1079,1885
1100,2192
1474,2441
2070,2573
2673,2487
3055,2218
3053,1899
2632,1653
2002,1582
1410,1673
1078,1878
1110,2180
1488,2440
2081,2568
2682,2472
3070,2213
3039,1896
2614,1653
1986,1588
1405,1678
1074,1888
1107,2188
1489,2445
2091,2570
2691,2473
3069,2208
3029,1889
2589,1655
1967,1593
1399,1680
1072,1891
1104,2195
1486,2455
2081,2574
2694,2477
3072,2205
3024,1896
2578,1668
1953,1620
1376,1718
1064,1928
1113,2225
1507,2470
2106,2587
2700,2487
3071,2233
3016,1912
2568,1681
1940,1625
1364,1719
1063,1930
1115,2224
1512,2478
2112,2597
2706,2491
3074,2212
3011,1887
2563,1659
1944,1617
1370,1731
1057,1947
1117,2247
1522,2484
2129,2594
2722,2486
3084,2213
3011,1894
2549,1661
1924,1616
1351,1712
1072,1939
1137,2241
1539,2492
2155,2593
2734,2474
3090,2187
3010,1870
2539,1641
1915,1602
1343,1704
1063,1932
1128,2232
1552,2478
2151,2582
2731,2451
3090,2168
3010,1856
2542,1639
1911,1591
1341,1695
1060,1928
1140,2217
1568,2458
2170,2571
2751,2451
3089,2170
2989,1853
2516,1634
1899,1592
1333,1707
1052,1932
1139,2236
1565,2476
2176,2572
2760,2441
3096,2157
2990,1845
2506,1628
1890,1594
1321,1694
1056,1937
1138,2233
1570,2466
2186,2576
2768,2446
3097,2164
2989,1858
2501,1644
1870,1620
1309,1722
1050,1952
1155,2254
1594,2498
2197,2600
2775,2467
3102,2173
2979,1863
2490,1653
1859,1626
1295,1741
1047,1983
1151,2269
1581,2507
2190,2591
2779,2453
3100,2167
2977,1862
2489,1651
1847,1629
1297,1744
1045,1981
1143,2275
1599,2498
2209,2588
2783,2452
3090,2171
2965,1867
2475,1663
1844,1632
1292,1754
1048,1978
1163,2283
1611,2515
2227,2591
2801,2440
3104,2143
2965,1836
2457,1640
1835,1620
1289,1733
1046,1963
1168,2264
1621,2491
2241,2567
2807,2413
3117,2123
2961,1821
2458,1623
1826,1609
1289,1727
1058,1962
1188,2254
1633,2484
2248,2562
2819,2415
3113,2124
2959,1806
2443,1608
1811,1608
1274,1732
1044,1969
1180,2266
1647,2498
2264,2566
2823,2409
3113,2118
2949,1811
2433,1612
1799,1607
1266,1725
1037,1977
1181,2271
1646,2502
2267,2576
2832,2412
3113,2130
2925,1828
2413,1632
1787,1629
1260,1751
1039,1999
1185,2299
1657,2524
2275,2588
2834,2425
3114,2135
2933,1831
2402,1646
1769,1630
1235,1757
1037,2015
1188,2308
1661,2527
2276,2590
2838,2422
3113,2126
2928,1820
2400,1637
1767,1641
1240,1764
1033,2014
1189,2308
1681,2533
2297,2594
2848,2424
3118,2123
2921,1821
2397,1635
1762,1639
1239,1768
1036,2027
1201,2308
1689,2526
2317,2578
2874,2404
3128,2100
2918,1799
2383,1620
1749,1624
1236,1752
1038,2005
1209,2301
1698,2516
2323,2562
2870,2382
3114,2082
2905,1787
2372,1613
1745,1607
1235,1746
1041,2004
1215,2295
1713,2507
2340,2558
2879,2374
3125,2080
2891,1777
2348,1598
1722,1619
1223,1764
1040,2014
1225,2303
1721,2520
2343,2561
2882,2376
3124,2074
2890,1776
2344,1603
1709,1616
1207,1752
1033,2018
1228,2313
1727,2522
2350,2567
2885,2380
3128,2077
2886,1787
2340,1612
1702,1637
1207,1777
1028,2036
1236,2334
1743,2549
2378,2583
2907,2390
3125,2080
2877,1794
2322,1629
1691,1639
1200,1786
1029,2056
1232,2347
1744,2545
2372,2583
2901,2385
3132,2078
2866,1790
2313,1624
1683,1645
1193,1790
1031,2058
1242,2345
1754,2550
2378,2580
2909,2382
3134,2076
2871,1786
2307,1638
1666,1657
1174,1801
1033,2061
1254,2326
1771,2554
2394,2571
2916,2373
3133,2061
2861,1766
2298,1612
1667,1632
1184,1787
1032,2053
1251,2334
1779,2530
2411,2549
2926,2348
3133,2038
2856,1748
2291,1592
1665,1627
1184,1775
1038,2045
1265,2332
1786,2533
2418,2543
2941,2338
3142,2027
2847,1742
2279,1597
1648,1626
1178,1778
1042,2050
1271,2341
1799,2538
2423,2548
2935,2336
3130,2023
2849,1733
2294,1582
1640,1618
1169,1768
1040,2049
1276,2348
1805,2542
2429,2557
2938,2347
3126,2036
2833,1751
2263,1604
1636,1650
1170,1808
1029,2087
1275,2370
1813,2565
2439,2572
2949,2357
3125,2048
2823,1761
2246,1618
1614,1658
1148,1821
1024,2096
1275,2387
1819,2573
2449,2567
2948,2357
3118,2043
2815,1762
2236,1615
1610,1653
1154,1817
1037,2096
1283,2388
1829,2572
2465,2568
2967,2344
3118,2035
2805,1757
2227,1621
1603,1652
1151,1825
1046,2096
1300,2385
1841,2568
2469,2565
2969,2337
3130,2015
2816,1730
2223,1596
1595,1646
1150,1807
1052,2086
1310,2369
1858,2552
2479,2541
2975,2316
3120,2003
2799,1716
2218,1585
1595,1630
1148,1794
1054,2080
1320,2370
1869,2547
2492,2536
2977,2312
3115,1993
2791,1711
2201,1590
1568,1642
1145,1811
1048,2097
1307,2377
1842,2553
2497,2537
2979,2305
3107,1979
2771,1715
2185,1587
1568,1634
1138,1807
1052,2098
1327,2376
1875,2560
2496,2539
2978,2306
3104,2002
2765,1728
2172,1611
1554,1659
1128,1830
1055,2113
1339,2402
1895,2577
2516,2550
2983,2314
3099,1999
2765,1723
2173,1606
1547,1669
1120,1845
1053,2135
1345,2411
1902,2579
2522,2553
2988,2316
3090,2004
2748,1734
2157,1612
1543,1671
1138,1855
1065,2137
1348,2419
1913,2583
2533,2540
2996,2300
3096,1990
2742,1726
2150,1615
1530,1678
1124,1854
1067,2141
1369,2420
1918,2587
2541,2541
3003,2301
3093,1978
2734,1713
2135,1603
1519,1665
1099,1845
1072,2130
1375,2404
1943,2562
2550,2522
3014,2278
3093,1959
2726,1692
2124,1579
1513,1649
1118,1833
1076,2127
1385,2393
1955,2550
2571,2510
3016,2273
3093,1955
2718,1696
2112,1582
1500,1652
1107,1838
1073,2140
1393,2404
1969,2557
2549,2510
3020,2268
3079,1952
2704,1698
2102,1586
1504,1650
1112,1834
1074,2129
1395,2408
1973,2561
2588,2508
3025,2263
3073,1954
2692,1702
2081,1604
1482,1680
1106,1875
1081,2160
1400,2424
1977,2578
2596,2522
3031,2281
3074,1963
2681,1707
2072,1613
1465,1689
1096,1883
1078,2176
1413,2443
1988,2594
2589,2530
3016,2277
3065,1958
2675,1697
2064,1607
1469,1688
1090,1885
1079,2183
1416,2448
2004,2593
2612,2529
3034,2274
3058,1951
2659,1700
2059,1613
1451,1696
1092,1892
1077,2186
1431,2453
2016,2594
2627,2549
3044,2265
3061,1941
2654,1685
2041,1591
1452,1661
1100,1860
1104,2159
1439,2427
2037,2565
2635,2493
3050,2238
3063,1924
2657,1675
2037,1595
1441,1670
1094,1865
1100,2153
1457,2424
2044,2567
2647,2487
3058,2217
3061,1916
2646,1673
2027,1598
1430,1679
1094,1876
1097,2169
1459,2427
2057,2562
2657,2477
3051,2217
3042,1900
2631,1664
2013,1588
1419,1678
1077,1885
1089,2161
1457,2442
2054,2570
2659,2487
3070,2214
3054,1908
2611,1671
1987,1604
1404,1695
1075,1909
1097,2208
1467,2465
2060,2597
2671,2504
3062,2233
3040,1915
2606,1678
1991,1609
1414,1700
1080,1909
1097,2209
1474,2477
2071,2597
2679,2509
3062,2243
3034,1923
2597,1682
1975,1616
1370,1698
1072,1919
1114,2213
1498,2463
2084,2593
2684,2504
3069,2237
3038,1923
2593,1690
1967,1620
1386,1713
1068,1925
1119,2218
1502,2472
2103,2582
2695,2482
3062,2212
3028,1901
2584,1668
1961,1613
1380,1704
1068,1914
1116,2205
1509,2453
2114,2566
2714,2466
3083,2188
3022,1875
2567,1659
1946,1604
1377,1701
1068,1910
1119,2204
1517,2457
2121,2569
2718,2461
3088,2176
3024,1857
2568,1636
1935,1588
1358,1692
1067,1909
1129,2214
1524,2467
2128,2580
2723,2465
3086,2181
3017,1856
2556,1638
1920,1592
1352,1688
1058,1905
1127,2203
1563,2451
2151,2570
2731,2468
3082,2194
3006,1877
2547,1650
1918,1608
1348,1714
1054,1931
1126,2233
1534,2482
2143,2588
2741,2477
3101,2196
3008,1884
2537,1672
1905,1633
1339,1736
1053,1956
1128,2243
1545,2496
2154,2594
2743,2470
3088,2188
2999,1880
2519,1669
1891,1624
1322,1726
1048,1962
1139,2260
1556,2499
2165,2593
2751,2462
3091,2180
2997,1871
2518,1664
1885,1622
1320,1731
1041,1966
1134,2263
1574,2507
2179,2596
2762,2461
3102,2176
2990,1863
2510,1652
1882,1607
1322,1711
1051,1947
1142,2244
1576,2483
2201,2572
2782,2438
3104,2149
2986,1844
2505,1637
1869,1602
1316,1701
1054,1937
1151,2238
1596,2477
2216,2565
2804,2419
3108,2124
2979,1828
2485,1627
1855,1608
1307,1721
1050,1960
1156,2252
1601,2485
2216,2571
2793,2413
3112,2134
2972,1825
2462,1621
1829,1602
1294,1717
1051,1959
1156,2250
1608,2492
2220,2566
2796,2430
3118,2140
2966,1831
2465,1625
1825,1603
1277,1738
1027,1986
1162,2293
1620,2520
2222,2589
2808,2439
3108,2161
2958,1855
2450,1648
1819,1625
1272,1733
1036,1973
1165,2293
1624,2528
2248,2601
2812,2446
3099,2156
2953,1855
2439,1645
1807,1629
1272,1749
1038,1992
1169,2296
1633,2517
2250,2596
2828,2426
3128,2134
2959,1839
2432,1654
1797,1636
1265,1753
1042,2004
1180,2296
1647,2536
2268,2596
2831,2426
3116,2134
2949,1809
2431,1621
1794,1615
1258,1741
1040,1997
1191,2286
1661,2509
2278,2578
2835,2416
3121,2114
2943,1799
2423,1600
1788,1601
1259,1726
1037,1983
1180,2280
1668,2498
2294,2570
2848,2397
3124,2099
2947,1808
2411,1613
1777,1606
1252,1742
1039,1995
1196,2286
1670,2496
2288,2547
2850,2394
3125,2103
2919,1814
2389,1618
1761,1616
1239,1741
1033,1988
1200,2290
1680,2508
2301,2555
2854,2382
3124,2085
2922,1791
2390,1626
1751,1627
1233,1764
1029,2014
1206,2314
1710,2522
2314,2588
2862,2416
3130,2117
2925,1807
2381,1625
1731,1630
1223,1765
1030,2024
1211,2322
1700,2551
2322,2609
2869,2417
3126,2106
2904,1802
2368,1623
1731,1640
1208,1777
1019,2033
1207,2339
1708,2543
2339,2580
2874,2402
3126,2098
2897,1800
2354,1628
1723,1642
1217,1788
1030,2042
1221,2344
1705,2552
2342,2586
2892,2389
3126,2071
2890,1785
2342,1624
1714,1636
1215,1787
1035,2035
1230,2323
1734,2527
2359,2554
2900,2365
3143,2071
2896,1769
2338,1603
1707,1618
1210,1756
1036,2020
1243,2313
1745,2506
2368,2557
2901,2360
3130,2053
2883,1776
2339,1609
1709,1621
1217,1757
1032,2013
1245,2304
1754,2520
2383,2559
2906,2367
3134,2072
2871,1766
2301,1600
1688,1619
1203,1761
1032,2034
1253,2323
1763,2528
2382,2557
2909,2360
3136,2050
2860,1773
2301,1618
1672,1633
1187,1789
1038,2055
1256,2356
1770,2565
2382,2578
2906,2375
3129,2062
2854,1763
2290,1626
1656,1642
1180,1795
1034,2082
1260,2370
1780,2555
2395,2591
2918,2379
3106,2065
2835,1771
2280,1619
1650,1647
1174,1797
1034,2076
1260,2366
1787,2560
2416,2568
2925,2363
3117,2061
2834,1773
2267,1624
1647,1647
1188,1805
1041,2077
1277,2372
1804,2559
2431,2568
2941,2360
3121,2047
2830,1762
2258,1619
1633,1645
1174,1793
1056,2060
1302,2359
1822,2547
2442,2539
2945,2329
3126,2012
2826,1734
2258,1594
1626,1627
1172,1786
1051,2062
1291,2352
1818,2543
2448,2547
2957,2332
3121,2014
2815,1726
2237,1590
1613,1629
1162,1794
1053,2068
1304,2360
1841,2549
2459,2537
2949,2319
3104,2009
2812,1731
2222,1590
1602,1634
1152,1815
1047,2078
1305,2375
1848,2544
2470,2537
2959,2318
3105,2012
2791,1736
2212,1612
1600,1653
1148,1813
1048,2099
1309,2386
1855,2574
2483,2555
2966,2324
3112,2013
2784,1748
2197,1621
1579,1662
1146,1826
1066,2107
1325,2393
1860,2573
2483,2561
2969,2338
3108,2028
2779,1751
2186,1626
1567,1653
1129,1828
1052,2104
1329,2386
1877,2579
2500,2568
2977,2324
3105,2013
2775,1750
2184,1626
1561,1672
1132,1840
1057,2134
1334,2408
1892,2580
2515,2550
2985,2314
3096,2003
2748,1724
2167,1609
1553,1650
1132,1822
1061,2115
1345,2398
1902,2566
2523,2527
2996,2291
3107,1978
2774,1711
2162,1592
1542,1636
1130,1814
1064,2105
1353,2392
1911,2549
2537,2506
3001,2279
3103,1970
2755,1710
2152,1593
1536,1637
1115,1818
1062,2108
1378,2388
1936,2554
2542,2512
3003,2278
3096,1970
2740,1699
2141,1592
1524,1648
1112,1828
1062,2119
1363,2397
1939,2554
2558,2517
3015,2291
3090,1973
2728,1707
2126,1595
1517,1654
1112,1841
1059,2139
1364,2422
1940,2577
2560,2535
3018,2297
3071,1993
2714,1731
2161,1613
1503,1671
1106,1863
1062,2155
1375,2436
1947,2584
2569,2537
3013,2300
3081,1979
2705,1711
2090,1608
1490,1674
1100,1865
1066,2166
1380,2441
1956,2590
2580,2538
3024,2290
3082,1972
2704,1705
2095,1610
1481,1684
1104,1878
1081,2173
1409,2436
1973,2588
2586,2532
3029,2284
3080,1962
2697,1696
2088,1595
1481,1665
1098,1863
1079,2155
1407,2410
1998,2568
2614,2504
3036,2250
3080,1932
2689,1677
2082,1587
1476,1662
1105,1854
1082,2149
1416,2420
1996,2556
2617,2498
3047,2241
3092,1924
2671,1673
2070,1584
1471,1664
1096,1867
1086,2148
1422,2404
2006,2556
2620,2501
3043,2247
3071,1930
2669,1676
2049,1598
1439,1671
1079,1857
1083,2149
1440,2413
2013,2557
2622,2503
3045,2240
3064,1918
2658,1683
2041,1604
1441,1674
1080,1888
1081,2176
1431,2438
2026,2595
2634,2519
3045,2263
3056,1945
2648,1685
2032,1612
1431,1686
1078,1888
1084,2181
1437,2449
2030,2592
2649,2519
3060,2253
3055,1938
2636,1694
2020,1613
1424,1701
1078,1900
1090,2193
1449,2460
2038,2600
2649,2512
3059,2242
3055,1930
2642,1687
2015,1615
1417,1706
1078,1909
1095,2207
1466,2462
2061,2597
2662,2506
3057,2234
3049,1912
2622,1673
2005,1604
1416,1691
1073,1899
1096,2187
1476,2457
2072,2578
2677,2484
3065,2212
3046,1896
2611,1657
1990,1594
1398,1684
1069,1889
1108,2187
1490,2440
2088,2565
2688,2470
3068,2200
3040,1888
2601,1656
1977,1595
1395,1679
1073,1886
1112,2193
1495,2450
2105,2572
2708,2468
3075,2193
3031,1886
2579,1659
1964,1595
1381,1685
1068,1899
1114,2196
1499,2452
2100,2571
2702,2466
3081,2197
3037,1885
2587,1656
1940,1605
1372,1699
1066,1912
1116,2219
1513,2470
2110,2586
2707,2483
3078,2212
3023,1900
2568,1670
1943,1607
1357,1712
1053,1938
1118,2237
1517,2487
2119,2596
2713,2487
3077,2223
3017,1897
2558,1674
1933,1620
1354,1724
1060,1944
1108,2238
1506,2482
2127,2596
2720,2482
3085,2210
3012,1896
2589,1674
1925,1623
1351,1730
1060,1955
1129,2257
1535,2484
2140,2587
2741,2462
3095,2192
3010,1877
2542,1654
1909,1609
1341,1713
1058,1935
1135,2236
1547,2476
2158,2576
2744,2452
3089,2168
3013,1846
2548,1626
1919,1592
1340,1703
1057,1926
1139,2218
1562,2456
2171,2562
2758,2448
3098,2164
3000,1850
2525,1634
1894,1600
1341,1705
1054,1941
1143,2235
1569,2471
2182,2569
2763,2441
3099,2156
2992,1840
2510,1630
1881,1599
1321,1704
1052,1934
1148,2232
1572,2491
2171,2581
2767,2443
3099,2154
2988,1843
2501,1637
1867,1616
1311,1733
1049,1963
1146,2258
1585,2498
2197,2592
2768,2461
3085,2171
2977,1861
2484,1653
1852,1621
1302,1734
1045,1972
1150,2269
1590,2511
2205,2604
2783,2464
3109,2154
2987,1849
2485,1643
1842,1623
1289,1743
1040,1978
1153,2273
1600,2508
2216,2594
2794,2456
3105,2168
2970,1855
2472,1649
1851,1627
1301,1739
1046,1977
1160,2286
1616,2519
2233,2598
2803,2446
3111,2150
2962,1845
2459,1642
1828,1622
1289,1735
1050,1966
1172,2264
1613,2499
2244,2576
2816,2417
3115,2120
2963,1813
2453,1627
1820,1611
1282,1726
1049,1965
1179,2261
1636,2486
2249,2568
2808,2417
3111,2128
2959,1816
2443,1611
1808,1598
1271,1716
1046,1967
1184,2276
1648,2502
2262,2567
2828,2414
3110,2114
2939,1806
2423,1614
1801,1612
1265,1735
1041,1978
1184,2277
1654,2501
2272,2558
2830,2400
3115,2112
2935,1808
2413,1623
1786,1610
1269,1744
1052,1997
1190,2301
1655,2521
2280,2591
2840,2422
3117,2129
2929,1825
2405,1637
1771,1637
1256,1764
1042,2018
1200,2315
1680,2535
2287,2582
2840,2412
3117,2116
2924,1818
2395,1637
1763,1637
1240,1771
1034,2019
1197,2314
1682,2532
2300,2590
2849,2427
3104,2132
2911,1821
2390,1639
1754,1636
1238,1777
1035,2029
1205,2319
1693,2536
2315,2583
2863,2409
3124,2114
2904,1812
2364,1633
1734,1628
1232,1761
1040,2026
1216,2313
1706,2520
2326,2567
2872,2386
3128,2084
2905,1785
2366,1606
1745,1615
1244,1746
1044,1994
1226,2291
1717,2504
2342,2550
2883,2376
3128,2075
2895,1775
2360,1600
1721,1620
1225,1755
1044,2018
1241,2312
1732,2514
2348,2562
2886,2374
3127,2082
2889,1775
2341,1604
1709,1615
1212,1755
1036,2013
1238,2304
1739,2515
2354,2554
2880,2374
3119,2073
2880,1781
2330,1614
1707,1638
1204,1783
1033,2048
1237,2332
1745,2541
2365,2580
2900,2391
3124,2082
2859,1785
2301,1624
1684,1646
1197,1783
1030,2046
1238,2338
1748,2545
2373,2585
2903,2391
3127,2079
2863,1783
2304,1625
1671,1655
1189,1793
1037,2059
1244,2346
1758,2549
2384,2578
2908,2386
3130,2075
2861,1777
2299,1625
1668,1651
1183,1802
1033,2064
1260,2351
1793,2555
2408,2575
2922,2370
3130,2064
2857,1774
2292,1621
1662,1644
1181,1787
1038,2053
1263,2342
1785,2539
2419,2553
2932,2351
3130,2042
2845,1745
2283,1599
1656,1628
1183,1779
1039,2042
1271,2333
1797,2527
2425,2545
2941,2336
3137,2032
2843,1748
2261,1598
1628,1625
1171,1778
1043,2052
1257,2347
1805,2543
2429,2552
2939,2333
3130,2021
2835,1741
2261,1602
1631,1636
1160,1789
1024,2066
1282,2350
1814,2531
2439,2545
2941,2329
3120,2021
2822,1739
2251,1602
1621,1637
1159,1803
1036,2080
1280,2369
1819,2552
2462,2552
2962,2345
3119,2035
2813,1757
2232,1615
1601,1652
1151,1813
1044,2091
1290,2383
1837,2573
2462,2564
2960,2346
3111,2034
2805,1762
2226,1622
1599,1663
1147,1823
1039,2103
1295,2389
1839,2570
2466,2569
2965,2340
3115,2032
2789,1751
2202,1625
1589,1669
1147,1822
1049,2109
1309,2391
1855,2569
2482,2564
2971,2339
3115,2025
2788,1744
2202,1607
1576,1651
1130,1818
1046,2101
1320,2384
1869,2560
2492,2544
2978,2312
3114,1996
2790,1718
2196,1588
1576,1636
1137,1803
1051,2086
1327,2369
1883,2544
2509,2523
2984,2299
3112,1998
2781,1716
2191,1595
1571,1639
1138,1815
1055,2101
1333,2379
1884,2553
2514,2516
3001,2289
3120,1982
2771,1714
2174,1592
1556,1643
1131,1814
1058,2098
1337,2387
1893,2549
2518,2528
2989,2296
3104,1988
2764,1716
2166,1601
1543,1656
1124,1833
1056,2122
1348,2404
1903,2574
2524,2545
2994,2306
3097,1992
2750,1724
2155,1613
1535,1672
1111,1859
1044,2139
1340,2415
1916,2578
2534,2546
2995,2309
3092,1998
2738,1734
2142,1621
1529,1675
1114,1858
1054,2144
1356,2419
1909,2584
2530,2545
3001,2302
3089,1989
2729,1722
2133,1614
1520,1676
1119,1862
1086,2157
1366,2434
1933,2590
2552,2541
3011,2291
3094,1965
2739,1709
2113,1605
1512,1672
1112,1854
1071,2142
1382,2412
1951,2566
2565,2519
3017,2271
3090,1953
2725,1691
2112,1584
1501,1652
1110,1838
1076,2128
1396,2398
1963,2556
2583,2505
3027,2259
3088,1949
2710,1682
2104,1585
1485,1649
1094,1844
1067,2142
1400,2410
1972,2556
2599,2510
3025,2257
3076,1944
2693,1683
2086,1587
1482,1658
1101,1851
1070,2136
1395,2397
1974,2553
2602,2521
3031,2255
3073,1942
2677,1685
2071,1597
1467,1672
1092,1865
1077,2164
1406,2430
1989,2580
2602,2524
3043,2274
3085,1978
2677,1695
2062,1610
1456,1685
1086,1881
1081,2172
1417,2445
1995,2592
2607,2527
3034,2277
3064,1954
2676,1695
2071,1608
1463,1684
1076,1893
1080,2192
1421,2450
2008,2592
2615,2516
3035,2267
3066,1945
2662,1694
2049,1610
1452,1696
1091,1910
1082,2199
1427,2452
2020,2590
2632,2516
3049,2253
3060,1942
2650,1693
2039,1609
1442,1690
1089,1881
1094,2186
1439,2444
2021,2582
2626,2504
3047,2236
3063,1916
2651,1664
2031,1583
1434,1672
1085,1877
1098,2172
1455,2434
2043,2568
2649,2489
3053,2218
3048,1900
2642,1655
2025,1585
1425,1671
1083,1881
1098,2179
1459,2431
2054,2570
2657,2486
3055,2222
3045,1905
2625,1662
2011,1585
1436,1674
1086,1877
1097,2176
1467,2438
2061,2568
2665,2485
3062,2222
3043,1899
2616,1662
1995,1593
1407,1689