2048,2148
3101,2471
2826,2165
2261,1790
1631,1539
1157,1523
1036,1768
1284,2161
1823,2512
2454,2698
2951,2684
3110,2479
2797,2146
2211,1774
1588,1533
1143,1532
1049,1777
1297,2158
1840,2509
2465,2691
2956,2660
3104,2457
2776,2116
2185,1741
1559,1498
1124,1511
1031,1765
1317,2158
1878,2502
2500,2677
2971,2642
3098,2420
2761,2075
2167,1700
1542,1463
1117,1490
1044,1761
1333,2153
1904,2494
2529,2657
3004,2622
3109,2400
2743,2041
2146,1666
1529,1440
1117,1474
1062,1755
1361,2150
1931,2485
2556,2644
3009,2596
3105,2366
2734,2012
2131,1649
1499,1437
1110,1491
1072,1783
1384,2179
1964,2510
2583,2661
3029,2597
3090,2363
2718,2002
2111,1638
1498,1446
1104,1515
1062,1812
1390,2207
1982,2533
2600,2673
3034,2615
3078,2374
2685,2015
2072,1663
1465,1471
1092,1547
1075,1848
1414,2248
1989,2581
2599,2697
3035,2625
3064,2384
2656,2029
2037,1674
1432,1494
1074,1573
1080,1882
1426,2275
2013,2582
2626,2707
3046,2622
3043,2374
2621,2014
1997,1668
1402,1494
1060,1580
1075,1895
1453,2281
2038,2586
2642,2697
3035,2606
3020,2347
2614,1975
1981,1627
1384,1459
1050,1569
1065,1887
1460,2281
2063,2581
2665,2683
3053,2582
3013,2319
2575,1943
1950,1590
1370,1427
1065,1542
1103,1867
1491,2265
2096,2564
2696,2661
3071,2559
3016,2283
2552,1905
1926,1565
1354,1419
1059,1541
1125,1871
1538,2262
2141,2544
2727,2640
3082,2527
3006,2258
2541,1880
1911,1545
1335,1418
1053,1554
1134,1899
1554,2292
2176,2572
2755,2657
3093,2539
2995,2252
2509,1879
1889,1548
1328,1423
1053,1574
1140,1927
1572,2322
2196,2593
2774,2665
3099,2541
2984,2259
2481,1890
1843,1569
1296,1439
1036,1618
1147,1967
1587,2355
2204,2621
2787,2682
3101,2551
2964,2268
2462,1899
1820,1589
1266,1491
1007,1652
1144,2011
1600,2389
2225,2643
2795,2694
3090,2553
2937,2259
2426,1882
1789,1572
1247,1482
1015,1658
1149,2020
1607,2398
2225,2636
2801,2680
3096,2533
2920,2229
2399,1855
1761,1547
1228,1462
1010,1650
1155,2013
1635,2387
2258,2628
2815,2660
3096,2503
2907,2194
2376,1812
1742,1511
1217,1439
1011,1631
1176,2002
1669,2388
2294,2616
2848,2650
3115,2484
2894,2157
2365,1768
1737,1471
1218,1416
1019,1627
1202,1998
1706,2374
2332,2608
2876,2627
3125,2460
2886,2135
2341,1754
1716,1467
1225,1416
1029,1635
1224,2019
1731,2399
2354,2618
2900,2633
3132,2457
2873,2131
2318,1753
1684,1482
1200,1443
1036,1670
1259,2048
1763,2417
2381,2640
2906,2644
3124,2464
2849,2134
2283,1761
1652,1493
1182,1470
1028,1702
1255,2090
1781,2456
2400,2659
2918,2657
3108,2478
2825,2158
2239,1779
1618,1519
1153,1508
1017,1743
1268,2132
1791,2486
2423,2676
2927,2663
3100,2471
2789,2133
2203,1756
1582,1517
1129,1509
1018,1757
1272,2142
1811,2491
2444,2674
2934,2649
3088,2446
2772,2105
2190,1730
1557,1493
1101,1496
1012,1750
1281,2141
1830,2480
2459,2657
2943,2626
3078,2410
2753,2072
2164,1698
1542,1461
1108,1480
1024,1747
1295,2135
1859,2473
2491,2645
2971,2609
3090,2388
2745,2034
2144,1658
1527,1421
1113,1454
1044,1732
1335,2126
1896,2467
2519,2636
2989,2588
3084,2366
2730,2010
2127,1637
1508,1422
1106,1467
1058,1756
1363,2154
1933,2488
2554,2643
3005,2587
3083,2349
2712,1988
2116,1630
1502,1433
1100,1493
1062,1789
1394,2181
1957,2516
2579,2659
3020,2602
3065,2368
2684,2013
2072,1650
1463,1448
1092,1513
1081,1816
1400,2215
1978,2532
2587,2669
3021,2608
3056,2373
2657,2020
2040,1678
1430,1484
1062,1555
1057,1860
1420,2249
1999,2570
2614,2696
3029,2621
3039,2372
2622,2011
2001,1660
1386,1474
1052,1560
1065,1869
1427,2262
2027,2570
2620,2686
3019,2605
3017,2350
2594,1976
1972,1622
1378,1454
1040,1549
1065,1871
1441,2270
2040,2561
2649,2670
3034,2572
2999,2308
2565,1938
1945,1589
1367,1428
1043,1535
1079,1861
1465,2257
2071,2552
2676,2652
3060,2553
3016,2282
2562,1908
1934,1561
1335,1412
1037,1531
1101,1859
1503,2248
2108,2535
2703,2633
3071,2525
2999,2251
2543,1877
1910,1535
1339,1403
1053,1538
1111,1873
1527,2278
2140,2563
2731,2647
3082,2533
3001,2251
2526,1875
1896,1541
1327,1416
1044,1558
1125,1903
1548,2301
2160,2574
2755,2651
3092,2536
2983,2256
2497,1877
1864,1556
1300,1444
1040,1598
1138,1953
1570,2344
2184,2614
2757,2680
3086,2547
2967,2256
2479,1882
1859,1572
1277,1464
1021,1626
1134,1981
1585,2370
2203,2630
2774,2686
3080,2552
2935,2263
2427,1887
1798,1575
1264,1475
1025,1655
1146,2008
1602,2387
2220,2632
2788,2678
3085,2524
2916,2225
2400,1842
1762,1529
1229,1447
1013,1627
1154,1989
1629,2380
2249,2620
2799,2664
3086,2510
2904,2204
2381,1820
1746,1520
1220,1437
1012,1626
1172,1988
1654,2358
2279,2600
2840,2639
3099,2480
2893,2159
2362,1773
1727,1477
1213,1418
1017,1616
1190,1990
1689,2366
2319,2600
2857,2627
3101,2457
2870,2139
2336,1762
1707,1461
1202,1412
1022,1630
1213,2004
1721,2381
2349,2605
2886,2624
3124,2449
2874,2128
2314,1750
1673,1475
1188,1443
1019,1664
1234,2041
1744,2413
2371,2629
2900,2639
3127,2460
2856,2134
2289,1756
1659,1488
1164,1460
1021,1695
1242,2068
1763,2442
2392,2643
2909,2648
3112,2467
2832,2147
2261,1777
1628,1517
1152,1498
1007,1738
1241,2121
1779,2477
2406,2674
2932,2661
3106,2470
2804,2142
2224,1769
1593,1511
1133,1507
1010,1743
1254,2129
1786,2479
2421,2668
2925,2648
3093,2438
2794,2103
2209,1734
1569,1484
1118,1487
1007,1741
1260,2129
1814,2479
2442,2658
2935,2636
3088,2423
2762,2074
2180,1690
1560,1452
1122,1465
1019,1731
1292,2117
1845,2462
2470,2642
2960,2609
3085,2391
2751,2038
2160,1660
1535,1430
1110,1453
1045,1727
1331,2118
1883,2461
2506,2627
2977,2588
3085,2361
2737,2007
2135,1635
1518,1413
1106,1450
1049,1736
1350,2133
1919,2473
2533,2642
2993,2597
3074,2364
2721,2008
2121,1641
1503,1429
1104,1484
1060,1769
1367,2166
1945,2496
2565,2649
3002,2594
3071,2364
2686,2012
2071,1649
1471,1450
1090,1507
1060,1806
1386,2206
1962,2531
2583,2674
3017,2609
3059,2372
2667,2020
2050,1674
1442,1482
1055,1542
1049,1848
1396,2242
1979,2559
2598,2688
3021,2615
3039,2373
2628,2012
2013,1664
1406,1485
1053,1564
1058,1874
1416,2263
2001,2563
2611,2688
3021,2604
3022,2353
2602,1988
1978,1636
1385,1458
1040,1547
1058,1859
1429,2250
2033,2553
2644,2660
3031,2570
3012,2317
2583,1946
1958,1597
1371,1428
1038,1534
1072,1854
1453,2245
2053,2545
2666,2649
3057,2555
3031,2283
2582,1903
1942,1560
1354,1411
1040,1517
1092,1844
1487,2239
2093,2531
2691,2631
3063,2528
3010,2257
2553,1881
1930,1538
1354,1392
1045,1519
1105,1861
1516,2259
2127,2550
2721,2643
3076,2532
3003,2253
2542,1876
1908,1544
1342,1407
1050,1550
1126,1894
1532,2287
2148,2565
2744,2649
3084,2533
2991,2257
2507,1881
1876,1558
1308,1439
1038,1588
1129,1936
1565,2324
2169,2609
2746,2677
3081,2546
2966,2262
2475,1889
1842,1575
1285,1463
1021,1619
1128,1973
1572,2358
2189,2618
2768,2685
3085,2557
2931,2270
2431,1899
1804,1581
1256,1482
1018,1642
1135,1998
1587,2375
2206,2630
2779,2681
3082,2536
2926,2236
2415,1859
1767,1549
1231,1449
991,1624
1143,1985
1612,2368
2228,2618
2790,2659
3083,2514
2911,2209
2394,1828
1755,1521
1222,1440
998,1621
1149,1979
1639,2353
2260,2597
2822,2637
3096,2479
2906,2157
2376,1778
1741,1479
1219,1412
1015,1612
1182,1982
1664,2362
2290,2593
2848,2618
3106,2459
2887,2140
2351,1756
1718,1463
1209,1408
1018,1612
1205,1991
1701,2365
2297,2598
2879,2617
3133,2448
2887,2127
2327,1746
1700,1471
1200,1430
1027,1646
1226,2023
1731,2399
2356,2620
2892,2632
3122,2459
2867,2137
2312,1756
1673,1483
1183,1446
1014,1681
1233,2061
1754,2428
2380,2640
2901,2648
3114,2469
2842,2148
2272,1774
1645,1508
1166,1490
1013,1723
1234,2108
1764,2470
2391,2668
2908,2662
3104,2474
2810,2144
2233,1771
1605,1515
1140,1501
1015,1740
1256,2125
1785,2477
2399,2670
2905,2657
3088,2459
2783,2118
2205,1744
1576,1492
1116,1489
1004,1735
1264,2121
1805,2473
2435,2657
2928,2633
3069,2434
2749,2084
2180,1707
1557,1462
1109,1468
1014,1727
1280,2116
1834,2460
2461,2640
2951,2610
3086,2393
2756,2043
2158,1668
1526,1425
1105,1446
1032,1718
1314,2117
1873,2458
2495,2627
2970,2588
3089,2366
2741,2009
2144,1637
1524,1413
1100,1450
1032,1732
1331,2121
1905,2469
2531,2634
2993,2584
3084,2359
2727,1999
2127,1628
1512,1421
1103,1469
1051,1765
1353,2161
1925,2492
2558,2644
3018,2590
3084,2366
2708,2012
2098,1649
1483,1446
1094,1505
1056,1800
1371,2197
1945,2523
2565,2666
3009,2602
3070,2361
2696,2019
2081,1665
1455,1476
1073,1541
1053,1844
1385,2242
1967,2560
2580,2693
3018,2620
3051,2380
2654,2018
2035,1667
1416,1478
1057,1558
1055,1862
1404,2253
1989,2562
2599,2686
3012,2600
3031,2355
2620,1989
2001,1640
1403,1458
1044,1544
1042,1862
1412,2254
2009,2560
2619,2674
3023,2590
3012,2332
2592,1961
1974,1605
1381,1432
1047,1525
1073,1844
1441,2235
2023,2539
2635,2655
3037,2563
3014,2289
2579,1915
1954,1568
1366,1407
1048,1516
1089,1843
1479,2233
2081,2530
2675,2633
3045,2538
2991,2266
2551,1888
1932,1541
1356,1384
1049,1513
1102,1848
1505,2246
2112,2541
2710,2635
3070,2529
2999,2248
2535,1875
1907,1535
1336,1409
1050,1546
1122,1887
1529,2284
2142,2567
2731,2649
3081,2532
2997,2254
2512,1878
1885,1559
1312,1433
1035,1571
1125,1918
1555,2314
2163,2589
2747,2665
3082,2545
2974,2266
2484,1897
1850,1579
1287,1470
1024,1626
1124,1969
1562,2353
2183,2614
2765,2683
3084,2555
2953,2273
2453,1902
1814,1588
1263,1480
1015,1636
1130,1987
1577,2365
2196,2619
2772,2672
3087,2530
2950,2244
2436,1872
1788,1559
1241,1462
1000,1636
1137,1991
1595,2370
2216,2618
2787,2663
3079,2519
2917,2214
2402,1827
1775,1555
1241,1434
1005,1615
1149,1978
1620,2357
2245,2601
2811,2639
3092,2486
2905,2176
2377,1800
1751,1492
1221,1416
1016,1619
1180,1978
1660,2355
2279,2593
2837,2623
3106,2460
2896,2144
2363,1755
1729,1458
1213,1397
1021,1601
1193,1975
1675,2356
2306,2594
2862,2624
3123,2455
2891,2140
2345,1764
1710,1479
1207,1433
1021,1643
1215,2018
1714,2388
2336,2610
2865,2629
3106,2462
2875,2150
2323,1760
1692,1475
1192,1439
1016,1664
1224,2043
1738,2416
2358,2638
2891,2645
3113,2477
2842,2158
2277,1787
1652,1525
1168,1490
1013,1711
1233,2094
1751,2455
2378,2663
2901,2661
3102,2479
2821,2154
2254,1779
1617,1518
1144,1501
1013,1735
1244,2118
1773,2475
2398,2670
2906,2660
3089,2469
2794,2139
2221,1759
1591,1500
1125,1488
1001,1726
1251,2108
1793,2458
2428,2648
2921,2639
3083,2438
2774,2094
2193,1717
1572,1463
1118,1467
1011,1719
1269,2106
1815,2462
2446,2638
2943,2611
3103,2405
2773,2057
2176,1682
1554,1432
1115,1444
1026,1708
1302,2104
1853,2450
2479,2628
2963,2592
3090,2373
2751,2011
2165,1629
1549,1405
1111,1438
1039,1715
1327,2113
1887,2457
2514,2626
2981,2587
3085,2365
2734,2011
2137,1642
1526,1421
1115,1462
1060,1753
1352,2147
1917,2482
2539,2640
2999,2593
3084,2365
2715,2016
2109,1646
1495,1441
1096,1491
1059,1783
1373,2177
1941,2523
2558,2670
3002,2611
3068,2380
2689,2029
2080,1671
1463,1475
1079,1532
1051,1823
1378,2220
1963,2543
2579,2689
3011,2625
3045,2391
2658,2033
2041,1674
1429,1485
1058,1553
1049,1855
1392,2251
1979,2565
2592,2693
3008,2614
3025,2377
2616,2011
2004,1658
1410,1464
1103,1543
1049,1845
1402,2239
1999,2547
2611,2669
3021,2589
3019,2335
2601,1963
1978,1613
1380,1440
1045,1533
1065,1845
1426,2241
2024,2546
2633,2657
3033,2568
3022,2304
2588,1929
1972,1573
1370,1407
1040,1509
1075,1834
1463,2230
2070,2528
2667,2632
3053,2535
3016,2271
2569,1894
1949,1548
1369,1396
1048,1511
1092,1842
1485,2237
2086,2533
2697,2635
3082,2531
3023,2250
2556,1879
1926,1544
1348,1383
1051,1530
1111,1869
1517,2264
2122,2553
2715,2647
3071,2527
3005,2256
2543,1885
1918,1556
1334,1426
1041,1565
1117,1909
1535,2297
2147,2588
2733,2666
3075,2552
2979,2268
2504,1896
1876,1569
1313,1452
1042,1604
1124,1951
1548,2342
2165,2615
2747,2686
3076,2563
2960,2283
2465,1914
1835,1593
1282,1481
1024,1635
1131,1987
1575,2373
2182,2634
2757,2683
3072,2550
2937,2262
2434,1886
1803,1569
1251,1461
1008,1626
1135,1972
1573,2360
2210,2616
2774,2670
3065,2531
2905,2231
2401,1845
1773,1535
1236,1440
1007,1613
1142,1971
1610,2356
2232,2602
2800,2643
3089,2495
2910,2190
2369,1812
1740,1498
1218,1415
1017,1597
1168,1963
1647,2344
2270,2592
2828,2622
3102,2471
2900,2155
2365,1769
1731,1469
1214,1404
1021,1597
1192,1967
1680,2348
2307,2582
2856,2618
3113,2455
2896,2140
2351,1757
1711,1470
1202,1417
1017,1626
1218,2004
1726,2373
2341,2602
2877,2625
3121,2459
2879,2138
2331,1766
1695,1486
1192,1440
1012,1662
1219,2040
1731,2410
2360,2631
2909,2639
3131,2463
2854,2148
2297,1778
1662,1508
1169,1476
1011,1711
1224,2082
1742,2450
2371,2660
2898,2664
3090,2485
2841,2162
2288,1785
1632,1521
1151,1498
1009,1736
1233,2114
1765,2473
2390,2673
2904,2664
3098,2476
2806,2148
2231,1770
1603,1509
1137,1497
1006,1733
1245,2113
1781,2466
2409,2655
2917,2640
3086,2444
2782,2106
2201,1730
1575,1475
1126,1471
1011,1722
1262,2119
1797,2468
2425,2647
2930,2621
3089,2410
2772,2065
2186,1686
1561,1440
1117,1447
1025,1707
1294,2099
1846,2448
2473,2632
2947,2604
3073,2386
2754,2030
2166,1653
1545,1416
1112,1437
1035,1710
1317,2099
1879,2443
2503,2616
2981,2581
3086,2366
2740,2017
2130,1642
1519,1423
1110,1452
1050,1735
1342,2133
1906,2473
2527,2637
2996,2594
3083,2369
2728,2020
2124,1656
1502,1445
1090,1490
1049,1770
1362,2167
1932,2501
2550,2654
2998,2607
3069,2378
2696,2024
2093,1665
1476,1462
1084,1522
1049,1818
1365,2215
1944,2537
2573,2684
3009,2625
3056,2391
2665,2039
2054,1678
1439,1485
1066,1547
1045,1848
1383,2244
1977,2559
2604,2690
3021,2613
3037,2374
2630,2020
2012,1670
1416,1478
1052,1549
1052,1854
1398,2245
1990,2553
2603,2679
3020,2595
3037,2344
2620,1973
1992,1613
1390,1440
1044,1531
1067,1839
1421,2235
2014,2543
2622,2658
3027,2574
3022,2316
2599,1946
1978,1591
1392,1414
1044,1512
1073,1832
1452,2227
2054,2531
2664,2640
3049,2545
3019,2278
2576,1906
1959,1550
1368,1391
1049,1500
1098,1831
1475,2225
2083,2528
2688,2630
3063,2528
3015,2259
2561,1887
1930,1544
1354,1395
1050,1523
1107,1863
1512,2257
2120,2555
2702,2650
3059,2535
2999,2255
2541,1891
1915,1551
1337,1421
1043,1559
1115,1897
1533,2291
2146,2577
2734,2661
3080,2548
2979,2274
2496,1895
1864,1567
1309,1447
1035,1593
1118,1947
1544,2337
2160,2612
2748,2686
3084,2561
2969,2281
2477,1915
1837,1596
1269,1482
1016,1627
1119,1977
1561,2361
2178,2625
2757,2690
3057,2558
2950,2269
2450,1895
1812,1581
1257,1473
1007,1636
1124,1981
1579,2362
2203,2616
2769,2673
3077,2534
2928,2234
2415,1852
1782,1542
1245,1440
1002,1613
1136,1977
1593,2353
2206,2607
2790,2651
3096,2500
2926,2202
2401,1814
1766,1505
1231,1421
1011,1597
1163,1966
1633,2345
2255,2589
2815,2633
3097,2475
2910,2156
2380,1769
1743,1470
1218,1399
1015,1593
1185,1965
1671,2345
2295,2582
2845,2617
3113,2459
2901,2141
2366,1758
1726,1463
1210,1407
1018,1617
1204,1993
1698,2369
2327,2610
2865,2628
3117,2462
2885,2144
2339,1762
1711,1477
1210,1430
1022,1643
1207,2025
1718,2397
2348,2626
2884,2644
3117,2466
2861,2151
2287,1778
1671,1503
1184,1466
1019,1691
1233,2073
1746,2438
2359,2655
2877,2667
3110,2490
2839,2166
2271,1793
1637,1524
1157,1497
1011,1726
1235,2108
1758,2469
2387,2667
2901,2665
3092,2483
2795,2157
2231,1790
1606,1524
1138,1497
1006,1736
1243,2119
1776,2472
2405,2660
2912,2646
3088,2450
2782,2113
2230,1740
1572,1480
1107,1476
1005,1721
1257,2107
1801,2458
2425,2648
2926,2626
3087,2423
2773,2076
2191,1701
1560,1450
1112,1454
1012,1705
1277,2091
1838,2442
2465,2625
2953,2598
3091,2389
2766,2040
2173,1661
1548,1420
1114,1443
1026,1707
1306,2100
1862,2441
2497,2611
2988,2578
3102,2362
2755,2008
2151,1640
1535,1412
1111,1446
1048,1726
1333,2124
1894,2466
2522,2632
2990,2591
3090,2364
2743,2013
2146,1649
1518,1434
1104,1474
1050,1760
1352,2159
1925,2494
2547,2650
2998,2603
3073,2377
2705,2020
2095,1655
1490,1451
1105,1511
1062,1798
1366,2201
1939,2533
2558,2679
3005,2621
3060,2392
2677,2040
2065,1680
1456,1485
1071,1544
1043,1839
1374,2237
1961,2560
2577,2688
3009,2622
3039,2385
2643,2029
2028,1677
1426,1484
1060,1552
1055,1852
1397,2242
1972,2557
2578,2690
3004,2610
3025,2356
2617,1994
2000,1632
1398,1452
1048,1535
1056,1841
1417,2235
2009,2542
2617,2660
3014,2575
3002,2325
2588,1966
1979,1605
1385,1423
1047,1513
1071,1828
1444,2224
2045,2516
2652,2641
3044,2554
3019,2290
2579,1912
1949,1564
1357,1400
1049,1514
1091,1826
1480,2218
2080,2523
2677,2627
3059,2528
3013,2260
2560,1880
1937,1539
1355,1395
1047,1513
1105,1847
1509,2269
2114,2539
2708,2639
3069,2534
3005,2263
2544,1889
1915,1556
1333,1414
1047,1544
1114,1883
1525,2281
2138,2565
2738,2649
3094,2547
2991,2268
2514,1899
1879,1570
1313,1444
1035,1588
1121,1932
1545,2323
2155,2598
2744,2673
3079,2551
2981,2272
2494,1906
1851,1591
1283,1480
1018,1627
1122,1974
1562,2360
2178,2627
2754,2691
3073,2561
2946,2275
2446,1897
1817,1584
1264,1483
1019,1637
1126,1987
1576,2370
2195,2625
2769,2679
3076,2537
2927,2239
2418,1858
1788,1544
1243,1446
1007,1616
1142,1983
1605,2362
2212,2609
2787,2656
3083,2511
2918,2211
2403,1828
1767,1514
1230,1426
1006,1604
1155,1965
1634,2348
2257,2593
2815,2640
3094,2484
2910,2172
2385,1784
1745,1481
1222,1402
1016,1592
1179,1964
1665,2341
2285,2581
2837,2618
3096,2453
2892,2148
2363,1763
1731,1461
1216,1403
1018,1613
1198,1986
1694,2365
2319,2600
2865,2625
3121,2460
2879,2141
2336,1765
1702,1481
1206,1428
1022,1639
1219,2015
1717,2390
2345,2616
2880,2637
3121,2475
2869,2147
2307,1771
1674,1495
1178,1462
1013,1686
1231,2064
1740,2432
2364,2648
2888,2657
3120,2484
2842,2163
2283,1794
1649,1527
1159,1496
1003,1722
1227,2104
1750,2462
2392,2668
2910,2659
3099,2476
2815,2157
2243,1786
1614,1524
1142,1506
1006,1741
1238,2121
1771,2479
2399,2666
2908,2646
3100,2445
2804,2118
2217,1746
1585,1491
1124,1482
1006,1730
1256,2115
1793,2461
2420,2651
2922,2631
3082,2427
2769,2086
2200,1709
1583,1454
1127,1456
1017,1711
1277,2101
1829,2450
2458,2633
2945,2604
3087,2395
2761,2041
2176,1667
1551,1422
1122,1435
1041,1709
1315,2102
1847,2444
2488,2620
2971,2586
3091,2368
2745,2013
2152,1639
1529,1412
1114,1444
1048,1718
1337,2117
1901,2464
2521,2633
2977,2588
3086,2364
2734,2015
2133,1644
1518,1424
1107,1470
1049,1751
1355,2149
1928,2485
2547,2644
3002,2602
3072,2383
2691,2004
2095,1661
1484,1451
1088,1502
1053,1794
1370,2182
1941,2522
2557,2673
3012,2616
3063,2386
2681,2034
2061,1684
1451,1488
1071,1543
1050,1838
1378,2232
1962,2552
2579,2689
3009,2622
3044,2386
2644,2032
2027,1677
1413,1494
1052,1559
1054,1861
1395,2245
1981,2560
2598,2686
3013,2611
3029,2363
2622,2002
2002,1646
1400,1459
1044,1543
1047,1850
1408,2244
2009,2552
2619,2666
3022,2583
3018,2330
2601,1960
1981,1608
1384,1432
1044,1518
1064,1834
1431,2226
2029,2531
2647,2646
3045,2557
3036,2288
2591,1913
1963,1568
1372,1399
1047,1510
1082,1832
1469,2223
2067,2523
2674,2631
3054,2535
3012,2264
2574,1887
1961,1535
1370,1381
1050,1505
1103,1847
1498,2244
2106,2539
2701,2637
3068,2532
3010,2257
2554,1884
1924,1542
1352,1400
1059,1538
1122,1880
1525,2273
2129,2563
2719,2650
3071,2541
2993,2265
2525,1894
1894,1564
1324,1435
1043,1572
1123,1918
1547,2313
2154,2598
2739,2676
3071,2556
2972,2279
2489,1904
1858,1587
1295,1469
1026,1615
1122,1960
1556,2347
2171,2617
2750,2688
3070,2568
2936,2284
2446,1908
1822,1593
1270,1481
1015,1638
1128,1986
1570,2373
2187,2629
2764,2683
3077,2542
2934,2248
2428,1879
1779,1564
1230,1459
1003,1620
1133,1975
1592,2362
2212,2614
2777,2661
3078,2519
2919,2213
2405,1834
1767,1523
1236,1428
1007,1614
1141,1967
1611,2348
2244,2594
2808,2642
3094,2492
2915,2183
2387,1797
1754,1489
1222,1410
1009,1594
1174,1957
1667,2337
2292,2582
2838,2616
3106,2461
2900,2145
2367,1763
1730,1465
1214,1400
1018,1604
1187,1973
1687,2357
2310,2595
2867,2626
3130,2456
2898,2134
2350,1758
1712,1473
1206,1423
1020,1637
1215,2014
1713,2386
2341,2613
2877,2636
3125,2466
2881,2145
2336,1765
1696,1481
1185,1441
1009,1670
1218,2047
1733,2422
2360,2637
2888,2651
3115,2482
2845,2163
2289,1790
1658,1521
1174,1486
1019,1706
1226,2093
1744,2454
2378,2665
2899,2664
3108,2480
2823,2159
2254,1788
1622,1526
1146,1503
1009,1738
1243,2120
1773,2477
2391,2670
2904,2659
3092,2463
2797,2129
2222,1756
1593,1498
1127,1484
1005,1722
1251,2107
1787,2461
2414,2655
2916,2645
3074,2441
2772,2094
2199,1714
1572,1466
1122,1464
1013,1715
1269,2103
1815,2452
2446,2635
2942,2611
3096,2405
2769,2061
2173,1682
1544,1437
1110,1446
1029,1707
1301,2101
1852,2444
2478,2621
2960,2589
3089,2370
2757,2019
2163,1644
1539,1415
1110,1441
1026,1716
1319,2113
1886,2457
2512,2626
2981,2588
3089,2370
2741,2015
2145,1646
1527,1426
1111,1463
1046,1749
1344,2146
1903,2478
2523,2640
2994,2595
3078,2374
2716,2025
2114,1657
1495,1449
1097,1497
1052,1784
1360,2181
1930,2514
2551,2666
2995,2607
3065,2378
2693,2032
2081,1675
1468,1476
1082,1535
1054,1830
1375,2222
1952,2548
2571,2688
3005,2625
3053,2388
2669,2031
2050,1669
1430,1478
1064,1550
1049,1850
1390,2245
1976,2558
2585,2688
3009,2611
3029,2368
2625,2007
2010,1651
1418,1459
1065,1535
1054,1840
1402,2239
1992,2548
2609,2670
3017,2590
3018,2334
2605,1972
1985,1618
1390,1439
1049,1523
1065,1839
1432,2225
2026,2529
2634,2650
3035,2561
3025,2300
2594,1925
1969,1575
1377,1407
1047,1510
1084,1832
1465,2228
2068,2525
2671,2629
3050,2534
3008,2269
2573,1901
1949,1546
1365,1391
1049,1504
1097,1838
1492,2237
2100,2531
2701,2636
3071,2533
3012,2268
2549,1893
1912,1554
1348,1407
1049,1533
1110,1870
1517,2268
2123,2554
2723,2647
3075,2539
3004,2267
2536,1891
1897,1566
1322,1432
1025,1573
1106,1912
1531,2307
2144,2590
2735,2669
3077,2553
2979,2275
2505,1904
1870,1581
1302,1461
1022,1612
1108,1960
1537,2352
2150,2615
2741,2689
3076,2565
2960,2281
2468,1909
1834,1592
1277,1475
1017,1633
1121,1982
1561,2366
2176,2628
2752,2681
3076,2546
2946,2257
2441,1881
1802,1565
1251,1460
1007,1623
1135,1977
1592,2360
2194,2616
2765,2663
3074,2526
2923,2222
2416,1833
1797,1529
1250,1438
1006,1611
1143,1970
1610,2351
2230,2600
2796,2644
3089,2493
2915,2184
2394,1798
1760,1487
1233,1400
1016,1589
1156,1959
1650,2340
2273,2586
2831,2621
3099,2466
2900,2153
2371,1768
1742,1467
1226,1403
1024,1600
1201,1969
1679,2349
2304,2588
2854,2623
3112,2461
2893,2144
2354,1763
1722,1473
1215,1418
1027,1628
1214,2001
1712,2372
2341,2604
2869,2629
3114,2462
2875,2151
2326,1770
1694,1488
1194,1441
1015,1659
1243,2041
1730,2412
2358,2638
2888,2648
3113,2478
2843,2159
2275,1791
1655,1521
1173,1483
1015,1709
1228,2088
1743,2453
2370,2662
2893,2666
3106,2485
2828,2164
2258,1791
1622,1526
1136,1502
994,1740
1239,2119
1764,2468
2391,2667
2902,2657
3092,2467
2802,2137
2233,1760
1597,1502
1128,1490
998,1732
1233,2116
1770,2468
2404,2659
2914,2643
3088,2444
2784,2101
2203,1729
1580,1473
1118,1469
1007,1722
1263,2108
1807,2457
2429,2639
2925,2615
3094,2410
2756,2064
2218,1685
1563,1437
1116,1449
1026,1708
1300,2099
1847,2446
2476,2622
2957,2590
3082,2373
2761,2017
2171,1641
1550,1416
1119,1439
1036,1713
1314,2106
1877,2452
2503,2624
2982,2590
3089,2372
2747,2016
2148,1644
1529,1416
1119,1449
1060,1737
1342,2138
1904,2475
2526,2638
2994,2595
3088,2373
2730,2016
2122,1658
1502,1444
1098,1486
1048,1769
1363,2167
1942,2502
2556,2663
2998,2611
3071,2379
2698,2034
2089,1677
1478,1473
1083,1530
1051,1826
1375,2216
1950,2538
2566,2682
2976,2625
3049,2393
2662,2037
2051,1677
1441,1486
1067,1553
1044,1849
1386,2243
1973,2556
2587,2685
3009,2611
3025,2371
2619,2012
2013,1660
1414,1467
1050,1538
1051,1847
1400,2238
1984,2549
2599,2677
3013,2593
3030,2342
2612,1978
1987,1627
1382,1446
1037,1538
1060,1844
1425,2231
2018,2536
2624,2655
3027,2569
3022,2311
2596,1940
1977,1585
1382,1412
1047,1510
1066,1832
1445,2232
2052,2532
2662,2638
3046,2541
3015,2274
2575,1898
1954,1552
1371,1395
1054,1507
1096,1835
1479,2236
2080,2533
2675,2630
3064,2535
3015,2263
2563,1889
1945,1548
1360,1406
1054,1528
1109,1865
1503,2260
2113,2553
2705,2647
3068,2541
3003,2263
2548,1884
1913,1557
1335,1425
1044,1554
1114,1898
1524,2295
2137,2578
2731,2663
3071,2551
2980,2280
2505,1900
1875,1577
1319,1455
1044,1602
1118,1951
1542,2341
2151,2611
2736,2688
3071,2558
2969,2293
2475,1912
1841,1590
1280,1476
1007,1623
1123,1970
1573,2358
2180,2622
2752,2680
3071,2554
2954,2263
2450,1887
1815,1573
1261,1460
1006,1622
1120,1967
1572,2346
2195,2606
2773,2666
3086,2529
2927,2235
2422,1853
1791,1539
1245,1440
1005,1612
1137,1969
1592,2349
2218,2598
2796,2655
3089,2500
2928,2196
2419,1814
1761,1505
1238,1417
1011,1597
1161,1956
1626,2341
2261,2588
2826,2629
3106,2475
2924,2158
2380,1775
1735,1470
1215,1407
1022,1601
1170,1965
1664,2343
2291,2589
2836,2621
3113,2464
2905,2148
2372,1768
1741,1485
1217,1416
1009,1621
1182,2002
1688,2379
2315,2610
2866,2630
3118,2467
2890,2150
2344,1773
1711,1492
1204,1438
1015,1652
1210,2030
1708,2405
2332,2631
2873,2654
3114,2476
2866,2159
2310,1782
1676,1506
1179,1471
1012,1692
1222,2077
1733,2443
2344,2658
2879,2666
3104,2491
2840,2172
2287,1794
1645,1522
1158,1496
1004,1720
1228,2103
1751,2469
2374,2667
2892,2664
3090,2476
2809,2146
2244,1762
1621,1496
1152,1485
1008,1722
1237,2104
1766,2456
2393,2654
2904,2641
3085,2448
2786,2113
2213,1738
1587,1478
1123,1467
1014,1710
1272,2104
1807,2454
2420,2646
2923,2624
3089,2417
2781,2077
2200,1696
1572,1446
1126,1452
1020,1710
1283,2092
1837,2444
2468,2626
2960,2598
3091,2389
2768,2040
2179,1661
1560,1418
1122,1435
1036,1701
1304,2096
1866,2442
2489,2619
2970,2589
3098,2378
2755,2029
2166,1656
1539,1428
1116,1462
1046,1735
1334,2127
1894,2468
2518,2637
2988,2595
3093,2374
2737,2025
2141,1660
1515,1455
1096,1489
1042,1765
1348,2162
1920,2498
2540,2657
2996,2608
3076,2382
2707,2032
2101,1668
1490,1461
1088,1516
1045,1816
1359,2214
1942,2538
2559,2682
3004,2619
3060,2393
2677,2043
2064,1687
1451,1486
1067,1541
1039,1839
1366,2231
1960,2555
2572,2693
3005,2624
3042,2382
2648,2023
2029,1665
1423,1472
1058,1540
1048,1839
1386,2230
1975,2544
2587,2671
3005,2599
3029,2354
2624,1995
2004,1626
1408,1448
1045,1528
1053,1834
1412,2231
2004,2539
2615,2662
3023,2577
3025,2320
2608,1951
1994,1593
1398,1416
1052,1506
1072,1828
1440,2222
2036,2526
2652,2644
3044,2551
3025,2282
2588,1912
1963,1560
1374,1396
1058,1503
1106,1826
1487,2216
2076,2522
2677,2634
3055,2565
3018,2272
2573,1898
1954,1558
1362,1405
1051,1527
1103,1856
1506,2248
2117,2542
2712,2644
3074,2540
3010,2267
2551,1896
1923,1560
1347,1420
1045,1550
1111,1889
1520,2284
2132,2571
2718,2658
3078,2548
3004,2278
2523,1910
1887,1580
1317,1453
1033,1595
1116,1938
1537,2327
2148,2605
2736,2681
3073,2562
2971,2281
2491,1914
1860,1599
1292,1482
1015,1622
1115,1967
1551,2356
2169,2620
2746,2686
3068,2557
2948,2270
2452,1894
1822,1575
1273,1469
1017,1628
1112,1985
1555,2359
2183,2615
2761,2671
3074,2535
2932,2238
2423,1867
1791,1541
1249,1444
1010,1608
1139,1968
1592,2351
2204,2608
2769,2654
3071,2507
2922,2205
2410,1818
1775,1506
1238,1420
1011,1603
1155,1956
1627,2339
2252,2589
2815,2634
3098,2486
2915,2176
2387,1790
1751,1481
1222,1404
1017,1597
1181,1964
1665,2342
2289,2584
2838,2622
3106,2466
2898,2155
2368,1773
1747,1474
1220,1411
1021,1616
1199,1991
1692,2366
2318,2603
2864,2629
3118,2467
2890,2150
2347,1771
1712,1483
1207,1438
1031,1641
1223,2018
1710,2390
2350,2623
2881,2646
3116,2475
2871,2161
2314,1788
1679,1509
1177,1472
1007,1690
1219,2071
1743,2434
2366,2648
2894,2654
3111,2485
2843,2171
2278,1795
1649,1525
1160,1492
1003,1716
1223,2099
1746,2461
2377,2666
2902,2659
3109,2477
2818,2149
2250,1774
1614,1514
1146,1493
1003,1730
1234,2110
1763,2461
2392,2656
2907,2647
3095,2451
2802,2118
2226,1746
1591,1490
1121,1475
1004,1717
1251,2101
1789,2450
2414,2643
2918,2625
3082,2425
2785,2078
2205,1700
1584,1449
1128,1456
1020,1709
1263,2096
1820,2445
2459,2628
2945,2603
3091,2392
2771,2043
2180,1664
1558,1427
1123,1442
1037,1704
1310,2102
1857,2452
2473,2625
2955,2588
3089,2374
2742,2026
2162,1652
1540,1421
1119,1453
1047,1725
1330,2123
1895,2467
2518,2637
2977,2601
3073,2380
2726,2026
2136,1656
1523,1436
1106,1477
1048,1762
1349,2155
1916,2494
2536,2653
2993,2604
3071,2383
2701,2028
2096,1669
1483,1454
1092,1511
1049,1800
1363,2196
1941,2526
2558,2672
2999,2623
3054,2389
2670,2035
2058,1683
1460,1486
1085,1550
1058,1829
1383,2222
1959,2551
2574,2683
3005,2623
3041,2384
2646,2024
2027,1670
1424,1476
1056,1546
1052,1845
1401,2233
1993,2542
2594,2666
3008,2597
3028,2354
2622,1993
2004,1639
1403,1453
1044,1532
1053,1836
1410,2228
2000,2536
2618,2662
3036,2576
3032,2320
2604,1954
1983,1602
1386,1421
1049,1512
1068,1830
1437,2222
2039,2529
2649,2645
3047,2556
3029,2289
2594,1908
1969,1558
1373,1396
1048,1505
1084,1829
1472,2222
2070,2526
2676,2633
3059,2534
3021,2267
2576,1892
1952,1554
1372,1406
1045,1529
1092,1860
1491,2253
2103,2546
2701,2642
3073,2538
3009,2270
2556,1894
1929,1553
1350,1414
1050,1546
1110,1887
1507,2291
2109,2573
2708,2662
3076,2548
2995,2275
2525,1904
1877,1578
1320,1448
1037,1588
1115,1928
1535,2319
2148,2603
2728,2681
3061,2564
2960,2288
2487,1915
1858,1595
1295,1471
1024,1618
1113,1963
1547,2351
2163,2619
2744,2686
3071,2565
2952,2281
2455,1904
1814,1581
1265,1469
1012,1628
1121,1972
1568,2356
2180,2615
2760,2676
3075,2537
2933,2242
2434,1867
1800,1551
1246,1446
1003,1604
1138,1961
1589,2345
2208,2602
2776,2655
3074,2513
2920,2210
2413,1826
1778,1513
1238,1422
1007,1600
1146,1958
1620,2335
2252,2584
2810,2636
3097,2488
2914,2179
2390,1789
1755,1487
1228,1407
1018,1595
1175,1963
1661,2340
2289,2579
2854,2614
3115,2457
2905,2147
2371,1769
1739,1475
1223,1410
1024,1614
1196,1983
1684,2367
2313,2601
2863,2632
3120,2466
2902,2149
2352,1764
1720,1478
1208,1430
1022,1640
1213,2019
1711,2393
2334,2618
2871,2640
3116,2470
2874,2160
2322,1780
1687,1500
1185,1464
1003,1679
1216,2060
1727,2429
2356,2647
2887,2659
3112,2486
2848,2168
2287,1794
1656,1522
1165,1484
1009,1708
1224,2089
1732,2449
2361,2667
2892,2667
3104,2479
2823,2153
2254,1781
1619,1515
1143,1493
1003,1726
1237,2111
1770,2467
2386,2664
2889,2652
3074,2457
2794,2117
2228,1748
1596,1485
1128,1477
1002,1718
1245,2103
1786,2451
2416,2643
2917,2628
3086,2433
2775,2095
2196,1708
1570,1455
1125,1450
1017,1704
1272,2092
1819,2442
2447,2628
2949,2608
3097,2400
2777,2053
2181,1677
1552,1432
1113,1434
1015,1701
1303,2096
1853,2445
2482,2621
2968,2593
3092,2380
2761,2029
2168,1653
1544,1428
1117,1453
1039,1725
1317,2115
1890,2455
2514,2630
2985,2593
3092,2373
2745,2020
2146,1653
1527,1432
1112,1471
1047,1759
1340,2150
1902,2489
2525,2650
2998,2598
3094,2380
2731,2035
2112,1671
1494,1455
1093,1508
1043,1795
1358,2190
1926,2523
2547,2674
3002,2624
3071,2393
2692,2038
2074,1680
1462,1479
1076,1533
1047,1827
1370,2218
1950,2542
2563,2684
3002,2623
3047,2387
2660,2031
2047,1678
1435,1477
1059,1541
1044,1846
1384,2232
1971,2548
2580,2676
3006,2602
3030,2360
2628,1999
2015,1644
1412,1455
1056,1531
1047,1836
1392,2230
1982,2544
2603,2670
3018,2581
3020,2327
2608,1960
1990,1608
1386,1423
1052,1510
1070,1822
1433,2217
2026,2526
2627,2645
3020,2563
3023,2309
2596,1933
1972,1569
1383,1399
1052,1503
1082,1825
1465,2223
2064,2523
2668,2633
3051,2542
3014,2278
2562,1900
1947,1555
1369,1401
1055,1521
1101,1849
1488,2247
2095,2540
2696,2642
3062,2541
3012,2269
2559,1900
1925,1560
1343,1417
1044,1541
1117,1881
1520,2273
2123,2560
2714,2653
3075,2543
2999,2274
2528,1903
1898,1576
1321,1446
1032,1584
1108,1920
1529,2312
2148,2596
2734,2675
3077,2563
2977,2285
2498,1915
1869,1589
1299,1467
1024,1611
1109,1956
1537,2348
2155,2613
2746,2679
3090,2557
2970,2276
2469,1907
1832,1586
1273,1471
1012,1626
1116,1973
1559,2354
2176,2615
2754,2673
3070,2542
2939,2241
2449,1861
1819,1547
1258,1447
1007,1608
1132,1963
1578,2340
2200,2602
2774,2655
3078,2515
2927,2216
2419,1830
1789,1511
1253,1420
1022,1596
1153,1957
1611,2342
2232,2592
2804,2639
3095,2489
2923,2184
2405,1794
1767,1489
1237,1404
1018,1590
1162,1956
1640,2342
2269,2589
2832,2624
3106,2467
2911,2154
2378,1769
1746,1473
1228,1406
1028,1608
1196,1980
1677,2359
2294,2598
2835,2633
3107,2474
2899,2154
2362,1771
1725,1481
1214,1427
1022,1636
1209,2008
1706,2384
2332,2615
2870,2640
3110,2472
2862,2161
2317,1794
1695,1509
1191,1458
1014,1672
1217,2050
1723,2419
2350,2641
2880,2656
3110,2486
2848,2167
2289,1794
1650,1527
1164,1493
1008,1716
1224,2090
1741,2449
2363,2683
2886,2662
3102,2481
2827,2157
2257,1784
1626,1522
1146,1492
999,1723
1232,2101
1759,2463
2384,2664
2902,2656
3090,2460
2799,2132
2228,1748
1599,1491
1132,1476
1003,1715
1240,2098
1771,2451
2404,2641
2924,2625
3098,2431
2791,2092
2208,1714
1580,1460
1129,1455
1014,1703
1270,2093
1809,2444
2439,2630
2936,2606
3091,2395
2788,2047
2210,1674
1569,1433
1121,1445
1031,1700
1296,2091
1849,2438
2474,2619
2957,2592
3089,2378
2762,2028
2167,1650
1557,1419
1145,1448
1055,1723
1319,2115
1876,2461
2500,2629
2977,2596
3093,2377
2749,2028
2159,1654
1531,1428
1112,1464
1053,1739
1351,2146
1911,2486
2524,2649
2991,2602
3078,2379
2725,2031
2124,1675
1505,1461
1099,1497
1045,1788
1354,2177
1930,2513
2556,2667
2997,2621
3066,2393
2696,2042
2088,1688
1470,1488
1076,1543
1046,1834
1366,2223
1947,2545
2563,2685
2996,2624
3033,2390
2651,2044
2050,1683
1435,1482
1062,1538
1044,1838
1380,2227
1962,2544
2579,2677
3008,2607
3039,2360
2631,1996
2007,1643
1409,1458
1050,1532
1048,1826
1396,2220
1982,2533
2596,2661
3012,2586
3031,2338
2617,1972
1997,1618
1392,1433
1045,1520
1056,1834
1435,2224
2025,2535
2628,2647
3031,2559
3025,2299
2602,1920
1981,1572
1389,1404
1049,1501
1064,1820
1453,2221
2051,2522
2669,2633
3057,2537
3022,2270
2583,1896
1958,1548
1373,1396
1065,1514
1098,1846
1483,2240
2088,2539
2688,2639
3063,2538
3023,2270
2577,1900
1944,1563
1359,1417
1052,1540
1109,1875
1509,2270
2115,2562
2707,2660
3061,2549
2997,2278
2534,1903
1913,1564
1351,1444
1055,1573
1114,1912
1525,2304
2143,2588
2727,2671
3068,2558
2980,2284
2499,1909
1875,1591
1310,1467
1035,1604
1123,1954
1554,2338
2152,2613
2735,2688
3059,2560
2961,2283
2471,1912
1837,1591
1281,1482
1018,1622
1119,1971
1561,2357
2186,2626
2754,2686
3066,2546
2937,2254
2437,1876
1806,1554
1257,1447
1010,1608
1127,1964
1577,2341
2198,2599
2768,2654
3076,2517
2928,2226
2412,1849
1775,1523
1243,1424
1007,1597
1144,1955
1604,2333
2223,2589
2797,2638
3096,2488
2916,2180
2391,1800
1754,1499
1229,1415
1016,1596
1163,1960
1642,2340
2266,2588
2827,2628
3094,2470
2904,2157
2378,1770
1755,1473
1218,1407
1012,1607
1187,1978
1677,2354
2306,2591
2852,2629
3112,2471
2901,2156
2357,1773
1730,1485
1212,1423
1020,1627
1200,2010
1699,2380
2335,2617
2873,2637
3119,2470
2887,2153
2332,1779
1701,1501
1196,1457
1015,1670
1208,2046
1712,2425
2341,2638
2881,2662
3124,2493
2871,2173
2302,1802
1666,1527
1171,1483
1007,1705
1226,2084
1739,2453
2358,2663
2886,2666
3087,2494
2829,2168
2274,1783
1651,1517
1175,1490
1004,1724
1230,2105
1753,2461
2378,2663
2898,2656
3092,2465
2805,2131
2234,1753
1605,1490
1143,1470
1014,1713
1252,2098
1778,2452
2400,2648
2906,2637
3089,2439
2789,2106
2210,1727
1584,1468
1123,1460
1011,1705
1270,2090
1801,2440
2441,2632
2934,2611
3088,2405
2774,2056
2192,1686
1568,1430
1123,1438
1026,1701
1286,2089
1845,2444
2476,2614
2962,2590
3091,2377
2753,2032
2167,1650
1550,1416
1121,1441
1039,1714
1319,2110
1873,2457
2502,2630
2978,2598
3093,2381
2750,2034
2150,1670
1527,1446
1097,1469
1048,1742
1342,2143
1903,2479
2527,2643
2993,2604
3074,2379
2725,2029
2123,1664
1506,1452
1108,1495
1048,1784
1342,2179
1919,2510
2540,2663
2994,2615
3066,2391
2693,2043
2087,1683
1467,1481
1073,1534
1044,1831
1361,2221
1949,2548
2568,2692
3004,2621
3047,2393
2663,2041
2041,1684
1441,1489
1064,1558
1045,1848
1380,2238
1961,2553
2575,2688
3015,2614
3038,2371
2634,1999
2015,1642
1413,1454
1050,1527
1047,1831
1397,2223
1985,2536
2596,2660
3007,2587
3021,2334
2617,1973
2007,1607
1409,1422
1045,1515
1055,1830
1421,2221
2020,2531
2629,2653
3034,2566
3024,2308
2596,1934
1967,1578
1389,1408
1061,1502
1090,1819
1453,2213
2058,2519
2660,2631
3053,2542
3007,2270
2579,1898
1953,1549
1366,1392
1055,1503
1098,1834
1492,2230
2092,2534
2695,2640
3063,2540
3010,2267
2565,1897
1937,1549
1360,1410
1050,1538
1104,1874
1514,2274
2116,2558
2716,2650
3079,2550
3000,2280
2543,1902
1908,1572
1331,1439
1052,1575
1116,1913
1527,2307
2137,2589
2727,2671
3083,2557
2990,2291
2508,1921
1864,1599
1292,1470
1024,1607
1119,1950
1545,2338
2153,2612
2735,2684
3074,2562
2966,2287
2475,1912
1841,1596
1283,1482
1010,1641
1105,1981
1547,2361
2175,2622
2754,2683
3073,2549
2938,2260
2443,1885
1807,1569
1257,1460
1013,1619
1118,1973
1582,2356
2184,2609
2754,2660
3070,2519
2927,2225
2418,1844
1784,1529
1243,1428
1009,1601
1143,1958
1607,2340
2222,2597
2793,2640
3079,2491
2919,2182
2397,1799
1772,1490
1233,1406
1014,1597
1169,1965
1644,2345
2262,2585
2822,2625
3097,2473
2911,2157
2393,1770
1756,1462
1225,1394
1021,1598
1186,1971
1674,2352
2300,2591
2842,2625
3107,2465
2897,2148
2357,1771
1733,1478
1227,1418
1036,1620
1212,1993
1697,2373
2325,2605
2870,2632
3122,2466
2877,2153
2333,1778
1694,1499
1194,1449
1033,1667
1224,2041
1738,2412
2361,2630
2882,2651
3113,2483
2859,2167
2300,1794
1665,1524
1171,1485
1007,1707
1224,2089
1743,2453
2375,2666
2898,2664
3108,2484
2831,2163
2266,1794
1634,1525
1153,1496
1004,1729
1230,2120
1755,2466
2384,2661
2905,2649
3098,2465
2807,2139
2234,1765
1590,1508
1129,1486
1003,1721
1243,2102
1774,2453
2402,2648
2908,2635
3088,2435
2792,2099
2212,1723
1585,1471
1116,1473
996,1709
1248,2096
1802,2449
2429,2637
2933,2616
3091,2415
2777,2061
2197,1682
1575,1431
1123,1449
1029,1706
1286,2101
1824,2443
2449,2615
2948,2587
3094,2375
2758,2025
2171,1645
1549,1412
1120,1433
1037,1704
1320,2100
1872,2445
2492,2626
2966,2593
3080,2372
2743,2023
2153,1653
1535,1431
1115,1468
1048,1744
1337,2137
1899,2478
2523,2643
2987,2598
3081,2379
2726,2026
2123,1655
1514,1441
1104,1493
1047,1774
1352,2174
1921,2506
2541,2663
2994,2611
3066,2387
2696,2041
2094,1686
1482,1471
1102,1523
1052,1813
1367,2210
1941,2545
2557,2691
2999,2629
3050,2401
2664,2046
2057,1691
1450,1496
1067,1556
1060,1850
1393,2236
1967,2546
2572,2681
3001,2617
3033,2382
2639,2024
2026,1665
1422,1469
1056,1537
1051,1839
1395,2224
1986,2543
2600,2662
3010,2586
3025,2332
2617,1971
1996,1616
1401,1434
1051,1516
1058,1833
1414,2232
2008,2536
2624,2651
3032,2566
3027,2308
2604,1933
1971,1585
1387,1417
1050,1507
1078,1825
1449,2218
2049,2525
2656,2634
3047,2542
3023,2279
2589,1901
1964,1550
1372,1397
1039,1504
1081,1829
1478,2223
2082,2521
2683,2626
3059,2529
3018,2263
2568,1891
1945,1552
1364,1407
1055,1531
1104,1872
1491,2265
2093,2553
2705,2646
3071,2543
3010,2275
2549,1910
1915,1568
1340,1434
1044,1562
1111,1897
1523,2299
2134,2588
2718,2672
3061,2557
2985,2281
2512,1911
1881,1584
1318,1460
1029,1600
1115,1943
1540,2337
2150,2610
2736,2685
3065,2561
2962,2284
2475,1913
1846,1591
1293,1481
1021,1632
1116,1976
1552,2361
2167,2624
2753,2689
3073,2560
2945,2274
2448,1900
1814,1578
1261,1462
1012,1616
1134,1973
1568,2355
2187,2610
2762,2669
3074,2530
2934,2229
2430,1854
1793,1536
1247,1437
1003,1600
1129,1953
1594,2329
2227,2584
2797,2641
3084,2500
2923,2193
2407,1812
1778,1498
1236,1410
1014,1588
1163,1950
1638,2335
2268,2583
2823,2623
3097,2469
2912,2160
2387,1780
1753,1475
1231,1399
1020,1588
1180,1959
1666,2341
2292,2584
2845,2620
3115,2459
2907,2146
2365,1765
1733,1476
1221,1414
1022,1614
1205,1988
1694,2367
2316,2603
2866,2630
3118,2466
2890,2154
2348,1773
1711,1485
1196,1435
1007,1657
1212,2035
1714,2397
2341,2629
2877,2643
3111,2483
2860,2172
2309,1797
1677,1522
1187,1482
1014,1702
1214,2082
1713,2456
2343,2668
2885,2667
3110,2491
2834,2174
2266,1800
1641,1535
1159,1499
1008,1727
1231,2102
1751,2466
2370,2668
2880,2664
3088,2475
2812,2150
2244,1772
1611,1511
1140,1484
1002,1719
1240,2103
1768,2458
2393,2655
2903,2645
3083,2451
2785,2112
2208,1738
1585,1484
1128,1474
1008,1719
1258,2097
1794,2450
2426,2638
2926,2616
3088,2414
2777,2073
2194,1696
1564,1438
1123,1439
1026,1697
1286,2086
1834,2430
2462,2625
2950,2590
3092,2382
2767,2030
2176,1658
1551,1415
1112,1433
1030,1697
1312,2089
1877,2432
2501,2613
2970,2585
3090,2372
2751,2026
2158,1656
1542,1428
1114,1461
1044,1735
1328,2128
1893,2465
2518,2632
2997,2587
3102,2373
2741,2026
2135,1657
1516,1440
1104,1478
1048,1766
1351,2164
1915,2500
2540,2659
2996,2606
3077,2381
2711,2031
2093,1675
1481,1472
1087,1525
1050,1815
1363,2207
1939,2536
2557,2684
3006,2624
3062,2396
2674,2048
2064,1695
1446,1498
1067,1548
1048,1857
1377,2238
1957,2557
2574,2691
3003,2624
3043,2384
2647,2026
2035,1670
1428,1477
1057,1540
1037,1843
1373,2234
1971,2551
2589,2674
3011,2598
3034,2350
2622,1983
2002,1628
1404,1439
1053,1526
1058,1831
1414,2222
1999,2540
2601,2658
3015,2575
3021,2324
2606,1947
1983,1592
1388,1419
1050,1512
1075,1827
1449,2222
2044,2523
2654,2637
3037,2547
3007,2284
2574,1912
1963,1562
1377,1391
1051,1497
1088,1820
1476,2221
2080,2517
2680,2628
3060,2531
3012,2263
2566,1892
1937,1544
1359,1391
1059,1516
1108,1854
1505,2249
2110,2543
2706,2639
3069,2534
3007,2265
2546,1895
1924,1563
1340,1427
1042,1559
1114,1888
1534,2283
2143,2568
2726,2663
3073,2557
2987,2280
2512,1910
1878,1584
1316,1458
1032,1596
1116,1933
1537,2327
2153,2600
2749,2673
3089,2562
2972,2288
2479,1919
1846,1600
1285,1482
1022,1630
1121,1975
1556,2356
2168,2621
2748,2688
3073,2555
2957,2269
2466,1900
1825,1586
1263,1471
1009,1631
1124,1978
1566,2362
2189,2616
2762,2671
3075,2534
2929,2236
2423,1859
1794,1542
1251,1444
1007,1617
1136,1967
1596,2346
2215,2599
2790,2648
3085,2504
2919,2202
2403,1818
1773,1508
1235,1417
1005,1597
1142,1958
1631,2339
2261,2584
2826,2629
3102,2471
2912,2160
2382,1778
1749,1469
1227,1398
1019,1589
1182,1956
1663,2338
2277,2582
2838,2621
3109,2462
2902,2144
2368,1758
1731,1468
1217,1408
1022,1613
1202,1986
1684,2364
2319,2597
2862,2624
3106,2460
2881,2148
2343,1774
1709,1485
1203,1433
1019,1645
1213,2029
1716,2395
2346,2620
2880,2640
3115,2472
2860,2151
2302,1781
1666,1514
1176,1475
1011,1694
1222,2075
1739,2440
2357,2654
2890,2667
3111,2492
2839,2173
2274,1798
1637,1534
1153,1503
996,1731
1233,2101
1755,2464
2380,2667
2894,2665
3093,2477
2809,2152
2244,1779
1612,1523
1138,1501
1002,1738
1238,2116
1770,2466
2397,2653
2918,2643
3089,2450
2789,2117
2211,1744
1586,1487
1126,1476
1008,1727
1257,2108
1797,2459
2421,2642
2927,2623
3090,2416
2792,2074
2204,1700
1568,1450
1123,1448
1019,1710
1283,2093
1833,2442
2460,2625
2951,2600
3092,2386
2763,2034
2179,1654
1564,1415
1130,1438
1038,1701
1311,2095
1866,2439
2493,2614
2974,2580
3088,2366
2747,2015
2151,1643
1537,1415
1117,1447
1057,1727
1346,2127
1898,2464
2519,2633
2988,2592
3085,2371
2732,2012
2128,1648
1510,1430
1106,1473
1053,1762
1357,2157
1926,2491
2543,2657
2995,2609
3065,2372
2703,2026
2098,1668
1478,1462
1084,1514
1050,1804
1368,2216
1951,2529
2561,2677
2993,2622
3037,2396
2668,2048
2064,1687
1452,1489
1068,1548
1047,1846
1379,2238
1963,2555
2581,2691
3007,2621
3038,2386
2635,2030
2017,1681
1421,1488
1054,1557
1049,1854
1394,2244
1977,2548
2594,2678
3015,2598
3029,2351
2613,1988
1995,1633
1393,1455
1040,1541
1049,1846
1414,2236
2004,2543
2619,2660
3023,2580
3020,2318
2603,1954
1982,1596
1384,1419
1044,1511
1066,1828
1435,2226
2047,2530
2662,2640
3050,2549
3026,2286
2582,1915
1958,1562
1373,1397
1050,1502
1085,1829
1473,2221
2071,2520
2676,2624
3065,2519
3030,2251
2580,1885
1941,1542
1359,1395
1049,1519
1108,1852
1505,2252
2106,2541
2703,2640
3067,2534
3010,2261
2549,1880
1932,1545
1360,1413
1051,1549
1113,1889
1521,2281
2132,2566
2723,2656
3076,2543
2989,2271
2517,1899
1883,1572
1324,1443
1044,1585
1131,1937
1545,2329
2154,2603
2737,2679
3073,2562
2974,2285
2488,1912
1847,1587
1287,1477
1028,1624
1133,1972
1559,2355
2176,2627
2749,2696
3066,2560
2945,2276
2449,1906
1819,1593
1281,1484
1012,1635
1125,1986
1575,2365
2193,2620
2767,2676
3077,2537
2919,2249
2416,1863
1786,1551
1246,1452
1006,1617
1138,1975
1595,2358
2214,2609
2784,2655
3089,2514
2924,2208
2405,1829
1762,1523
1231,1435
1014,1603
1159,1966
1633,2344
2256,2593
2820,2632
3102,2481
2911,2168
2378,1756
1741,1479
1211,1406
1027,1601
1181,1967
1667,2339
2291,2582
2838,2615
3108,2449
2900,2141
2363,1756
1730,1462
1210,1405
1015,1612
1198,1983
1705,2363
2327,2597
2870,2621
3118,2459
2885,2139
2338,1759
1706,1478
1209,1429
1019,1642
1208,2017
1714,2389
2341,2618
2885,2639
3138,2463
2878,2148
2311,1768
1676,1500
1171,1463
1010,1684
1223,2065
1735,2434
2381,2647
2888,2658
3112,2483
2844,2166
2288,1790
1656,1523
1161,1481
1007,1722
1235,2108
1751,2466
2383,2669
2899,2667
3098,2481
2814,2155
2242,1781
1619,1516
1146,1496
1019,1735
1252,2120
1771,2469
2397,2664
2910,2652
3091,2455
2791,2121
2213,1748
1582,1490
1124,1481
1005,1724
1261,2094
1797,2467
2429,2651
2917,2627
3083,2427
2773,2088
2194,1710
1568,1463
1119,1467
1017,1714
1283,2100
1827,2451
2460,2628
2951,2608
3088,2401
2758,2048
2181,1671
1556,1425
1117,1443
1036,1708
1317,2096
1851,2440
2490,2616
2973,2580
3080,2362
2753,2017
2153,1651
1523,1420
1103,1447
1044,1725
1333,2121
1897,2465
2518,2627
2986,2589
3089,2367
2736,2014
2134,1650
1524,1428
1105,1474
1039,1758
1333,2149
1916,2488
2541,2644
2996,2599
3082,2372
2704,2024
2102,1659
1489,1450
1084,1502
1045,1801
1369,2191
1947,2524
2564,2662
3006,2614
3057,2387
2671,2033
2062,1684
1453,1485
1073,1545
1049,1840
1378,2234
1955,2556
2574,2692
3017,2623
3050,2390
2645,2026
2025,1674
1421,1485
1058,1557
1049,1855
1394,2248
1980,2557
2590,2681
3010,2605
3030,2361
2622,1994
2013,1639
1402,1451
1044,1534
1059,1847
1411,2236
2005,2543
2615,2666
3020,2580
3023,2326
2596,1958
1980,1611
1391,1432
1064,1519
1080,1832
1442,2223
2041,2537
2648,2646
3043,2556
3020,2294
2584,1923
1958,1569
1368,1401
1047,1507
1091,1835
1485,2226
2090,2526
2681,2631
3061,2534
3015,2263
2568,1887
1941,1546
1340,1398
1047,1519
1102,1849
1498,2245
2112,2537
2716,2634
3079,2534
3004,2260
2551,1881
1911,1545
1345,1409
1048,1541
1109,1882
1533,2274
2129,2563
2727,2650
3081,2531
2997,2267
2517,1902
1887,1572
1305,1465
1037,1578
1117,1920
1538,2315
2150,2594
2738,2674
3079,2553
2976,2278
2492,1904
1859,1590
1291,1477
1011,1625
1100,1973
1546,2353
2169,2621
2750,2687
3076,2560
2953,2274
2455,1902
1823,1586
1271,1474
1014,1633
1124,1991
1565,2370
2177,2622
2751,2679
3074,2540
2935,2243
2425,1869
1791,1553
1246,1456
1009,1624
1134,1979
1593,2361
2210,2613
2771,2665
3064,2516
2909,2209
2404,1834
1767,1529
1237,1434
1006,1616
1158,1972
1624,2350
2249,2594
2815,2636
3092,2486
2921,2178
2395,1794
1750,1484
1227,1408
1007,1599
1177,1964
1650,2339
2285,2581
2838,2619
3102,2452
2895,2145
2373,1761
1737,1467
1238,1410
1031,1600
1198,1976
1686,2359
2319,2595
2860,2621
3115,2459
2888,2141
2345,1758
1711,1476
1207,1426
1029,1640
1228,2012
1733,2383
2344,2608
2877,2631
3118,2459
2867,2144
2313,1766
1683,1494
1187,1453
1015,1671
1222,2056
1743,2422
2369,2639
2900,2646
3120,2471
2843,2156
2269,1787
1649,1523
1162,1489
1011,1717
1231,2098
1749,2457
2380,2663
2900,2661
3107,2476
2820,2157
2242,1787
1609,1520
1148,1502
1005,1738
1242,2118
1769,2474
2392,2669
2889,2654
3092,2458
2798,2125
2223,1749
1592,1498
1114,1491
992,1729
1248,2113
1793,2464
2418,2651
2920,2632
3084,2436
2786,2092
2199,1714
1573,1464
1120,1469
1012,1722
1268,2113
1809,2458
2443,2633
2944,2611
3093,2402
2767,2052
2183,1682
1557,1434
1115,1448
1030,1712
1305,2100
1864,2449
2485,2627
2955,2593
3076,2369
2750,2020
2160,1647
1540,1415
1113,1450
1042,1720
1325,2117
1891,2459
2514,2625
2983,2589
3086,2369
2730,2013
2131,1642
1529,1419
1110,1464
1051,1747
1349,2146
1914,2482
2538,2641
2999,2594
3084,2372
2708,2023
2108,1658
1486,1443
1096,1489
1054,1780
1363,2185
1938,2516
2551,2668
3007,2613
3063,2383
2680,2029
2056,1675
1457,1478
1073,1538
1061,1829
1391,2222
1957,2537
2572,2681
3001,2618
3045,2384
2653,2028
2039,1674
1430,1484
1063,1554
1050,1855
1390,2244
1982,2557
2607,2681
3015,2603
3027,2361
2621,2002
2000,1647
1406,1462
1050,1541
1056,1848
1415,2237
1996,2548
2612,2670
3021,2589
3028,2335
2604,1966
1981,1608
1384,1439
1048,1533
1065,1838
1436,2234
2031,2536
2646,2649
3040,2563
3023,2301
2589,1927
1970,1575
1374,1411
1046,1512
1085,1836
1468,2229
2068,2527
2672,2630
3054,2536
3011,2262
2569,1891
1944,1545
1366,1398
1054,1538
1099,1857
1481,2251
2091,2539
2699,2635
3068,2532
3002,2261
2553,1884
1919,1553
1342,1409
1052,1540
1116,1880
1524,2277
2128,2563
2708,2651
3058,2540
2986,2259
2526,1891
1895,1562
1322,1437
1037,1572
1115,1911
1540,2305
2154,2592
2735,2669
3074,2555
2970,2278
2474,1901
1856,1581
1300,1461
1029,1612
1119,1959
1557,2343
2168,2612
2748,2681
3075,2554
2938,2274
2460,1906
1819,1593
1264,1474
1016,1631
1133,1982
1571,2364
2185,2621
2760,2677
3071,2541
2932,2249
2431,1872
1793,1561
1246,1457
1000,1619
1123,1974
1593,2352
2214,2611
2783,2663
3081,2520
2919,2218
2408,1844
1771,1528
1236,1437
1005,1614
1146,1971
1625,2350
2263,2596
2821,2635
3094,2489
2913,2184
2391,1799
1755,1496
1224,1417
1014,1605
1172,1970
1652,2347
2279,2592
2840,2625
3116,2464
2914,2146
2368,1761
1732,1471
1215,1410
1022,1606
1206,1981
1684,2359
2310,2594
2860,2624
3118,2461
2900,2146
2358,1765
1715,1475
1200,1423
1019,1636
1196,2008
1716,2384
2346,2610
2876,2629
3115,2462
2874,2139
2322,1767
1691,1491
1193,1447
1015,1664
1214,2045
1726,2418
2357,2638
2887,2647
3113,2475
2848,2156
2285,1782
1654,1514
1169,1484
1018,1711
1235,2089
1748,2449
2361,2665
2878,2660
3095,2479
2819,2152
2253,1781
1623,1518
1146,1499
1007,1729
1244,2113
1769,2464
2396,2666
2903,2654
3081,2463
2782,2126
2215,1753
1592,1496
1134,1482
1008,1727
1251,2109
1785,2462
2414,2649
2914,2633
3084,2436
2775,2097
2192,1724
1560,1475
1113,1469
1011,1720
1275,2106
1821,2454
2445,2639
2938,2616
3090,2404
2765,2058
2179,1683
1555,1442
1112,1454
1031,1707
1297,2099
1861,2446
2482,2621
2961,2590
3088,2374
2750,2022
2158,1649
1537,1423
1115,1448
1047,1719
1328,2118
1884,2456
2516,2621
2991,2583
3103,2369
2738,2018
2141,1651
1521,1433
1102,1469
1053,1751
1347,2143
1913,2481
2533,2640
2997,2588
3082,2365
2728,2010
2124,1653
1497,1450
1093,1496
1052,1786
1369,2183
1938,2511
2560,2661
3009,2609
3069,2376
2683,2032
2078,1667
1455,1469
1088,1532
1050,1829
1378,2223
1955,2542
2576,2681
3006,2616
3045,2382
2657,2027
2044,1676
1440,1480
1064,1546
1041,1846
1388,2237
1975,2561
2592,2681
3011,2608
3032,2363
2625,2002
2006,1647
1406,1464
1051,1540
1062,1843
1407,2237
1982,2543
2594,2671
3014,2590
3023,2335
2605,1968
1983,1615
1389,1440
1045,1529
1062,1840
1430,2231
2027,2538
2632,2651
3027,2561
3005,2305
2582,1939
1969,1586
1380,1414
1052,1518
1083,1837
1462,2233
2065,2530
2667,2634
3052,2540
3014,2273
2567,1900
1933,1553
1347,1399
1050,1518
1098,1846
1492,2244
2100,2538
2696,2638
3063,2533
3011,2261
2555,1889
1927,1556
1350,1415
1044,1539
1110,1872
1518,2268
2126,2556
2721,2648
3076,2537
2997,2257
2522,1890
1900,1560
1324,1432
1038,1566
1120,1915
1533,2302
2147,2580
2742,2657
3083,2549
2983,2271
2495,1902
1859,1581
1302,1463
1030,1608
1121,1956
1554,2345
2164,2613
2743,2679
3078,2549
2964,2264
2473,1898
1833,1583
1272,1473
1014,1632
1126,1974
1571,2356
2187,2618
2760,2679
3071,2544
2930,2253
2434,1873
1804,1559
1269,1458
1020,1626
1129,1977
1585,2354
2206,2609
2777,2663
3085,2522
2919,2221
2405,1847
1763,1532
1235,1437
1012,1608
1159,1973
1624,2355
2241,2597
2805,2641
3092,2492
2909,2181
2387,1802
1753,1496
1228,1421
1017,1607
1180,1970
1648,2349
2262,2591
2829,2631
3098,2471
2903,2155
2368,1770
1734,1473
1214,1404
1016,1608
1196,1980
1690,2353
2316,2593
2853,2622
3100,2461
2883,2154
2348,1771
1714,1480
1209,1447
1018,1633
1210,2012
1716,2384
2341,2608
2878,2657
3117,2463
2876,2142
2312,1770
1669,1499
1185,1450
1014,1668
1223,2046
1733,2415
2361,2632
2891,2646
3119,2470
2850,2155
2288,1780
1651,1512
1161,1483
1000,1715
1226,2102
1750,2455
2378,2658
2898,2658
3105,2474
2828,2149
2258,1778
1622,1518
1145,1498
1004,1733
1231,2115
1754,2469
2391,2659
2913,2654
3093,2463
2803,2131
2221,1755
1592,1499
1131,1483
994,1726
1240,2112
1779,2464
2403,2652
2906,2630
3097,2429
2793,2098
2205,1723
1577,1471
1122,1471
1009,1718
1270,2107
1814,2455
2439,2635
2930,2614
3079,2405
2767,2057
2188,1676
1575,1435
1134,1452
1028,1715
1296,2106
1848,2451
2474,2629
2962,2596
3088,2378
2751,2031
2159,1654
1541,1418
1111,1439
1053,1714
1337,2114
1888,2459
2508,2625
2976,2591
3086,2370
2743,2023
2144,1652
1528,1428
1110,1469
1044,1747
1354,2128
1920,2475
2545,2642
2993,2593
3076,2378
2720,2020
2115,1654
1503,1442
1099,1502
1053,1781
1363,2176
1942,2507
2555,2660
2988,2608
3053,2383
2685,2032
2077,1671
1467,1470
1083,1527
1056,1821
1380,2219
1960,2542
2576,2682
3010,2617
3051,2381
2647,2032
2023,1683
1432,1485
1067,1555
1051,1849
1393,2239
1979,2559
2588,2683
3011,2608
3038,2367
2630,2010
2009,1652
1402,1465
1033,1546
1041,1857
1379,2239
1997,2546
2606,2666
3016,2588
3015,2334
2609,1974
1986,1616
1388,1440
1043,1529
1053,1840
1422,2238
2019,2543
2633,2657
3034,2538
3021,2306
2589,1929
1969,1578
1376,1412
1048,1514
1075,1835
1457,2228
2061,2538
2667,2638
3054,2536
3025,2272
2577,1901
1947,1555
1365,1401
1047,1514
1097,1830
1488,2241
2093,2535
2689,2634
3061,2535
3007,2264
2560,1883
1946,1551
1368,1412
1050,1542
1108,1853
1511,2266
2121,2556
2718,2649
3077,2539
3000,2262
2533,1887
1905,1558
1332,1424
1053,1565
1131,1906
1535,2300
2144,2582
2742,2664
3076,2550
2982,2269
2500,1902
1866,1578
1304,1459
1029,1602
1122,1948
1557,2336
2167,2604
2756,2680
3077,2566
2961,2273
2469,1909
1836,1585
1278,1473
1017,1628
1118,1970
1563,2357
2183,2621
2759,2677
3076,2552
2939,2264
2433,1880
1804,1567
1256,1461
1009,1622
1129,1975
1583,2362
2201,2611
2772,2661
3077,2519
2927,2220
2416,1849
1771,1535
1223,1441
1012,1613
1142,1967
1608,2352
2236,2599
2798,2646
3089,2494
2909,2189
2388,1803
1756,1500
1210,1420
1002,1613
1172,1968
1645,2347
2273,2591
2830,2628
3101,2474
2897,2159
2370,1767
1734,1474
1219,1405
1013,1604
1176,1978
1680,2355
2307,2596
2855,2624
3115,2459
2893,2144
2351,1764
1718,1477
1202,1423
1021,1633
1211,2007
1708,2380
2327,2610
2872,2634
3128,2463
2879,2145
2333,1765
1690,1491
1190,1441
1015,1664
1220,2042
1733,2411
2356,2632
2884,2645
3112,2470
2853,2153
2298,1782
1666,1506
1170,1474
1007,1703
1229,2083
1745,2448
2374,2657
2898,2658
3106,2480
2824,2153
2258,1782
1628,1513
1157,1491
1005,1727
1242,2112
1763,2471
2389,2666
2907,2656
3097,2469
2799,2134
2227,1764
1590,1506
1128,1489
1002,1727
1252,2107
1796,2466
2420,2651
2914,2637
3084,2437
2783,2084
2201,1722
1577,1474
1116,1469
1007,1724
1265,2106
1808,2453
2443,2637
2947,2616
3089,2418
2770,2061
2183,1686
1556,1441
1117,1452
1025,1714
1291,2103
1846,2458
2474,2634
2960,2594
3097,2380
2761,2031
2171,1653
1541,1420
1112,1445
1043,1715
1322,2112
1881,2452
2502,2624
2974,2587
3091,2364
2744,2011
2140,1650
1532,1425
1108,1475
1042,1759
1336,2140
1914,2479
2529,2638
2991,2592
3094,2370
2725,2020
2118,1652
1505,1443
1104,1488
1056,1781
1362,2178
1923,2512
2555,2665
3005,2594
3063,2377
2689,2026
2082,1667
1473,1462
1086,1523
1051,1816
1367,2213
1950,2544
2563,2688
3004,2626
3051,2388
2663,2027
2048,1675
1439,1482
1066,1548
1054,1850
1390,2238
1970,2557
2583,2686
3006,2613
3029,2377
2630,2013
2031,1657
1417,1471
1056,1547
1051,1851
1401,2241
1993,2541
2605,2667
3011,2590
3018,2341
2609,1978
1979,1634
1399,1448
1056,1529
1064,1839
1412,2228
2018,2538
2627,2656
3028,2567
3016,2308
2586,1936
1962,1585
1375,1415
1051,1516
1081,1836
1486,2231
2072,2527
2661,2636
3049,2542
3014,2274
2574,1899
1947,1552
1362,1393
1048,1514
1086,1841
1491,2234
2093,2525
2700,2629
3077,2533
3011,2260
2558,1884
1925,1549
1348,1412
1049,1535
1111,1872
1512,2267
2120,2554
2710,2651
3079,2533
3013,2266
2543,1896
1912,1558
1332,1429
1045,1569
1112,1906
1534,2299
2146,2578
2742,2662
3078,2543
2987,2270
2509,1895
1878,1578
1312,1459
1025,1609
1113,1949
1547,2337
2163,2608
2750,2681
3079,2556
2961,2275
2474,1907
1840,1586
1285,1476
1024,1633
1128,1983
1555,2368
2167,2625
2756,2682
3076,2548
2941,2261
2444,1890
1805,1576
1261,1470
1007,1627
1130,1980
1582,2359
2201,2610
2769,2673
3063,2529
2915,2229
2418,1856
1782,1536
1241,1443
1004,1616
1137,1973
1604,2354
2227,2606
2790,2650
3080,2498
2909,2200
2395,1814
1762,1502
1230,1421
1010,1601
1162,1967
1641,2347
2261,2592
2825,2630
3098,2473
2903,2159
2373,1777
1740,1477
1228,1404
1022,1599
1177,1971
1670,2349
2297,2589
2847,2621
3119,2457
2895,2140
2354,1759
1721,1473
1220,1422
1025,1628
1216,2003
1716,2374
2310,2599
2870,2630
3114,2462
2884,2145
2334,1768
1702,1484
1209,1439
1020,1658
1216,2035
1729,2408
2363,2628
2896,2637
3117,2460
2855,2148
2299,1757
1670,1502
1179,1474
1013,1697
1225,2079
1744,2444
2364,2659
2892,2662
3117,2478
2849,2156
2273,1793
1637,1524
1157,1500
1009,1731
1241,2102
1764,2466
2385,2667
2900,2657
3093,2472
2809,2135
2238,1766
1611,1511
1147,1502
1007,1732
1242,2117
1781,2465
2409,2655
2912,2637
3088,2443
2781,2104
2202,1727
1579,1479
1124,1472
1011,1727
1270,2108
1794,2460
2428,2643
2927,2617
3086,2412
2770,2070
2184,1690
1560,1443
1114,1449
1024,1707
1290,2094
1842,2447
2466,2633
2942,2601
3079,2386
2756,2033
2164,1658
1548,1419
1113,1443
1034,1713
1317,2102
1877,2447
2500,2620
2980,2583
3086,2369
2733,2020
2132,1646
1525,1422
1110,1461
1046,1739
1340,2131
1903,2473
2530,2633
2994,2592
3087,2368
2729,2015
2127,1653
1502,1439
1090,1483
1047,1770
1357,2166
1930,2495
2550,2655
3002,2605
3070,2376
2696,2025
2086,1668
1471,1465
1079,1525
1053,1821
1381,2207
1949,2533
2566,2678
3006,2619
3058,2387
2667,2036
2053,1679
1442,1486
1064,1550
1046,1848
1379,2240
1974,2556
2594,2685
3013,2609
3038,2375
2636,2020
2020,1664
1417,1480
1058,1551
1051,1859
1392,2245
1985,2554
2599,2678
3021,2595
3041,2339
2622,1972
1993,1620
1392,1447
1043,1531
1057,1844
1420,2232
2007,2541
2618,2659
3022,2572
3019,2317
2599,1944
1988,1588
1394,1411
1050,1508
1072,1813
1446,2228
2047,2528
2656,2640
3042,2549
3018,2281
2582,1902
1951,1550
1375,1392
1058,1507
1097,1841
1477,2231
2084,2526
2678,2629
3059,2527
3011,2259
2561,1886
1936,1545
1358,1400
1052,1523
1114,1862
1518,2257
2112,2555
2701,2647
3065,2533
3004,2260
2545,1887
1914,1555
1343,1423
1046,1557
1117,1897
1532,2293
2144,2574
2730,2660
3069,2547
2979,2278
2495,1900
1872,1574
1311,1451
1038,1592
1126,1943
1548,2329
2158,2604
2744,2684
3080,2560
2968,2280
2480,1916
1835,1597
1268,1478
1013,1627
1124,1974
1561,2358
2180,2623
2754,2685
3074,2554
2946,2266
2450,1893
1812,1579
1262,1474
1013,1638
1115,1987
1570,2359
2192,2615
2767,2671
3078,2528
2926,2233
2421,1857
1786,1545
1244,1449
1002,1620
1137,1983
1592,2356
2213,2603
2783,2647
3083,2507
2915,2203
2395,1818
1764,1505
1231,1422
1006,1602
1155,1966
1628,2345
2255,2591
2824,2629
3116,2476
2921,2163
2382,1774
1745,1476
1222,1403
1012,1595
1177,1964
1666,2344
2290,2585
2841,2616
3109,2457
2902,2143
2373,1756
1741,1459
1219,1402
1019,1616
1198,1991
1694,2371
2324,2600
2868,2628
3117,2460
2888,2144
2346,1763
1717,1482
1209,1432
1032,1644
1221,2021
1717,2397
2344,2624
2874,2640
3120,2466
2865,2150
2309,1776
1676,1504
1183,1470
1016,1689
1230,2069
1739,2436
2361,2649
2888,2661
3110,2483
2840,2167
2279,1787
1643,1523
1159,1498
1006,1725
1234,2107
1755,2462
2384,2669
2903,2668
3096,2483
2804,2152
2243,1775
1612,1518
1142,1499
1007,1733
1242,2116
1771,2467
2395,2657
2907,2643
3092,2446
2791,2114
2213,1747
1574,1487
1116,1474
1007,1721
1256,2105
1793,2457
2417,2641
2921,2624
3084,2423
2776,2081
2200,1701
1569,1455
1118,1461
1009,1708
1265,2097
1825,2444
2457,2624
2949,2598
3090,2389
2763,2038
2173,1664
1556,1421
1120,1439
1034,1703
1308,2103
1857,2444
2478,2616
2964,2581
3088,2366
2750,2016
2157,1644
1536,1420
1119,1449
1045,1726
1332,2123
1892,2464
2514,2631
2979,2593
3080,2367
2735,2014
2136,1649
1519,1436
1112,1482
1054,1763
1365,2156
1921,2492
2539,2652
2995,2602
3076,2376
2717,2029
2113,1663
1487,1453
1087,1512
1052,1805
1369,2198
1947,2530
2562,2674
3001,2617
3061,2388
2670,2038
2061,1683
1460,1486
1089,1548
1058,1837
1380,2229
1961,2555
2577,2689
3007,2622
3043,2385
2646,2030
2031,1678
1424,1486
1056,1560
1052,1859
1402,2243
1986,2545
2594,2671
3011,2598
3030,2356
2622,1994
2002,1638
1403,1456
1046,1535
1051,1842
1411,2234
2008,2540
2617,2657
3021,2570
3017,2322
2602,1953
1983,1598
1390,1426
1046,1517
1066,1831
1435,2226
2038,2528
2666,2642
3047,2552
3032,2288
2593,1913
1956,1568
1371,1398
1049,1507
1084,1826
1467,2227
2069,2521
2673,2628
3060,2531
3019,2260
2576,1886
1948,1546
1366,1402
1038,1525
1084,1855
1490,2246
2101,2539
2701,2637
3066,2532
3011,2261
2554,1887
1929,1552
1349,1417
1053,1551
1111,1888
1514,2287
2112,2568
2707,2653
3076,2543
2997,2269
2526,1897
1894,1564
1323,1447
1039,1582
1124,1927
1537,2320
2145,2599
2729,2679
3061,2558
2964,2280
2499,1913
1863,1592
1297,1473
1024,1624
1118,1969
1552,2352
2166,2617
2747,2687
3067,2559
2947,2274
2452,1904
1817,1584
1274,1478
1017,1633
1126,1982
1567,2362
2183,2621
2759,2679
3074,2541
2932,2247
2425,1870
1795,1555
1244,1451
1010,1612
1145,1963
1598,2354
2208,2607
2777,2653
3071,2514
2915,2210
2400,1829
1767,1520
1238,1431
1016,1605
1166,1959
1636,2336
2250,2582
2809,2630
3093,2483
2914,2172
2391,1789
1753,1486
1224,1405
1016,1595
1175,1962
1664,2338
2288,2581
2852,2615
3111,2455
2900,2143
2367,1764
1735,1467
1218,1407
1019,1612
1197,1979
1687,2356
2312,2594
2864,2624
3118,2460
2891,2142
2354,1761
1708,1482
1205,1430
1020,1638
1214,2013
1713,2387
2340,2612
2877,2633
3120,2466
2877,2151
2323,1778
1687,1498
1179,1456
1001,1682
1215,2062
1734,2431
2359,2646
2891,2654
3117,2482
2848,2165
2288,1795
1652,1523
1165,1498
1006,1727
1223,2110
1731,2466
2365,2666
2897,2664
3104,2480
2822,2159
2252,1787
1619,1528
1147,1507
1009,1735
1238,2118
1764,2469
2394,2670
2896,2654
3073,2460
2793,2122
2219,1751
1591,1491
1126,1477
1002,1725
1249,2112
1786,2458
2415,2651
2916,2635
3082,2436
2773,2092
2192,1709
1568,1466
1120,1462
1016,1713
1273,2095
1818,2445
2446,2631
2945,2605
3092,2397
2770,2051
2177,1672
1553,1434
1116,1437
1031,1700
1304,2098
1854,2441
2479,2616
2963,2583
3089,2366
2756,2018
2164,1643
1539,1413
1112,1444
1036,1720
1327,2110
1891,2452
2518,2626
2982,2590
3088,2373
2740,2021
2142,1651
1524,1433
1112,1470
1054,1752
1346,2148
1914,2478
2533,2640
2998,2591
3095,2368
2711,2023
2105,1664
1492,1455
1098,1498
1052,1793
1364,2186
1942,2517
2561,2666
3011,2613
3069,2382
2684,2030
2070,1675
1460,1487
1075,1543
1051,1837
1377,2229
1954,2551
2570,2688
3007,2622
3047,2391
2657,2037
2042,1682
1427,1492
1053,1559
1051,1862
1387,2247
1976,2558
2586,2683
3006,2606
3028,2362
2622,2001
2006,1647
1411,1463
1050,1537
1050,1839
1391,2236
1987,2548
2606,2667
3017,2583
3024,2328
2604,1962
1984,1610
1382,1432
1044,1520
1066,1835
1436,2224
2024,2531
2627,2647
3018,2561
3019,2304
2592,1927
1969,1572
1381,1408
1049,1510
1082,1832
1467,2224
2067,2525
2669,2631
3050,2537
3004,2268
2558,1890
1939,1543
1364,1395
1051,1513
1098,1845
1493,2239
2097,2530
2697,2634
3068,2529
3007,2259
2552,1887
1923,1552
1338,1414
1037,1537
1111,1874
1511,2270
2126,2558
2720,2651
3074,2539
2997,2269
2531,1899
1897,1570
1326,1433
1032,1574
1108,1918
1522,2305
2150,2588
2732,2671
3079,2556
2975,2279
2497,1908
1867,1586
1302,1468
1029,1617
1115,1962
1538,2348
2156,2615
2743,2678
3087,2555
2970,2279
2468,1907
1830,1592
1273,1479
1015,1634
1124,1984
1564,2368
2176,2626
2752,2683
3074,2543
2940,2249
2449,1876
1818,1560
1255,1460
1007,1623
1128,1977
1582,2356
2201,2608
2771,2659
3074,2518
2923,2219
2418,1836
1781,1526
1236,1429
1006,1607
1146,1964
1617,2344
2239,2592
2800,2637
3090,2488
2915,2179
2394,1798
1760,1490
1237,1410
1020,1595
1164,1960
1647,2334
2273,2586
2832,2621
3106,2464
2904,2151
2368,1765
1738,1466
1222,1403
1025,1602
1200,1974
1685,2352
2298,2590
2840,2624
3107,2461
2897,2146
2355,1763
1719,1475
1210,1417
1022,1629
1214,2006
1714,2380
2336,2608
2876,2631
3110,2467
2859,2152
2317,1779
1689,1504
1193,1457
1017,1672
1220,2048
1729,2424
2356,2637
2888,2653
3117,2481
2853,2162
2283,1789
1645,1528
1156,1491
1010,1718
1230,2096
1747,2457
2373,2663
2894,2658
3103,2481
2824,2156
2255,1788
1623,1526
1145,1502
999,1734
1230,2115
1769,2470
2393,2667
2904,2657
3088,2467
2800,2133
2226,1759
1597,1500
1128,1490
1002,1734
1244,2116
1779,2464
2410,2646
2924,2633
3092,2437
2782,2102
2201,1724
1572,1469
1119,1466
1010,1712
1270,2099
1814,2451
2442,2633
2934,2605
3093,2395
2776,2046
2194,1677
1571,1436
1119,1448
1024,1711
1297,2100
1855,2443
2479,2618
2961,2589
3086,2374
2754,2023
2169,1643
1550,1412
1132,1446
1050,1716
1322,2112
1878,2455
2509,2626
2982,2585
3088,2367
2742,2014
2145,1646
1526,1424
1112,1459
1052,1737
1350,2129
1918,2475
2532,2638
2995,2590
3084,2370
2724,2018
2112,1656
1501,1446
1101,1493
1058,1782
1366,2176
1931,2508
2541,2661
2996,2614
3064,2382
2690,2035
2082,1677
1467,1477
1079,1537
1049,1831
1378,2223
1953,2545
2569,2683
2998,2619
3033,2386
2651,2039
2046,1684
1441,1485
1069,1554
1050,1854
1385,2244
1971,2558
2588,2686
3013,2614
3031,2368
2612,2008
2001,1655
1396,1475
1050,1554
1052,1848
1407,2241
1990,2548
2602,2674
3017,2591
3022,2338
2608,1972
1992,1616
1393,1442
1041,1532
1051,1844
1421,2239
2022,2536
2634,2651
3030,2562
3019,2306
2598,1936
1969,1581
1381,1410
1047,1515
1079,1833
1454,2234
2056,2529
2664,2630
3049,2544
3011,2278
2572,1901
1944,1555
1361,1403
1049,1519
1095,1848
1480,2243
2083,2539
2685,2640
3053,2533
3014,2259
2562,1886
1922,1552
1344,1414
1047,1540
1103,1879
1509,2272
2115,2563
2705,2651
3065,2543
2988,2268
2520,1893
1897,1561
1341,1431
1045,1570
1111,1913
1529,2301
2133,2586
2730,2667
3071,2548
2976,2269
2494,1897
1860,1572
1295,1449
1028,1593
1131,1938
1568,2327
2170,2600
2747,2671
3073,2551
2963,2265
2472,1895
1836,1576
1279,1463
1017,1615
1126,1966
1576,2348
2195,2612
2775,2675
3089,2539
2949,2250
2435,1877
1811,1561
1260,1461
1016,1623
1132,1979
1585,2360
2209,2615
2781,2661
3090,2524
2943,2222
2432,1847
1788,1536
1244,1443
1013,1621
1147,1980
1611,2357
2239,2602
2803,2648
3097,2500
2920,2193
2394,1813
1747,1519
1227,1441
1015,1617
1167,1981
1645,2362
2267,2605
2829,2640
3107,2487
2910,2174
2377,1789
1740,1491
1212,1423
1000,1620
1174,1996
1672,2367
2292,2596
2846,2631
3108,2471
2893,2153
2356,1778
1721,1487
1211,1424
1015,1631
1196,2006
1684,2386
2302,2612
2860,2638
3112,2458
2878,2143
2327,1769
1694,1483
1193,1436
1015,1659
1214,2036
1717,2402
2341,2629
2871,2638
3105,2467
2861,2141
2296,1765
1668,1490
1168,1457
1009,1690
1225,2066
1740,2432
2365,2641
2891,2644
3107,2460
2829,2138
2273,1755
1647,1489
1170,1476
1012,1710
1239,2088
1765,2448
2390,2646
2909,2646
3102,2458
2808,2125
2240,1755
1610,1495
1143,1476
1020,1713
1271,2098
1790,2456
2412,2647
2919,2635
3092,2440
2792,2105
2214,1729
1588,1479
1130,1475
1018,1723
1269,2105
1820,2456
2455,2645
2947,2626
3093,2421
2771,2080
2189,1704
1567,1463
1123,1471
1028,1733
1294,2123
1847,2469
2475,2640
2963,2610
3100,2396
2767,2055
2167,1674
1533,1443
1112,1466
1035,1734
1316,2124
1873,2467
2494,2633
2969,2596
3089,2378
2743,2028
2150,1660
1521,1444
1105,1474
1037,1754
1334,2145
1900,2481
2522,2640
2985,2598
3077,2374
2720,2021
2121,1655
1492,1445
1078,1494
1033,1784
1355,2176
1931,2498
2547,2650
2996,2599
3061,2369
2690,2015
2086,1652
1474,1444
1082,1496
1044,1796
1354,2193
1936,2522
2569,2666
3009,2609
3056,2365
2669,2005
2054,1653
1446,1455
1072,1520
1054,1821
1388,2214
1968,2538
2550,2673
3009,2605
3045,2362
2646,2002
2028,1642
1424,1460
1056,1540
1058,1843
1407,2232
1996,2543
2607,2664
3018,2586
3027,2336
2615,1975
2002,1623
1402,1450
1051,1534
1066,1847
1423,2242
2018,2545
2626,2660
3033,2571
3027,2316
2600,1949
1975,1600
1385,1433
1055,1533
1082,1848
1460,2242
2052,2547
2654,2661
3047,2561
3023,2299
2583,1927
1952,1581
1363,1424
1042,1535
1088,1861
1483,2250
2097,2547
2692,2649
3052,2547
3004,2285
2558,1902
1929,1565
1354,1414
1044,1538
1098,1875
1501,2270
2107,2558
2705,2645
3076,2528
3006,2264
2533,1889
1906,1565
1330,1425
1038,1563
1112,1903
1526,2293
2132,2573
2723,2652
3067,2536
2977,2254
2508,1885
1883,1560
1315,1439
1032,1584
1115,1933
1542,2322
2160,2593
2730,2667
3074,2543
2961,2256
2477,1883
1845,1562
1295,1448
1034,1604
1132,1959
1566,2337
2183,2603
2760,2669
3082,2537
2947,2245
2448,1867
1816,1550
1269,1447
1024,1613
1146,1964
1597,2355
2201,2614
2768,2669
3080,2521
2932,2226
2423,1847
1786,1535
1244,1447
1018,1617
1154,1981
1614,2364
2228,2611
2789,2661
3083,2518
2920,2212
2399,1825
1760,1519
1229,1440
1011,1624
1168,1987
1647,2364
2272,2607
2825,2643
3097,2489
2893,2180
2363,1802
1739,1503
1213,1426
1012,1621
1184,1991
1669,2366
2295,2600
2846,2631
3104,2472
2886,2157
2348,1781
1712,1494
1204,1441
1017,1646
1198,2011
1695,2388
2334,2612
2863,2637
3108,2466
2877,2149
2329,1769
1689,1489
1187,1441
1006,1659
1209,2038
1730,2401
2351,2615
2883,2632
3110,2465
2852,2142
2295,1762
1664,1490
1173,1449
1007,1675
1222,2060
1737,2423
2368,2632
2906,2632
3118,2457
2836,2128
2268,1757
1633,1496
1155,1473
1010,1706
1239,2090
1763,2447
2388,2651
2904,2646
3101,2452
2822,2120
2260,1747
1623,1498
1141,1481
1012,1722
1252,2106
1784,2454
2412,2647
2917,2637
3089,2438
2793,2102
2218,1725
1593,1478
1143,1475
1029,1732
1268,2117
1807,2467
2436,2651
2935,2627
3091,2424
2775,2079
2189,1701
1568,1457
1122,1463
1034,1724
1300,2116
1846,2469
2460,2646
2951,2615
3085,2404
2757,2058
2171,1686
1544,1450
1112,1472
1034,1738
1313,2128
1874,2469
2497,2641
2967,2610
3066,2387
2728,2030
2144,1660
1527,1437
1109,1472
1042,1754
1330,2146
1897,2480
2519,2640
2987,2595
3080,2372
2717,2024
2106,1659
1484,1444
1109,1486
1050,1772
1353,2169
1925,2501
2548,2650
2995,2596
3066,2369
2683,2011
2075,1654
1457,1451
1076,1510
1050,1796
1373,2190
1947,2513
2565,2661
3003,2599
3051,2361
2667,2006
2050,1651
1437,1457
1065,1525
1049,1825
1390,2219
1978,2534
2591,2664
3015,2598
3044,2354
2643,1999
2027,1643
1425,1456
1060,1533
1057,1841
1407,2233
1998,2544
2612,2671
3036,2591
3035,2337
2618,1980
1999,1629
1399,1451
1051,1539
1063,1855
1425,2243
2022,2549
2629,2668
3029,2579
3032,2320
2615,1950
1987,1597
1382,1426
1044,1531
1075,1852
1452,2249
2057,2545
2657,2657
3044,2560
3016,2295
2575,1923
1954,1577
1378,1419
1059,1536
1090,1860
1477,2254
2083,2547
2685,2644
3056,2543
3004,2276
2554,1902
1925,1564
1343,1424
1050,1545
1107,1878
1515,2273
2116,2561
2703,2650
3064,2540
2996,2263
2533,1889
1903,1556
1326,1421
1035,1555
1110,1894
1526,2284
2139,2567
2727,2656
3079,2542
2979,2256
2506,1882
1875,1555
1307,1436
1030,1576
1112,1924
1543,2314
2154,2587
2740,2662
3080,2540
2969,2260
2471,1885
1832,1563
1283,1447
1025,1600
1126,1949
1567,2337
2178,2600
2759,2668
3082,2536
2952,2244
2455,1871
1818,1553
1261,1458
1001,1614
1128,1965
1587,2353
2196,2612
2776,2662
3080,2522
2930,2225
2424,1847
1791,1536
1257,1447
991,1620
1138,1985
1614,2369
2236,2613
2799,2659
3087,2513
2914,2210
2396,1831
1761,1524
1233,1439
1009,1623
1158,1988
1632,2370
2263,2612
2834,2649
3101,2491
2911,2186
2373,1802
1739,1502
1219,1432
1016,1626
1183,1993
1666,2369
2291,2605
2839,2635
3102,2477
2898,2163
2361,1773
1712,1485
1205,1434
1015,1641
1200,2013
1697,2387
2323,2614
2861,2625
3105,2467
2871,2147
2321,1770
1703,1482
1201,1436
1015,1643
1213,2027
1718,2401
2344,2619
2881,2634
3111,2457
2852,2136
2294,1758
1660,1487
1165,1453
1017,1673
1241,2055
1754,2422
2366,2634
2891,2636
3105,2458
2833,2131
2265,1750
1632,1490
1152,1465
1007,1698
1239,2081
1771,2439
2401,2645
2917,2643
3105,2455
2811,2120
2240,1748
1609,1490
1140,1477
1009,1725
1250,2106
1786,2459
2420,2649
2931,2633
3101,2438
2797,2107
2212,1726
1597,1473
1126,1471
1013,1727
1266,2114
1810,2467
2435,2648
2933,2628
3096,2430
2776,2080
2194,1709
1567,1474
1110,1481
1009,1733
1287,2124
1838,2470
2466,2645
2954,2615
3086,2404
2757,2058
2168,1684
1549,1450
1112,1475
1035,1745
1298,2138
1851,2476
2490,2642
2968,2605
3083,2385
2739,2037
2148,1666
1520,1442
1103,1475
1039,1754
1328,2150
1892,2488
2509,2651
2968,2603
3062,2375
2717,2018
2120,1654
1503,1437
1088,1483
1049,1772
1355,2165
1923,2497
2540,2647
2986,2600
3071,2371
2694,2011
2085,1644
1471,1446
1081,1502
1049,1794
1373,2191
1950,2514
2562,2657
2998,2597
3045,2360
2660,2004
2061,1647
1460,1451
1076,1544
1058,1820
1388,2213
1975,2531
2588,2667
3012,2594
3042,2355
2639,1997
2020,1641
1427,1456
1065,1532
1078,1836
1422,2229
2000,2540
2610,2666
3023,2591
3033,2340
2617,1976
1998,1622
1400,1447
1052,1535
1066,1846
1429,2245
2035,2549
2642,2659
3034,2572
3023,2320
2598,1955
1975,1606
1383,1434
1050,1543
1075,1854
1457,2248
2059,2547
2663,2655
3053,2559
3015,2301
2578,1929
1950,1581
1361,1428
1045,1540
1093,1866
1480,2257
2080,2553
2687,2649
3058,2546
3009,2275
2557,1903
1925,1565
1345,1430
1036,1550
1099,1883
1502,2277
2112,2562
2705,2653
3066,2541
2998,2263
2535,1891
1908,1556
1332,1424
1038,1562
1101,1903
1515,2288
2134,2569
2725,2653
3075,2535
2981,2254
2505,1881
1869,1554
1308,1433
1033,1576
1120,1923
1546,2310
2156,2592
2728,2663
3062,2536
2966,2251
2478,1876
1845,1556
1287,1443
1017,1597
1122,1949
1566,2336
2182,2602
2764,2666
3085,2536
2927,2249
2438,1869
1800,1550
1269,1447
1019,1611
1133,1966
1589,2353
2206,2609
2769,2665
3086,2526
2941,2223
2429,1850
1784,1539
1242,1444
1015,1622
1144,1983
1606,2365
2208,2614
2795,2653
3086,2512
2920,2206
2402,1832
1770,1528
1238,1437
1025,1622
1172,1983
1637,2363
2256,2611
2817,2651
3098,2498
2904,2186
2378,1805
1744,1506
1218,1434
1009,1629
1183,1993
1675,2368
2302,2602
2839,2626
3100,2475
2891,2162
2354,1784
1723,1499
1206,1439
1014,1644
1192,2017
1690,2392
2324,2617
2868,2638
3118,2464
2887,2140
2331,1764
1700,1482
1200,1434
1014,1646
1213,2027
1714,2397
2339,2622
2865,2635
3109,2465
2860,2141
2311,1765
1672,1485
1176,1447
1012,1672
1224,2054
1739,2414
2365,2630
2887,2635
3105,2455
2827,2128
2274,1756
1641,1486
1165,1471
1019,1714
1230,2089
1762,2447
2387,2647
2902,2642
3105,2454
2812,2121
2242,1743
1615,1482
1147,1469
1019,1715
1255,2100
1786,2462
2406,2657
2917,2634
3098,2439
2797,2104
2217,1732
1586,1485
1130,1480
1015,1728
1269,2113
1814,2462
2437,2651
2928,2632
3086,2428
2759,2083
2185,1705
1570,1462
1119,1473
1022,1734
1289,2126
1824,2473
2463,2650
2953,2622
3085,2408
2759,2067
2163,1694
1530,1448
1104,1469
1029,1735
1312,2127
1870,2471
2493,2638
2964,2603
3085,2385
2742,2039
2148,1671
1526,1449
1102,1482
1025,1755
1321,2145
1894,2485
2516,2644
2982,2598
3080,2372
2720,2017
2124,1649
1507,1434
1095,1481
1042,1773
1356,2170
1927,2499
2545,2650
2995,2601
3069,2372
2695,2017
2093,1650
1476,1443
1083,1492
1045,1786
1366,2188
1942,2513
2564,2657
3022,2594
3067,2354
2672,1999
2060,1650
1452,1453
1075,1523
1053,1821
1384,2212
1966,2535
2572,2671
3014,2600
3051,2355
2658,1992
2044,1630
1433,1436
1063,1521
1054,1831
1412,2228
1990,2543
2604,2669
3020,2594
3034,2348
2627,1982
2012,1629
1412,1445
1067,1528
1066,1841
1419,2235
2010,2543
2622,2665
3030,2577
3025,2323
2604,1955
1980,1607
1392,1439
1055,1539
1080,1857
1453,2249
2040,2549
2645,2662
3040,2569
3014,2302
2582,1928
1960,1578
1369,1416
1048,1533
1088,1858
1476,2255
2078,2552
2677,2656
3043,2559
2991,2286
2554,1913
1930,1571
1359,1425
1047,1546
1099,1881
1495,2272
2104,2553
2702,2647
3066,2543
2995,2273
2530,1902
1895,1561
1327,1423
1040,1554
1112,1895
1523,2287
2129,2571
2729,2658
3066,2540
2982,2259
2508,1884
1876,1558
1307,1436
1020,1574
1097,1918
1534,2308
2157,2582
2738,2657
3074,2532
2965,2252
2481,1876
1847,1558
1290,1442
1022,1587
1130,1947
1553,2338
2166,2598
2757,2664
3073,2533
2957,2244
2457,1872
1822,1552
1268,1445
1020,1623
1140,1967
1582,2352
2202,2612
2771,2663
3080,2520
2940,2226
2433,1849
1794,1539
1250,1443
1011,1614
1143,1972
1604,2357
2223,2609
2796,2660
3092,2518
2931,2215
2417,1830
1771,1517
1236,1441
1011,1622
1155,1987
1628,2365
2263,2608
2817,2651
3095,2496
2910,2188
2383,1806
1751,1504
1242,1426
1027,1620
1176,1992
1658,2375
2287,2612
2843,2644
3107,2485
2894,2170
2357,1788
1721,1491
1210,1431
1017,1636
1201,2006
1698,2378
2312,2607
2857,2638
3111,2470
2885,2153
2339,1771
1704,1486
1197,1441
1014,1653
1213,2028
1717,2403
2340,2626
2880,2633
3108,2462
2862,2139
2307,1755
1676,1483
1178,1441
1010,1666
1221,2049
1732,2418
2362,2634
2891,2642
3114,2459
2841,2142
2262,1764
1639,1492
1163,1460
1009,1697
1232,2080
1757,2440
2378,2644
2895,2632
3107,2452
2835,2118
2253,1744
1621,1485
1136,1472
997,1714
1248,2096
1782,2458
2406,2655
2916,2640
3092,2445
2799,2109
2226,1732
1603,1476
1138,1471
1016,1726
1256,2118
1786,2469
2418,2654
2924,2630
3092,2427
2780,2087
2200,1715
1572,1465
1125,1471
1024,1726
1285,2118
1830,2465
2449,2652
2936,2620
3074,2410
2764,2068
2177,1693
1553,1453
1117,1475
1032,1735
1308,2127
1862,2474
2485,2645
2961,2609
3080,2395
2739,2040
2145,1663
1529,1440
1113,1471
1040,1748
1327,2142
1886,2484
2508,2650
2978,2602
3079,2384
2726,2030
2121,1661
1506,1442
1092,1476
1051,1759
1355,2158
1918,2493
2537,2649
2991,2597
3068,2367
2699,2009
2092,1645
1483,1442
1085,1492
1061,1785
1380,2179
1944,2508
2559,2658
3001,2604
3057,2368
2674,2010
2064,1648
1451,1447
1070,1511
1044,1806
1380,2202
1977,2521
2596,2659
3013,2591
3051,2355
2650,1999
2034,1646
1435,1466
1063,1531
1055,1833
1401,2228
1988,2538
2606,2669
3027,2589
3040,2340
2634,1973
2004,1622
1409,1444
1052,1531
1062,1850
1415,2236
2008,2549
2630,2669
3028,2586
3035,2329
2615,1964
1992,1609
1391,1435
1037,1535
1065,1858
1437,2248
2044,2553
2642,2663
3041,2568
3021,2304
2588,1926
1966,1580
1377,1424
1049,1533
1081,1872
1447,2266
2049,2560
2669,2657
3053,2557
3016,2291
2566,1914
1938,1572
1357,1422
1046,1539
1098,1873
1490,2259
2091,2561
2676,2632
3044,2546
2999,2273
2544,1899
1921,1565
1342,1426
1042,1558
1105,1896
1516,2285
2122,2569
2715,2657
3067,2548
2980,2263
2509,1884
1883,1549
1318,1427
1036,1570
1112,1914
1534,2308
2146,2586
2734,2665
3070,2542
2973,2263
2487,1886
1856,1559
1294,1434
1033,1584
1121,1936
1556,2325
2164,2593
2746,2663
3076,2531
2955,2244
2464,1867
1835,1550
1272,1442
1018,1606
1124,1958
1573,2346
2202,2610
2772,2667
3082,2529
2940,2236
2437,1853
1806,1542
1261,1437
1018,1609
1138,1974
1593,2355
2238,2609
2799,2656
3084,2517
2923,2220
2409,1841
1775,1535
1241,1435
1014,1616
1154,1977
1626,2358
2248,2606
2813,2658
3105,2501
2919,2189
2390,1804
1752,1508
1222,1433
1013,1624
1175,1992
1654,2365
2276,2611
2835,2644
3101,2488
2903,2173
2371,1789
1732,1490
1205,1428
1011,1633
1188,2007
1681,2384
2309,2617
2849,2642
3104,2477
2885,2160
2343,1778
1711,1486
1204,1432
1013,1643
1197,2015
1698,2396
2329,2621
2874,2637
3114,2465
2868,2145
2314,1763
1681,1487
1185,1448
1010,1664
1219,2045
1726,2414
2344,2630
2869,2645
3112,2462
2845,2137
2288,1759
1653,1488
1164,1460
1009,1691
1226,2073
1750,2437
2375,2647
2896,2649
3101,2466
2818,2135
2250,1754
1630,1491
1153,1468
1014,1704
1241,2086
1770,2446
2401,2644
2917,2635
3098,2444
2807,2112
2226,1738
1592,1476
1125,1467
1010,1720
1256,2108
1791,2466
2415,2654
2924,2634
3096,2437
2789,2094
2209,1717
1576,1466
1122,1466
1005,1722
1265,2108
1819,2464
2446,2647
2940,2621
3091,2413
2769,2071
2187,1697
1563,1456
1119,1476
1025,1738
1291,2129
1842,2476
2471,2640
2967,2604
3093,2395
2751,2039
2158,1667
1536,1435
1112,1463
1037,1739
1322,2136
1877,2479
2497,2647
2969,2609
3079,2384
2741,2028
2152,1665
1520,1442
1104,1478
1040,1759
1338,2153
1904,2491
2527,2650
2987,2603
3074,2376
2711,2022
2119,1653
1497,1442
1090,1495
1049,1782
1361,2178
1931,2509
2553,2657
2996,2601
3054,2368
2682,2009
2077,1648
1454,1443
1086,1498
1056,1796
1376,2194
1954,2520
2573,2664
3005,2601
3049,2362
2657,2005
2043,1648
1443,1455
1074,1527
1065,1828
1404,2221
1975,2539
2585,2667
3012,2598
3036,2352
2636,1985
2019,1631
1417,1447
1057,1531
1064,1838
1419,2234
2007,2543
2617,2665
3018,2586
3018,2333
2603,1974
1991,1619
1398,1436
1054,1529
1066,1843
1432,2236
2027,2546
2637,2661
3038,2573
3022,2312
2592,1940
1960,1600
1363,1429
1041,1531
1079,1856
1457,2253
2058,2552
2662,2658
3048,2559
3017,2295
2577,1909
1949,1576
1360,1428
1039,1537
1078,1866
1476,2260
2084,2554
2684,2650
3059,2551
3007,2286
2554,1905
1931,1566
1350,1415
1044,1549
1098,1889
1496,2282
2103,2566
2707,2651
3069,2547
2997,2275
2531,1895
1897,1562
1324,1433
1036,1564
1108,1908
1520,2299
2133,2579
2720,2656
3068,2538
2981,2251
2509,1883
1874,1559
1307,1438
1028,1584
1112,1933
1544,2320
2157,2594
2741,2667
3075,2541
2955,2257
2464,1878
1844,1548
1298,1440
1036,1601
1124,1951
1566,2341
2179,2608
2762,2668
3082,2535
2949,2243
2449,1862
1813,1545
1261,1438
1021,1635
1146,1956
1600,2345
2208,2609
2780,2664
3081,2520
2931,2224
2423,1842
1789,1529
1250,1438
1021,1611
1155,1973
1617,2353
2228,2605
2795,2656
3086,2504
2920,2203
2402,1817
1767,1513
1234,1433
1014,1618
1159,1985
1645,2367
2271,2605
2824,2644
3089,2490
2894,2184
2376,1790
1744,1498
1221,1429
1017,1627
1183,1998
1668,2373
2311,2610
2846,2640
3108,2475
2891,2160
2337,1782
1706,1491
1202,1442
1017,1641
1199,2015
1698,2392
2318,2619
2861,2643
3112,2474
2878,2154
2330,1775
1694,1488
1184,1448
996,1659
1199,2045
1716,2416
2345,2623
2876,2642
3107,2466
2852,2145
2299,1763
1666,1490
1177,1457
1009,1685
1215,2068
1726,2432
2350,2639
2885,2643
3109,2459
2833,2134
2270,1758
1640,1489
1158,1464
1013,1700
1239,2086
1760,2445
2385,2651
2900,2645
3095,2449
2820,2123
2248,1743
1617,1488
1142,1472
998,1716
1251,2100
1783,2454
2412,2650
2917,2638
3096,2440
2795,2095
2215,1719
1601,1465
1134,1465
1017,1718
1263,2106
1804,2461
2438,2649
2934,2625
3092,2419
2777,2078
2205,1699
1565,1453
1120,1456
1030,1716
1302,2111
1840,2463
2464,2643
2950,2617
3094,2408
2766,2058
2172,1685
1547,1446
1114,1468
1027,1735
1303,2126
1871,2466
2499,2642
2981,2605
3083,2387
2744,2037