2048,2415
2257,2183
1501,1976
1068,1827
1207,1853
1828,2044
2596,2264
3094,2382
2943,2349
2259,2184
1495,1969
1074,1814
1204,1839
1834,2035
2606,2264
3095,2381
2946,2341
2269,2179
1499,1953
1069,1802
1209,1835
1846,2030
2618,2250
3106,2367
2935,2327
2233,2159
1480,1940
1071,1791
1221,1822
1872,2023
2643,2248
3105,2358
2922,2321
2233,2153
1474,1936
1073,1795
1228,1825
1869,2026
2639,2253
3114,2358
2926,2312
2229,2143
1476,1932
1064,1793
1234,1837
1881,2030
2646,2248
3113,2357
2911,2312
2210,2148
1453,1934
1065,1793
1235,1835
1892,2037
2657,2265
3106,2370
2895,2322
2194,2152
1442,1945
1059,1808
1239,1845
1894,2050
2662,2270
3112,2368
2891,2323
2186,2159
1433,1945
1047,1819
1222,1864
1901,2061
2669,2282
3115,2381
2891,2323
2168,2155
1419,1943
1047,1807
1247,1853
1917,2068
2671,2287
3104,2385
2863,2330
2151,2152
1411,1940
1050,1803
1247,1851
1914,2061
2678,2278
3112,2370
2860,2334
2137,2150
1399,1936
1060,1808
1266,1859
1933,2057
2690,2278
3117,2366
2858,2308
2136,2129
1393,1913
1047,1790
1267,1848
1946,2064
2707,2278
3134,2366
2867,2303
2127,2114
1381,1903
1046,1777
1278,1833
1959,2043
2717,2264
3121,2355
2863,2299
2114,2122
1374,1909
1056,1781
1299,1841
1949,2044
2724,2263
3132,2354
2842,2287
2112,2107
1376,1903
1046,1782
1290,1846
1983,2061
2732,2271
3131,2352
2835,2290
2098,2101
1359,1889
1045,1779
1298,1842
1991,2063
2740,2281
3126,2365
2819,2300
2078,2117
1348,1899
1043,1785
1308,1859
1989,2077
2732,2286
3124,2366
2809,2305
2069,2124
1339,1919
1034,1800
1305,1866
2008,2084
2757,2288
3131,2370
2801,2299
2048,2122
1317,1913
1027,1804
1310,1877
2015,2101
2755,2304
3125,2374
2785,2298
2045,2108
1326,1895
1033,1787
1318,1873
2011,2097
2750,2306
3120,2372
2781,2304
2031,2114
1312,1899
1044,1791
1322,1871
2036,2081
2769,2288
3130,2363
2782,2292
2019,2105
1304,1893
1030,1781
1344,1866
2045,2085
2786,2285
3137,2349
2767,2272
2010,2083
1304,1873
1032,1776
1343,1861
2056,2084
2786,2284
3140,2345
2770,2263
2020,2078
1303,1868
1037,1766
1354,1853
2074,2077
2804,2286
3137,2357
2751,2276
1992,2083
1288,1869
1043,1763
1371,1847
2098,2074
2814,2278
3135,2351
2741,2273
1982,2083
1280,1876
1037,1780
1367,1869
2097,2090
2820,2291
3127,2352
2718,2263
1965,2078
1273,1877
1040,1787
1371,1880
2103,2110
2823,2310
3126,2366
2716,2276
1954,2083
1266,1872
1036,1782
1366,1887
2107,2121
2833,2321
3126,2375
2709,2287
1940,2088
1253,1882
1036,1791
1387,1888
2121,2113
2839,2306
3115,2362
2686,2282
1918,2088
1245,1894
1032,1794
1389,1902
2121,2118
2837,2309
3119,2364
2692,2273
1924,2072
1244,1872
1035,1794
1389,1894
2134,2124
2845,2317
3112,2360
2683,2267
1913,2066
1241,1860
1046,1776
1410,1880
2150,2122
2861,2308
3114,2356
2668,2260
1894,2061
1240,1848
1054,1771
1422,1879
2162,2103
2869,2292
3119,2338
2667,2249
1896,2052
1228,1852
1046,1776
1426,1885
2176,2103
2887,2289
3133,2342
2668,2243
1889,2038
1225,1839
1053,1768
1440,1886
2184,2120
2883,2308
3108,2351
2653,2244
1875,2035
1225,1831
1065,1771
1448,1883
2193,2118
2886,2308
3100,2352
2639,2250
1858,2049
1201,1854
1050,1778
1452,1897
2204,2130
2897,2311
3105,2356
2622,2257
1842,2055
1197,1859
1049,1790
1456,1918
2209,2149
2911,2323
3101,2354
2620,2252
1842,2043
1199,1850
1055,1794
1455,1927
2200,2153
2899,2324
3092,2365
2608,2257
1828,2042
1188,1848
1049,1787
1472,1907
2226,2142
2907,2326
3078,2370
2592,2258
1811,2046
1181,1855
1054,1793
1481,1907
2244,2141
2920,2320
3086,2349
2585,2235
1799,2030
1170,1849
1055,1786
1503,1911
2263,2146
2929,2310
3085,2342
2579,2226
1797,2021
1172,1826
1067,1769
1506,1903
2265,2135
2929,2316
3080,2340
2578,2225
1805,2020
1176,1814
1071,1767
1517,1904
2281,2140
2945,2309
3082,2335
2562,2228
1774,2019
1160,1824
1072,1782
1534,1915
2308,2138
2958,2304
3079,2333
2552,2218
1767,2005
1162,1824
1074,1785
1534,1922
2298,2146
2951,2324
3075,2345
2541,2217
1753,2009
1156,1819
1072,1785
1543,1920
2304,2154
2952,2336
3063,2349
2524,2226
1742,2028
1145,1839
1079,1791
1557,1934
2321,2170
2964,2337
3049,2345
2503,2226
1732,2027
1139,1841
1078,1796
1558,1948
2328,2180
2968,2334
3060,2347
2507,2218
1724,2013
1129,1836
1060,1789
1547,1946
2328,2185
2969,2334
3051,2355
2497,2226
1711,2014
1131,1829
1086,1791
1573,1941
2343,2169
2972,2334
3035,2351
2469,2218
1702,1998
1142,1818
1087,1784
1587,1929
2358,2163
2986,2320
3045,2334
2475,2199
1690,1990
1122,1821
1086,1785
1597,1929
2373,2171
2991,2325
3044,2325
2467,2193
1682,1978
1119,1803
1099,1775
1604,1932
2377,2178
2989,2330
3039,2323
2466,2193
1695,1981
1134,1805
1103,1775
1616,1936
2391,2174
2998,2319
3031,2331
2446,2206
1659,1990
1120,1808
1121,1790
1642,1941
2408,2172
3006,2320
3025,2327
2431,2192
1647,1975
1103,1830
1104,1797
1637,1956
2410,2187
3017,2348
3026,2341
2428,2202
1640,1990
1101,1814
1108,1800
1641,1961
2419,2200
3012,2356
3017,2342
2412,2204
1626,1992
1100,1817
1113,1807
1652,1960
2434,2193
3003,2345
3007,2338
2400,2196
1619,1991
1090,1816
1111,1808
1658,1981
2435,2208
3020,2350
3007,2340
2391,2194
1594,1979
1065,1813
1110,1802
1672,1971
2447,2194
3018,2334
3002,2333
2383,2183
1601,1968
1084,1799
1119,1793
1679,1964
2451,2202
3012,2341
2999,2331
2375,2180
1594,1970
1088,1798
1131,1791
1699,1962
2474,2192
3029,2324
2989,2315
2362,2165
1578,1953
1086,1782
1140,1781
1719,1970
2485,2205
3042,2336
2989,2323
2355,2173
1578,1958
1083,1793
1142,1793
1717,1972
2492,2201
3047,2324
2995,2304
2357,2168
1571,1952
1078,1781
1143,1797
1724,1970
2500,2208
3047,2337
2975,2325
2328,2172
1554,1957
1072,1794
1156,1804
1752,1986
2515,2219
3048,2346
2964,2328
2315,2171
1541,1957
1055,1809
1151,1811
1741,1990
2517,2220
3062,2350
2967,2324
2316,2177
1533,1966
1066,1802
1152,1820
1755,2000
2530,2231
3062,2354
2956,2328
2294,2167
1522,1955
1064,1797
1147,1815
1755,2002
2529,2232
3050,2361
2949,2323
2285,2167
1509,1952
1060,1795
1165,1811
1770,1998
2547,2225
3063,2344
2933,2317
2256,2162
1497,1949
1060,1790
1174,1810
1788,1993
2560,2223
3069,2341
2954,2311
2263,2144
1492,1931
1054,1782
1168,1808
1790,1992
2572,2223
3076,2337
2936,2304
2254,2140
1485,1925
1057,1783
1186,1804
1810,1997
2582,2220
3076,2338
2927,2302
2246,2140
1488,1929
1072,1780
1198,1806
1823,2004
2593,2230
3082,2344
2924,2301
2233,2142
1470,1927
1056,1774
1194,1809
1827,2006
2605,2231
3100,2345
2923,2298
2219,2137
1454,1928
1048,1791
1193,1825
1839,2022
2606,2246
3084,2353
2910,2316
2208,2141
1448,1928
1047,1790
1213,1833
1845,2031
2611,2253
3088,2358
2891,2313
2198,2145
1438,1933
1043,1798
1216,1844
1860,2029
2622,2253
3091,2361
2895,2317
2177,2146
1429,1924
1040,1788
1212,1829
1865,2026
2628,2250
3080,2349
2883,2300
2177,2133
1423,1917
1034,1790
1215,1842
1869,2039
2635,2253
3090,2355
2875,2302
2167,2127
1412,1915
1038,1780
1226,1824
1884,2030
2652,2248
3103,2342
2869,2295
2147,2121
1390,1899
1037,1766
1240,1816
1902,2023
2662,2244
3100,2334
2861,2289
2149,2115
1403,1901
1040,1783
1244,1831
1907,2035
2659,2250
3104,2344
2861,2287
2141,2112
1396,1893
1039,1775
1251,1823
1924,2030
2685,2249
3108,2341
2854,2290
2141,2108
1389,1900
1038,1772
1254,1837
1932,2048
2691,2262
3092,2350
2837,2290
2111,2110
1371,1898
1031,1776
1257,1842
1958,2046
2713,2258
3111,2346
2826,2294
2099,2121
1361,1909
1034,1791
1268,1854
1954,2065
2706,2279
3100,2366
2825,2304
2097,2118
1370,1910
1033,1780
1270,1849
1963,2059
2717,2269
3105,2351
2809,2287
2077,2107
1343,1899
1033,1783
1277,1852
1971,2065
2721,2276
3105,2356
2796,2295
2066,2114
1340,1898
1027,1777
1287,1848
1981,2062
2729,2273
3113,2343
2797,2278
2059,2092
1331,1877
1024,1767
1280,1846
2013,2062
2745,2274
3116,2353
2793,2282
2046,2093
1325,1881
1031,1773
1307,1844
2010,2056
2753,2268
3108,2343
2769,2267
2032,2076
1320,1865
1027,1760
1313,1839
2015,2058
2761,2269
3130,2345
2782,2271
2034,2089
1315,1879
1024,1773
1305,1853
2023,2068
2770,2273
3124,2347
2767,2268
2016,2080
1307,1874
1041,1767
1329,1851
2040,2073
2777,2276
3119,2352
2752,2269
2009,2080
1302,1880
1024,1783
1333,1871
2045,2089
2784,2290
3127,2357
2749,2281
1991,2089
1284,1883
1020,1789
1333,1867
2056,2085
2815,2288
3143,2359
2738,2279
1983,2089
1282,1885
1022,1789
1346,1884
2065,2101
2792,2302
3123,2367
2730,2276
1974,2080
1284,1874
1039,1780
1355,1869
2070,2088
2800,2290
3120,2353
2721,2265
1960,2072
1258,1881
1025,1780
1359,1872
2082,2094
2801,2298
3117,2356
2715,2270
1951,2072
1259,1864
1027,1772
1364,1867
2099,2085
2819,2285
3117,2336
2712,2246
1943,2054
1238,1850
1025,1773
1377,1872
2114,2089
2828,2287
3117,2346
2697,2253
1932,2058
1252,1854
1037,1764
1389,1869
2117,2092
2827,2286
3101,2343
2692,2255
1928,2048
1248,1842
1034,1761
1400,1872
2136,2096
2848,2293
3125,2344
2687,2261
1913,2060
1231,1863
1034,1784
1401,1883
2143,2105
2853,2296
3113,2348
2676,2252
1909,2054
1231,1856
1043,1775
1406,1883
2144,2109
2855,2306
3102,2339
2668,2251
1899,2065
1222,1873
1038,1801
1417,1916
2160,2140
2864,2321
3107,2359
2652,2253
1874,2050
1206,1841
1037,1767
1435,1892
2184,2121
2875,2320
3101,2361
2647,2258
1868,2057
1208,1856
1038,1779
1424,1897
2172,2127
2868,2313
3097,2358
2642,2255
1874,2061
1203,1860
1041,1781
1431,1897
2182,2109
2877,2288
3092,2333
2622,2227
1851,2032
1199,1844
1050,1782
1455,1905
2206,2140
2890,2318
3088,2345
2616,2232
1840,2026
1195,1824
1050,1762
1457,1887
2219,2120
2902,2297
3098,2331
2613,2219
1834,2015
1185,1820
1038,1754
1464,1880
2224,2122
2907,2305
3094,2347
2605,2238
1828,2039
1191,1841
1064,1778
1483,1897
2237,2124
2905,2299
3070,2326
2590,2214
1807,2015
1181,1833
1048,1783
1493,1912
2252,2141
2922,2313
3076,2339
2577,2229
1787,2028
1162,1843
1063,1788
1501,1926
2257,2163
2928,2336
3077,2357
2567,2236
1781,2021
1160,1825
1058,1771
1499,1902
2266,2145
2937,2323
3090,2354
2560,2245
1779,2046
1160,1861
1064,1807
1516,1934
2277,2156
2932,2322
3067,2346
2543,2229
1757,2025
1160,1842
1082,1791
1533,1919
2285,2154
2939,2319
3066,2338
2535,2212
1753,2009
1141,1822
1061,1787
1526,1937
2295,2178
2950,2343
3075,2357
2532,2224
1741,2006
1141,1811
1070,1757
1542,1900
2306,2136
2953,2307
3062,2330
2518,2214
1734,2001
1147,1818
1083,1780
1560,1920
2316,2147
2959,2306
3058,2322
2506,2201
1725,1998
1138,1820
1083,1786
1571,1930
2339,2156
2975,2309
3061,2314
2497,2189
1701,1974
1122,1788
1087,1765
1577,1928
2350,2173
2980,2335
3054,2347
2491,2218
1710,2001
1135,1812
1090,1777
1582,1930
2339,2163
2962,2321
3042,2336
2481,2212
1692,2001
1124,1822
1090,1791
1593,1938
2364,2166
2983,2324
3036,2333
2462,2213
1670,2010
1110,1837
1089,1820
1602,1978
2373,2202
2989,2347
3034,2341
2456,2200
1669,1980
1115,1807
1092,1791
1606,1953
2378,2191
2994,2341
3038,2348
2452,2219
1659,2003
1105,1821
1092,1797
1612,1957
2385,2188
2993,2339
3021,2345
2436,2210
1659,1999
1114,1815
1100,1787
1626,1948
2407,2177
3003,2319
3019,2320
2419,2179
1635,1970
1100,1805
1102,1798
1651,1965
2426,2198
3019,2338
3016,2329
2406,2188
1629,1971
1095,1788
1110,1769
1652,1931
2430,2170
3016,2315
3015,2312
2406,2175
1627,1960
1101,1788
1112,1779
1655,1953
2440,2188
3023,2327
3008,2320
2396,2180
1616,1971
1099,1805
1130,1797
1681,1962
2454,2190
3029,2322
2992,2310
2368,2163
1600,1955
1094,1783
1130,1775
1686,1961
2458,2202
3032,2348
2999,2338
2369,2196
1585,1981
1083,1810
1118,1806
1681,1973
2459,2204
3036,2336
2992,2326
2357,2181
1578,1969
1083,1809
1129,1811
1700,1987
2473,2218
3033,2353
2976,2338
2340,2187
1564,1974
1080,1820
1136,1829
1691,2002
2486,2233
3041,2360
2977,2336
2336,2182
1556,1961
1069,1793
1135,1796
1715,1967
2498,2198
3053,2339
2974,2323
2325,2178
1547,1968
1066,1813
1140,1820
1727,1999
2498,2225
3045,2351
2966,2323
2317,2158
1547,1938
1086,1783
1157,1791
1726,1970
2509,2203
3052,2330
2962,2306
2313,2151
1533,1934
1068,1782
1156,1793
1754,1976
2530,2206
3068,2334
2966,2310
2301,2153
1525,1936
1069,1777
1162,1791
1767,1971
2537,2198
3062,2320
2958,2292
2293,2137
1524,1925
1072,1777
1170,1810
1776,1994
2548,2224
3069,2342
2952,2314
2282,2153
1510,1938
1068,1785
1177,1803
1789,1991
2553,2223
3054,2339
2929,2312
2263,2151
1499,1931
1066,1785
1178,1812
1797,2002
2569,2234
3073,2355
2927,2324
2251,2168
1475,1959
1045,1812
1168,1844
1803,2029
2580,2247
3073,2354
2922,2313
2239,2153
1472,1936
1051,1791
1181,1824
1815,2018
2582,2244
3071,2358
2914,2327
2235,2164
1467,1949
1046,1808
1189,1839
1821,2030
2590,2250
3080,2356
2907,2311
2216,2144
1455,1926
1042,1783
1198,1815
1847,2010
2606,2233
3079,2338
2899,2305
2211,2144
1448,1930
1047,1789
1201,1824
1843,2021
2613,2238
3084,2343
2903,2295
2211,2121
1455,1903
1047,1767
1209,1804
1857,1999
2627,2221
3090,2324
2892,2276
2189,2108
1434,1897
1046,1766
1220,1815
1877,2019
2645,2242
3101,2346
2888,2300
2185,2126
1432,1904
1046,1765
1223,1813
1880,2010
2644,2229
3100,2329
2897,2279
2177,2111
1422,1908
1041,1779
1225,1824
1891,2031
2657,2251
3101,2353
2871,2302
2152,2127
1404,1913
1043,1783
1235,1833
1903,2037
2660,2261
3086,2352
2843,2299
2141,2123
1389,1912
1037,1789
1237,1843
1904,2050
2660,2273
3103,2366
2857,2316
2136,2143
1396,1936
1029,1816
1228,1865
1905,2065
2675,2273
3106,2362
2841,2299
2121,2118
1379,1903
1036,1776
1252,1834
1927,2051
2682,2271
3096,2366
2829,2306
2106,2128
1363,1921
1024,1796
1255,1854
1937,2060
2695,2262
3107,2351
2829,2287
2094,2107
1358,1890
1037,1764
1274,1828
1953,2029
2706,2250
3108,2342
2821,2277
2091,2098
1355,1890
1030,1772
1276,1835
1966,2052
2716,2262
3121,2340
2826,2268
2085,2080
1345,1871
1032,1756
1285,1819
1979,2033
2727,2249
3117,2326
2807,2263
2067,2083
1343,1879
1038,1770
1301,1841
1993,2055
2736,2269
3123,2351
2805,2281
2065,2094
1336,1874
1030,1763
1298,1832
2000,2042
2745,2257
3125,2340
2797,2272
2044,2092
1313,1889
1029,1786
1306,1861
2008,2074
2746,2277
3118,2352
2776,2279
2029,2097
1314,1897
1030,1797
1315,1884
2017,2105
2747,2300
3111,2359
2768,2275
2020,2088
1304,1878
1018,1779
1315,1871
2029,2092
2768,2305
3120,2375
2761,2304
2000,2113
1283,1901
1005,1785
1319,1864
2031,2083
2770,2286
3122,2358
2754,2279
2005,2092
1290,1887
1021,1784
1320,1865
2043,2080
2770,2278
3113,2342
2741,2267
1990,2085
1285,1882
1026,1791
1341,1876
2057,2088
2791,2282
3123,2339
2735,2249
1981,2060
1274,1843
1024,1752
1363,1855
2080,2076
2801,2279
3125,2337
2731,2248
1967,2047
1274,1837
1031,1751
1358,1854
2081,2082
2811,2287
3119,2341
2740,2253
1982,2060
1272,1850
1033,1753
1368,1844
2094,2068
2811,2272
3120,2338
2716,2254
1951,2065
1263,1868
1044,1772
1374,1871
2108,2094
2830,2283
3120,2342
2704,2254
1934,2060
1248,1857
1034,1779
1383,1885
2120,2098
2844,2293
3117,2348
2680,2253
1913,2066
1241,1865
1031,1782
1390,1892
2122,2119
2833,2319
3111,2372
2686,2277
1917,2086
1239,1875
1034,1785
1388,1895
2118,2127
2841,2317
3110,2366
2671,2269
1897,2072
1227,1870
1036,1788
1409,1893
2146,2117
2854,2310
3102,2357
2656,2268
1878,2074
1217,1878
1033,1792
1410,1900
2140,2124
2853,2305
3105,2346
2655,2244
1886,2047
1216,1844
1036,1772
1413,1887
2160,2116
2866,2299
3106,2345
2649,2243
1873,2037
1211,1837
1046,1768
1436,1882
2182,2114
2871,2298
3096,2336
2632,2233
1858,2016
1216,1811
1065,1745
1450,1865
2192,2105
2887,2286
3102,2330
2635,2232
1853,2030
1200,1838
1047,1767
1449,1886
2208,2112
2905,2285
3121,2335
2632,2226
1845,2026
1198,1834
1054,1767
1463,1895
2213,2122
2902,2296
3092,2334
2611,2221
1831,2023
1194,1829
1069,1774
1477,1912
2223,2141
2901,2315
3089,2350
2597,2240
1817,2035
1182,1846
1053,1781
1477,1912
2233,2142
2913,2320
3089,2355
2585,2257
1796,2049
1168,1850
1053,1799
1485,1923
2244,2153
2916,2331
3081,2360
2580,2256
1800,2045
1170,1862
1060,1805
1489,1936
2237,2158
2904,2316
3076,2341
2572,2230
1783,2024
1168,1841
1060,1793
1503,1929
2255,2158
2925,2317
3058,2348
2542,2232
1773,2022
1161,1833
1063,1779
1513,1924
2278,2153
2939,2321
3075,2342
2545,2212
1759,2000
1148,1807
1059,1763
1519,1905
2304,2136
2946,2312
3068,2334
2537,2217
1755,2007
1145,1816
1072,1760
1534,1895
2299,2124
2946,2298
3061,2318
2539,2204
1764,2001
1160,1807
1077,1768
1547,1909
2322,2135
2960,2299
3062,2315
2519,2191
1738,1994
1142,1819
1081,1786
1563,1933
2336,2165
2979,2316
3060,2322
2507,2199
1715,1985
1135,1803
1077,1773
1560,1924
2336,2178
2968,2332
3052,2344
2502,2216
1720,2001
1130,1828
1086,1787
1568,1941
2339,2176
2969,2339
3043,2354
2487,2231
1700,2023
1124,1842
1084,1803
1584,1947
2354,2177
2979,2340
3035,2347
2467,2219
1688,2019
1123,1841
1089,1817
1588,1968
2356,2194
2984,2342
3039,2342
2465,2209
1681,2000
1118,1822
1070,1812
1571,1962
2362,2192
2987,2344
3084,2342
2459,2208
1672,1992
1111,1806
1092,1785
1604,1940
2377,2178
2987,2335
3021,2343
2435,2205
1656,1987
1113,1808
1102,1780
1618,1937
2391,2168
3001,2312
3028,2312
2435,2182
1651,1969
1105,1791
1099,1777
1625,1931
2405,2161
3009,2314
3025,2314
2430,2177
1647,1967
1107,1795
1109,1777
1643,1942
2415,2172
3011,2321
3022,2314
2420,2169
1641,1961
1104,1788
1114,1783
1658,1951
2427,2187
3019,2326
3011,2314
2403,2176
1623,1960
1101,1798
1124,1794
1680,1962
2444,2197
3017,2341
3007,2337
2391,2190
1608,1973
1098,1817
1116,1791
1667,1965
2446,2198
3028,2348
3003,2343
2388,2201
1598,1987
1079,1816
1116,1817
1678,1983
2460,2208
3030,2344
2993,2336
2370,2192
1592,1988
1081,1826
1128,1822
1691,1991
2457,2217
3013,2349
2987,2333
2359,2178
1580,1969
1088,1810
1121,1816
1694,1989
2471,2226
3028,2357
2986,2335
2351,2180
1567,1961
1064,1793
1122,1799
1710,1975
2484,2205
3031,2338
2979,2325
2346,2176
1564,1957
1077,1787
1138,1790
1720,1965
2493,2196
3041,2318
2963,2307
2377,2152
1558,1942
1073,1786
1144,1796
1732,1972
2505,2198
3047,2324
2972,2297
2324,2144
1550,1930
1071,1769
1153,1783
1744,1977
2520,2209
3054,2332
2968,2309
2315,2147
1542,1933
1074,1770
1160,1784
1750,1973
2525,2213
3056,2333
2963,2306
2317,2152
1541,1941
1067,1787
1159,1805
1761,1987
2534,2214
3061,2338
2951,2308
2289,2157
1516,1945
1059,1797
1160,1818
1782,2003
2551,2238
3065,2359
2946,2328
2278,2168
1509,1950
1062,1799
1167,1821
1776,2011
2549,2243
3065,2359
2937,2331
2271,2168
1508,1964
1061,1808
1170,1826
1788,2013
2560,2239
3064,2354
2932,2323
2253,2165
1484,1982
1054,1807
1168,1838
1783,2019
2561,2247
3071,2357
2924,2314
2242,2150
1474,1932
1056,1789
1182,1821
1808,2015
2583,2242
3071,2351
2917,2309
2226,2142
1451,1928
1053,1782
1195,1807
1825,1997
2595,2227
3082,2345
2911,2301
2221,2135
1462,1916
1050,1770
1201,1800
1829,1996
2594,2219
3081,2332
2907,2291
2219,2123
1454,1916
1052,1781
1205,1816
1850,2010
2619,2229
3091,2329
2901,2285
2201,2113
1443,1902
1054,1772
1217,1808
1860,2017
2623,2236
3087,2348
2880,2297
2194,2123
1434,1904
1046,1770
1216,1814
1865,2018
2636,2238
3102,2343
2894,2301
2179,2134
1418,1927
1041,1786
1223,1832
1881,2031
2639,2250
3093,2352
2871,2307
2158,2137
1404,1928
1041,1797
1241,1850
1899,2053
2652,2267
3096,2363
2868,2304
2154,2136
1402,1922
1034,1796
1227,1856
1892,2060
2658,2270
3100,2362
2866,2308
2158,2130
1396,1913
1036,1783
1233,1840
1902,2049
2661,2268
3096,2365
2849,2311
2129,2134
1384,1917
1038,1782
1249,1842
1918,2042
2670,2254
3102,2344
2846,2291
2123,2114
1384,1906
1030,1781
1251,1837
1929,2039
2690,2247
3113,2332
2845,2276
2112,2101
1363,1890
1042,1766
1257,1828
1941,2039
2694,2253
3108,2336
2834,2270
2110,2086
1372,1874
1040,1754
1268,1822
1950,2043
2695,2258
3098,2345
2823,2279
2098,2094
1362,1878
1038,1761
1281,1826
1971,2034
2718,2251
3111,2334
2814,2279
2073,2105
1352,1893
1035,1771
1283,1841
1975,2049
2726,2259
3117,2341
2809,2273
2069,2098
1338,1895
1021,1788
1281,1865
2002,2080
2742,2284
3124,2353
2792,2288
2054,2100
1333,1890
1027,1785
1294,1865
1996,2082
2739,2294
3113,2369
2787,2298
2043,2113
1334,1897
1039,1778
1299,1850
2002,2072
2747,2285
3118,2366
2781,2296
2033,2113
1312,1906
1024,1793
1302,1869
2012,2078
2760,2275
3127,2353
2772,2275
2023,2098
1307,1896
1020,1793
1313,1871
2022,2086
2760,2287
3118,2349
2769,2269
2019,2073
1288,1868
1030,1774
1316,1865
2030,2084
2776,2283
3124,2348
2758,2265
2001,2069
1294,1833
1028,1750
1338,1836
2054,2061
2790,2268
3127,2344
2740,2266
1979,2073
1287,1863
1025,1761
1342,1847
2059,2067
2795,2267
3131,2332
2747,2250
1992,2066
1288,1863
1035,1774
1341,1868
2058,2085
2792,2279
3127,2335
2738,2250
1976,2056
1277,1853
1031,1765
1364,1864
2082,2094
2802,2293
3118,2356
2715,2265
1949,2066
1260,1857
1033,1770
1366,1869
2092,2096
2812,2299
3118,2362
2716,2275
1951,2088
1256,1883
1025,1789
1363,1883
2094,2106
2824,2293
3130,2355
2706,2276
1939,2085
1252,1889
1030,1803
1379,1900
2109,2121
2820,2307
3109,2355
2691,2262
1924,2063
1250,1860
1030,1787
1385,1899
2120,2125
2834,2314
3109,2366
2679,2269
1909,2066
1236,1859
1032,1776
1401,1878
2144,2106
2848,2299
3108,2355
2673,2264
1907,2064
1231,1856
1049,1772
1403,1874
2162,2098
2863,2292
3112,2338
2670,2242
1903,2042
1218,1845
1031,1771
1411,1885
2157,2104
2862,2285
3108,2327
2660,2228
1885,2028
1225,1834
1048,1763
1429,1880
2176,2110
2865,2298
3092,2337
2638,2238
1879,2030
1221,1829
1048,1753
1442,1874
2186,2107
2881,2297
3107,2342
2645,2241
1870,2033
1204,1835
1033,1763
1427,1882
2191,2114
2886,2294
3099,2341
2631,2240
1850,2042
1204,1854
1049,1786
1448,1907
2198,2134
2882,2310
3085,2347
2613,2237
1846,2039
1196,1851
1049,1793
1455,1919
2210,2149
2897,2325
3089,2351
2607,2249
1825,2044
1178,1851
1044,1788
1465,1909
2229,2143
2911,2332
3087,2361
2596,2255
1818,2049
1178,1847
1047,1785
1466,1914
2223,2143
2904,2320
3065,2353
2590,2240
1819,2034
1190,1853
1058,1790
1477,1917
2237,2145
2911,2314
3080,2340
2578,2229
1797,2024
1170,1833
1057,1783
1500,1912
2262,2140
2937,2314
3089,2338
2567,2219
1785,2004
1165,1812
1064,1756
1506,1899
2263,2135
2931,2305
3080,2331
2566,2212
1787,2006
1173,1819
1068,1769
1509,1900
2278,2131
2942,2300
3080,2326
2560,2210
1775,2003
1163,1816
1078,1771
1529,1905
2280,2135
2929,2309
3065,2330
2542,2209
1758,1995
1153,1811
1074,1773
1538,1917
2305,2151
2952,2320
3065,2337
2522,2213
1733,2005
1128,1824
1068,1785
1546,1927
2311,2158
2956,2327
3057,2345
2517,2226
1732,2015
1136,1833
1070,1794
1546,1934
2312,2170
2956,2334
3055,2351
2512,2228
1724,2017
1132,1837
1077,1802
1558,1947
2326,2180
2962,2340
3046,2351
2494,2223
1707,2007
1125,1831
1081,1794
1574,1944
2335,2179
2966,2341
3042,2350
2487,2225
1704,2013
1123,1827
1076,1794
1572,1939
2342,2173
2975,2325
3051,2333
2501,2207
1712,1997
1123,1819
1083,1788
1584,1944
2357,2176
2984,2324
3043,2328
2475,2197
1689,1979
1124,1799
1095,1772
1606,1932
2376,2169
2984,2321
3036,2324
2464,2190
1684,1975
1124,1798
1093,1773
1608,1933
2379,2166
2996,2321
3041,2321
2463,2193
1673,1980
1112,1802
1101,1778
1616,1932
2389,2169
3002,2321
3032,2317
2449,2184
1664,1967
1113,1793
1105,1780
1627,1942
2401,2188
2996,2336
3018,2328
2433,2191
1650,1977
1105,1802
1103,1787
1631,1955
2402,2189
3005,2339
3019,2340
2423,2205
1637,1996
1089,1825
1091,1807
1635,1964
2414,2197
3007,2343
3013,2338
2409,2199
1626,1990
1093,1824
1109,1809
1651,1976
2423,2213
3005,2349
2999,2337
2395,2197
1618,1981
1089,1812
1111,1805
1655,1972
2431,2208
3015,2346
2999,2341
2385,2201
1609,1983
1100,1810
1126,1797
1668,1963
2443,2200
3021,2342
2996,2332
2379,2188
1597,1973
1086,1803
1124,1799
1685,1972
2463,2200
3046,2333
3006,2318
2370,2162
1586,1952
1082,1791
1132,1789
1700,1964
2475,2195
3037,2329
2989,2314
2359,2161
1588,1946
1090,1783
1147,1784
1710,1960
2482,2195
3043,2330
2994,2311
2357,2160
1573,1946
1084,1784
1144,1789
1721,1966
2497,2199
3047,2328
2982,2306
2332,2159
1559,1941
1078,1784
1149,1790
1732,1972
2503,2209
3044,2336
2972,2315
2323,2165
1552,1949
1075,1796
1149,1808
1727,1993
2494,2213
3049,2340
2964,2318
2311,2167
1533,1958
1066,1802
1152,1818
1747,1998
2521,2229
3058,2356
2960,2326
2294,2170
1513,1954
1054,1797
1155,1815
1757,2003
2525,2233
3053,2360
2946,2328
2290,2170
1518,1954
1058,1803
1162,1821
1757,2008
2521,2234
3053,2352
2943,2326
2281,2172
1504,1955
1057,1804
1160,1822
1776,2008
2547,2230
3063,2345
2940,2314
2267,2150
1497,1934
1056,1781
1176,1811
1788,2005
2560,2227
3069,2344
2938,2309
2251,2142
1495,1925
1058,1772
1176,1799
1791,1991
2565,2213
3073,2326
2945,2298
2265,2140
1489,1928
1058,1782
1186,1811
1812,2003
2580,2230
3083,2336
2924,2298
2242,2131
1477,1911
1065,1762
1193,1794
1826,1994
2598,2227
3086,2339
2918,2305
2230,2144
1465,1924
1051,1777
1196,1808
1836,1998
2609,2221
3080,2327
2902,2288
2212,2125
1453,1919
1050,1785
1202,1830
1841,2034
2608,2258
3083,2364
2897,2317
2202,2142
1449,1919
1040,1780
1192,1819
1846,2029
2621,2254
3089,2357
2890,2314
2189,2152
1428,1941
1042,1807
1212,1843
1864,2039
2629,2258
3087,2356
2870,2306
2164,2137
1421,1929
1039,1785
1215,1831
1870,2035
2630,2256
3091,2357
2876,2310
2174,2138
1417,1926
1032,1793
1212,1840
1871,2045
2641,2262
3091,2356
2869,2300
2161,2128
1412,1915
1040,1782
1231,1837
1894,2039
2655,2259
3095,2352
2861,2304
2145,2102
1407,1895
1046,1768
1237,1820
1907,2026
2667,2244
3105,2337
2861,2283
2142,2107
1395,1895
1035,1769
1241,1819
1921,2025
2685,2242
3125,2340
2859,2286
2133,2107
1392,1892
1040,1768
1254,1826
1928,2032
2683,2251
3108,2340
2842,2279
2122,2097
1389,1885
1056,1764
1269,1834
1938,2048
2692,2261
3109,2349
2833,2287
2106,2107
1365,1893
1031,1769
1265,1833
1951,2045
2706,2257
3117,2350
2828,2294
2097,2109
1356,1901
1028,1785
1266,1851
1950,2065
2707,2281
3112,2360
2821,2299
2087,2117
1357,1909
1036,1794
1267,1869
1949,2076
2709,2279
3111,2361
2812,2292
2073,2108
1343,1893
1026,1783
1284,1853
1974,2071
2718,2282
3095,2364
2791,2301
2059,2113
1331,1901
1024,1782
1286,1847
1986,2061
2734,2270
3115,2348
2796,2282
2052,2097
1321,1887
1018,1783
1293,1862
2003,2077
2748,2281
3123,2355
2785,2282
2044,2090
1322,1878
1027,1763
1311,1839
2010,2053
2753,2262
3119,2336
2778,2266
2040,2076
1321,1866
1029,1765
1319,1849
2026,2071
2768,2255
3125,2346
2761,2265
2019,2076
1307,1866
1025,1760
1330,1842
2057,2061
2786,2262
3127,2327
2766,2261
2012,2069
1301,1864
1024,1803
1329,1857
2042,2082
2780,2286
3127,2350
2756,2272
2006,2080
1300,1873
1027,1772
1337,1857
2052,2078
2786,2279
3120,2348
2739,2269
1985,2079
1285,1873
1028,1779
1347,1875
2073,2094
2801,2302
3116,2363
2728,2279
1974,2087
1274,1877
1025,1789
1350,1876
2073,2103
2799,2299
3124,2356
2728,2272
1969,2080
1263,1883
1012,1788
1343,1883
2078,2102
2804,2300
3117,2361
2718,2272
1956,2080
1262,1873
1031,1780
1361,1877
2092,2101
2807,2304
3097,2360
2692,2265
1945,2066
1259,1858
1034,1770
1373,1872
2104,2097
2827,2295
3121,2349
2702,2260
1937,2064
1247,1857
1025,1771
1369,1869
2117,2096
2834,2289
3118,2340
2695,2249
1927,2052
1248,1848
1037,1769
1391,1878
2127,2105
2842,2298
3111,2347
2685,2245
1926,2041
1246,1843
1042,1761
1406,1865
2150,2094
2852,2286
3109,2333
2670,2239
1903,2043
1237,1843
1056,1766
1432,1877
2160,2097
2858,2298
3108,2348
2660,2252
1890,2052
1218,1853
1038,1778
1421,1887
2166,2113
2877,2303
3115,2348
2667,2243
1892,2045
1210,1852
1042,1782
1425,1900
2170,2130
2869,2313
3098,2355
2641,2255
1866,2056
1211,1859
1047,1787
1440,1900
2182,2127
2867,2316
3093,2356
2630,2255
1855,2054
1202,1849
1042,1788
1443,1902
2191,2132
2883,2315
3098,2352
2622,2246
1831,2042
1178,1847
1042,1787
1447,1903
2200,2130
2889,2314
3093,2349
2616,2243
1840,2037
1194,1841
1050,1780
1460,1907
2204,2139
2887,2313
3083,2345
2611,2228
1832,2022
1187,1825
1054,1762
1474,1887
2228,2121
2907,2298
3088,2335
2597,2225
1815,2023
1174,1829
1053,1767
1483,1903
2241,2134
2915,2305
3086,2342
2594,2226
1811,2022
1177,1828
1061,1775
1490,1907
2250,2135
2920,2305
3088,2324
2589,2215
1803,2009
1174,1813
1061,1771
1496,1901
2260,2136
2929,2314
3080,2342
2568,2224
1785,2015
1163,1825
1065,1766
1524,1907
2278,2145
2928,2320
3070,2348
2555,2234
1775,2033
1162,1842
1066,1794
1514,1929
2275,2157
2936,2326
3068,2338
2558,2220
1775,2017
1154,1836
1064,1791
1522,1930
2286,2165
2942,2330
3063,2348
2537,2228
1755,2018
1144,1827
1067,1786
1522,1929
2290,2167
2945,2336
3057,2349
2523,2229
1738,2016
1143,1825
1070,1785
1542,1921
2308,2154
2954,2319
3049,2336
2504,2210
1722,2014
1141,1829
1078,1783
1554,1929
2321,2163
2964,2326
3056,2339
2508,2211
1721,1996
1138,1813
1075,1775
1555,1925
2320,2163
2967,2325
3051,2334
2495,2200
1711,1990
1134,1806
1085,1774
1578,1925
2345,2159
2976,2317
3048,2324
2486,2195
1698,1987
1127,1804
1095,1772
1588,1925
2358,2161
2984,2324
3045,2330
2478,2203
1697,1988
1123,1813
1094,1786
1592,1942
2370,2180
2990,2339
3048,2333
2464,2205
1678,1992
1120,1809
1090,1784
1605,1936
2376,2174
2987,2326
3030,2327
2448,2199
1667,1989
1122,1808
1104,1794
1613,1955
2380,2184
2994,2337
3032,2339
2447,2205
1656,1992
1109,1822
1095,1800
1613,1958
2390,2191
3004,2336
3039,2342
2443,2209
1650,1996
1106,1818
1102,1799
1628,1958
2401,2189
3002,2340
3017,2338
2416,2201
1639,1989
1099,1810
1112,1799
1644,1961
2410,2188
3008,2333
3017,2329
2414,2190
1630,1977
1098,1802
1107,1794
1648,1957
2422,2186
3017,2331
3020,2327
2405,2185
1618,1973
1094,1793
1114,1785
1661,1948
2439,2182
3019,2323
3005,2318
2396,2172
1618,1961
1098,1796
1126,1798
1670,1973
2433,2197
3016,2330
3005,2317
2387,2172
1607,1958
1092,1791
1130,1791
1686,1961
2462,2192
3028,2330
2991,2322
2365,2178
1592,1963
1089,1787
1130,1793
1694,1960
2469,2197
3037,2329
2991,2314
2360,2166
1581,1954
1081,1801
1128,1801
1707,1980
2485,2209
3039,2339
2979,2325
2340,2176
1568,1968
1082,1809
1138,1817
1711,1995
2486,2227
3037,2358
2974,2337
2338,2186
1568,1967
1085,1795
1137,1799
1713,1980
2498,2213
3045,2343
2969,2323
2326,2174
1546,1960
1066,1801
1142,1810
1730,1993
2511,2219
3061,2344
2967,2320
2316,2168
1537,1953
1067,1795
1145,1804
1734,1988
2509,2224
3049,2349
2957,2328
2305,2166
1543,1956
1084,1795
1156,1804
1747,1988
2525,2214
3059,2337
2956,2311
2296,2152
1519,1936
1065,1784
1162,1801
1769,1985
2546,2214
3069,2342
2940,2314
2279,2139
1517,1920
1064,1768
1169,1796
1777,1987
2546,2219
3068,2339
2950,2309
2283,2149
1513,1935
1067,1789
1162,1816
1771,1999
2555,2225
3070,2339
2942,2303
2268,2142
1498,1927
1063,1777
1181,1806
1799,1997
2572,2225
3070,2348
2926,2314
2245,2144
1461,1931
1055,1786
1181,1813
1806,2005
2575,2231
3077,2345
2927,2312
2242,2151
1475,1940
1054,1795
1178,1828
1802,2020
2571,2244
3081,2357
2918,2318
2235,2154
1469,1941
1048,1794
1190,1832
1827,2023
2591,2249
3077,2362
2902,2320
2213,2149
1461,1931
1055,1789
1197,1824
1837,2023
2601,2247
3083,2356
2898,2311
2199,2146
1441,1932
1036,1791
1204,1827
1863,2017
2623,2240
3083,2346
2893,2304
2195,2136
1438,1922
1041,1785
1208,1822
1857,2019
2625,2243
3091,2342
2897,2291
2197,2121
1432,1903
1043,1769
1219,1816
1870,2020
2637,2242
3093,2344
2880,2292
2176,2119
1423,1903
1044,1768
1234,1812
1890,2017
2639,2238
3092,2338
2873,2294
2167,2121
1417,1907
1044,1778
1229,1826
1895,2028
2661,2247
3106,2342
2879,2286
2164,2113
1404,1898
1032,1768
1227,1829
1903,2030
2662,2251
3102,2345
2859,2294
2146,2115
1397,1905
1041,1780
1245,1837
1916,2045
2667,2264
3086,2358
2832,2297
2126,2123
1389,1910
1035,1793
1250,1852
1922,2061
2680,2274
3105,2369
2839,2302
2117,2127
1374,1915
1021,1781
1241,1843
1933,2058
2692,2269
3106,2353
2835,2293
2104,2116
1368,1900
1030,1782
1256,1849
1933,2059
2690,2273
3098,2353
2825,2283
2112,2103
1371,1895
1028,1776
1263,1843
1948,2056
2703,2271
3102,2352
2815,2287
2082,2106
1350,1892
1024,1772
1272,1833
1972,2039
2731,2259
3116,2341
2811,2272
2074,2092
1345,1876
1030,1762
1285,1836
1977,2053
2726,2263
3115,2341
2806,2270
2075,2082
1357,1872
1036,1762
1289,1838
1987,2056
2734,2269
3120,2348
2801,2281
2059,2094
1337,1882
1034,1771
1310,1843
1996,2060
2741,2274
3123,2348
2791,2269
2045,2077
1326,1871
1032,1764
1313,1846
2019,2066
2761,2279
3125,2354
2776,2279
2017,2090
1294,1885
1023,1782
1316,1859
2023,2073
2765,2280
3124,2354
2772,2277
2022,2091
1302,1890
1021,1784
1318,1865
2021,2084
2753,2293
3113,2367
2759,2282
2006,2091
1295,1880
1020,1783
1329,1870
2045,2094
2777,2297
3123,2368
2745,2289
1986,2102
1281,1894
1017,1796
1337,1877
2054,2097
2783,2292
3121,2357
2741,2275
1958,2088
1279,1876
1019,1783
1337,1879
2055,2095
2786,2298
3130,2364
2738,2270
1980,2080
1274,1865
1024,1773
1347,1865
2070,2084
2796,2287
3121,2348
2726,2261
1965,2067
1277,1862
1036,1761
1377,1861
2098,2084
2808,2280
3119,2340
2714,2249
1953,2053
1267,1846
1034,1754
1370,1854
2099,2078
2821,2273
3125,2331
2724,2244
1954,2054
1265,1843
1037,1758
1381,1856
2115,2083
2833,2279
3120,2336
2705,2247
1941,2049
1254,1845
1045,1761
1395,1872
2124,2103
2835,2292
3116,2349
2691,2252
1925,2056
1243,1848
1036,1768
1394,1877
2130,2103
2842,2296
3112,2347
2680,2256
1909,2066
1224,1863
1029,1777
1399,1886
2143,2115
2849,2306
3106,2359
2667,2261
1899,2062
1227,1865
1037,1787
1414,1903
2151,2138
2844,2325
3084,2369
2658,2265
1890,2064
1219,1863
1035,1784
1418,1899
2159,2126
2858,2312
3097,2356
2640,2258
1868,2059
1215,1861
1042,1782
1418,1898
2171,2126
2867,2309
3100,2357
2636,2251
1864,2047
1204,1856
1038,1777
1430,1900
2182,2130
2889,2312
3108,2349
2633,2238
1855,2036
1200,1838
1046,1767
1449,1879
2201,2117
2886,2299
3095,2341
2619,2234
1841,2033
1208,1831
1065,1762
1461,1881
2205,2115
2898,2297
3096,2333
2619,2222
1840,2023
1197,1824
1056,1765
1471,1894
2224,2125
2912,2304
3110,2336
2614,2224
1829,2023
1188,1834
1060,1770
1478,1899
2234,2134
2910,2306
3090,2341
2590,2230
1814,2018
1183,1820
1062,1768
1487,1911
2239,2132
2915,2311
3081,2342
2583,2227
1801,2027
1173,1838
1060,1783
1491,1919
2250,2152
2925,2330
3082,2360
2570,2246
1778,2038
1166,1843
1062,1788
1502,1921
2261,2154
2927,2322
3071,2348
2560,2231
1777,2024
1161,1833
1063,1789
1505,1930
2253,2160
2920,2326
3069,2348
2550,2231
1767,2023
1149,1832
1058,1786
1506,1927
2276,2159
2936,2328
3071,2348
2541,2230
1748,2015
1136,1827
1062,1778
1523,1922
2288,2154
2942,2323
3064,2341
2536,2215
1753,2004
1149,1811
1072,1775
1533,1915
2296,2146
2945,2309
3067,2328
2526,2205
1745,1994
1148,1806
1076,1767
1551,1912
2316,2146
2958,2313
3058,2331
2515,2202
1729,1995
1137,1806
1090,1774
1563,1930
2331,2162
2971,2325
3056,2338
2505,2204
1723,1998
1139,1811
1083,1778
1578,1928
2348,2162
2983,2318
3053,2329
2493,2206
1708,1995
1132,1811
1087,1783
1582,1933
2347,2171
2973,2333
3021,2341
2477,2213
1701,2001
1133,1819
1085,1791
1584,1948
2359,2178
2985,2341
3039,2347
2467,2217
1681,2012
1117,1835
1090,1806
1600,1959
2374,2187
2986,2336
3026,2342
2448,2213
1672,2004
1114,1819
1059,1803
1604,1953
2373,2191
2990,2339
3031,2348
2450,2203
1665,1990
1110,1807
1083,1790
1592,1953
2378,2193
2994,2343
3023,2322
2437,2205
1650,1992
1109,1811
1104,1790
1625,1949
2397,2182
3001,2335
3013,2331
2415,2190
1638,1978
1105,1801
1103,1783
1637,1946
2414,2176
3012,2320
3020,2316
2419,2173
1639,1960
1101,1790
1108,1782
1639,1944
2411,2175
3020,2323
3012,2318
2413,2171
1629,1957
1100,1788
1126,1783
1662,1955
2434,2193
3017,2336
3002,2325
2395,2182
1625,1952
1108,1790
1132,1767
1670,1951
2445,2192
3026,2332
3012,2327
2388,2184
1600,1971
1086,1802
1116,1790
1677,1957
2460,2189
3048,2332
3009,2325
2376,2185
1595,1975
1085,1812
1125,1813
1684,1983
2457,2218
3028,2351
2991,2335
2366,2186
1588,1970
1092,1815
1138,1819
1696,1995
2470,2220
3035,2354
2987,2333
2351,2185
1570,1967
1077,1806
1132,1805
1714,1983
2479,2218
3027,2351
2974,2352
2342,2178
1561,1959
1069,1797
1131,1796
1713,1979
2492,2216
3047,2345
2975,2330
2332,2176
1548,1965
1058,1800
1128,1806
1726,1982
2502,2199
3046,2330
2965,2310
2323,2158
1546,1945
1076,1788
1156,1797
1739,1981
2514,2209
3041,2335
2946,2307
2306,2156
1537,1937
1071,1780
1150,1797
1756,1982
2529,2213
3059,2335
2958,2304
2301,2150
1524,1927
1059,1776
1150,1793
1769,1987
2541,2213
3064,2336
2962,2309
2294,2149
1525,1932
1071,1774
1168,1792
1772,1983
2541,2220
3061,2348
2947,2322
2297,2156
1516,1942
1063,1791
1171,1806
1783,1993
2550,2223
3065,2342
2933,2314
2260,2156
1493,1946
1054,1796
1184,1819
1802,2006
2576,2237
3074,2353
2918,2321
2249,2151
1484,1940
1052,1796
1175,1834
1800,2033
2573,2249
3076,2363
2927,2323
2252,2153
1490,1939
1057,1795
1177,1814
1807,2025
2577,2251
3071,2363
2916,2315
2233,2151
1462,1931
1048,1781
1180,1813
1825,2012
2591,2244
3075,2358
2907,2320
2218,2154
1460,1935
1048,1788
1192,1819
1831,2011
2599,2237
3083,2340
2909,2302
2219,2135
1453,1924
1042,1785
1184,1819
1843,2010
2615,2234
3089,2336
2903,2290
2205,2113
1442,1896
1050,1756
1207,1806
1858,2011
2623,2243
3085,2351
2880,2299
2192,2122
1445,1902
1053,1764
1216,1811
1873,2013
2636,2241
3098,2344
2884,2298
2180,2127
1426,1910
1045,1774
1230,1811
1878,2014
2644,2238
3095,2340
2882,2304
2172,2126
1418,1908
1040,1779
1219,1820
1879,2029
2649,2254
3107,2353
2883,2304
2164,2125
1410,1916
1039,1790
1230,1842
1893,2045
2652,2266
3093,2361
2861,2311
2147,2133
1377,1922
1044,1790
1255,1846
1917,2047
2666,2270
3096,2366
2854,2309
2137,2126
1388,1915
1032,1781
1243,1841
1913,2046
2669,2272
3106,2363
2850,2308
2138,2123
1380,1905
1028,1785
1241,1839
1919,2043
2681,2260
3103,2357
2840,2300
2120,2124
1378,1904
1036,1778
1259,1840
1934,2054
2683,2258
3101,2341
2831,2284
2112,2102
1371,1887
1033,1764
1264,1829
1951,2039
2702,2255
3114,2340
2832,2280
2094,2102
1351,1883
1025,1759
1275,1824
1962,2041
2712,2257
3112,2342
2822,2275
2090,2092
1358,1876
1037,1760
1287,1839
1968,2057
2712,2268
3105,2344
2818,2273
2083,2089
1354,1875
1035,1763
1285,1833
1983,2046
2731,2263
3116,2349
2806,2280
2062,2101
1332,1886
1021,1770
1281,1844
1990,2058
2736,2270
3113,2351
2781,2280
2050,2100
1329,1896
1024,1791
1299,1865
1994,2085
2741,2289
3112,2360
2782,2286
2046,2100
1318,1892
1021,1787
1305,1865
1989,2088
2755,2290
3120,2363
2768,2295
2027,2104
1309,1895
1021,1780
1321,1851
2018,2082
2762,2290
3117,2364
2761,2286
2015,2096
1301,1892
1019,1785
1317,1870
2029,2090
2774,2290
3133,2356
2761,2275
2001,2084
1293,1875
1020,1772
1328,1860
2040,2076
2775,2281
3125,2351
2749,2268
1999,2077
1296,1863
1025,1759
1329,1850
2052,2070
2791,2276
3128,2339
2744,2255
1987,2064
1283,1858
1029,1761
1352,1858
2069,2080
2802,2279
3119,2341
2728,2252
1964,2061
1277,1853
1034,1756
1359,1849
2082,2077
2809,2281
3126,2345
2729,2257
1970,2066
1265,1854
1039,1760
1360,1859
2080,2086
2809,2294
3124,2349
2723,2258
1955,2061
1264,1858
1032,1769
1374,1874
2103,2102
2823,2294
3117,2354
2701,2269
1930,2074
1248,1866
1033,1783
1377,1885
2108,2107
2824,2304
3113,2358
2698,2267
1932,2073
1245,1872
1031,1789
1381,1894
2113,2117
2828,2307
3123,2361
2687,2263
1918,2067
1236,1863
1036,1785
1396,1892
2129,2121
2841,2310
3107,2361
2669,2265
1902,2066
1233,1854
1047,1779
1405,1891
2135,2117
2846,2310
3109,2359
2670,2260
1899,2060
1227,1853
1037,1770
1404,1879
2147,2108
2857,2295
3116,2345
2674,2254
1895,2046
1221,1842
1042,1765
1420,1873
2163,2103
2865,2290
3104,2333
2649,2234
1884,2027
1216,1830
1053,1761
1439,1880
2176,2107
2870,2292
3104,2339
2646,2234
1872,2034
1214,1838
1045,1766
1438,1883
2194,2112
2882,2294
3090,2333
2629,2235
1862,2029
1209,1829
1053,1761
1450,1885
2201,2121
2890,2303
3101,2341
2627,2231
1853,2033
1200,1830
1041,1774
1443,1909
2206,2139
2893,2315
3089,2347
2609,2241
1834,2040
1190,1849
1052,1785
1466,1910
2217,2141
2896,2319
3082,2353
2597,2251
1825,2048
1185,1848
1051,1799
1438,1918
2220,2152
2910,2330
3089,2359
2592,2249
1810,2044
1177,1848
1048,1788
1472,1923
2239,2153
2917,2325
3081,2353
2582,2244
1800,2037
1172,1848
1053,1786
1482,1917
2258,2156
2914,2324
3071,2352
2573,2242
1797,2022
1182,1837
1062,1780
1496,1910
2255,2146
2925,2314
3075,2339
2565,2220
1785,2015
1162,1822
1058,1770
1508,1907
2277,2140
2953,2308
3083,2332
2555,2210
1773,1998
1163,1810
1066,1764
1520,1905
2280,2141
2939,2308
3073,2328
2551,2204
1772,1994
1168,1809
1070,1771
1530,1924
2290,2143
2949,2314
3069,2334
2539,2208
1756,2003
1154,1809
1079,1764
1538,1910
2310,2146
2954,2319
3053,2344
2517,2218
1746,2002
1145,1810
1074,1771
1549,1917
2312,2154
2962,2324
3062,2337
2519,2217
1733,2013
1145,1824
1071,1797
1538,1943
2308,2173
2959,2336
3054,2351
2505,2222
1719,2017
1136,1829
1080,1796
1565,1947
2330,2182
2964,2343
3043,2359
2479,2230
1694,2015
1126,1832
1085,1804
1569,1948
2346,2188
2973,2340
3043,2344
2475,2213
1690,2004
1113,1824
1082,1798
1589,1949
2352,2177
2975,2340
3038,2340
2473,2212
1687,2004
1121,1820
1088,1786
1587,1944
2356,2178
2982,2324
3042,2332
2479,2199
1696,1980
1117,1802
1094,1781
1606,1934
2377,2172
2995,2326
3034,2325
2446,2188
1669,1973
1115,1791
1103,1768
1631,1922
2397,2153
3001,2306
3031,2318
2445,2183
1660,1970
1112,1793
1102,1771
1623,1934
2402,2172
3007,2323
3035,2321
2449,2185
1664,1967
1104,1791
1106,1778
1633,1939
2410,2179
3003,2329
3005,2328
2425,2186
1645,1973
1110,1794
1114,1782
1655,1956
2416,2196
3002,2339
3007,2329
2409,2187
1628,1977
1099,1813
1111,1805
1654,1979
2427,2204
3017,2345
3010,2333
2398,2193
1617,1983
1080,1816
1093,1810
1660,1979
2438,2214
3023,2356
3003,2345
2388,2201
1606,1989
1089,1819
1117,1811
1669,1989
2442,2218
3012,2357
2980,2340
2370,2193
1598,1977
1089,1808
1120,1803
1677,1973
2450,2208
3027,2349
2990,2335
2366,2194
1579,1977
1075,1804
1120,1800
1687,1968
2471,2200
3036,2340
2989,2325
2359,2172
1577,1957
1081,1794
1128,1794
1702,1975
2479,2206
3033,2338
2984,2314
2352,2153
1584,1934
1080,1779
1135,1778
1710,1957
2486,2196
3045,2331
2981,2312
2341,2164
1565,1945
1076,1780
1146,1784
1733,1960
2506,2191
3051,2331
2976,2310
2331,2152
1552,1937
1077,1774
1153,1784
1742,1967
2514,2204
3059,2331
2974,2314
2320,2155
1538,1948
1069,1795
1155,1807
1746,1987
2522,2216
3056,2342
2962,2314
2306,2158
1530,1947
1075,1788
1162,1813
1755,1999
2518,2228
3053,2356
2951,2325
2291,2164
1519,1953
1065,1801
1158,1821
1765,2010
2541,2239
3062,2360
2946,2332
2273,2167
1489,1958
1049,1812
1169,1831
1780,2013
2550,2242
3064,2360
2941,2326
2272,2171
1501,1955
1053,1800
1162,1826
1772,2013
2542,2242
3055,2362
2931,2329
2260,2160
1492,1943
1054,1791
1171,1814
1794,2002
2562,2234
3065,2341
2930,2310
2247,2150
1477,1928
1048,1781
1184,1812
1810,2008
2576,2236
3075,2348
2921,2301
2239,2135
1474,1907
1053,1763
1191,1799
1817,1997
2589,2221
3080,2327
2929,2288
2234,2125
1471,1908
1052,1768
1194,1817
1833,2006
2603,2235
3084,2344
2915,2304
2219,2132
1460,1907
1053,1761
1214,1790
1858,1997
2610,2231
3086,2337
2907,2297
2215,2133
1451,1915
1048,1775
1207,1813
1850,2015
2618,2239
3094,2342
2901,2303
2209,2135
1446,1927
1045,1786
1214,1825
1860,2027
2628,2250
3092,2355
2885,2310
2181,2142
1429,1927
1040,1794
1221,1841
1875,2046
2641,2267
3093,2366
2880,2312
2174,2141
1421,1929
1036,1793
1218,1842
1878,2048
2647,2263
3092,2367
2855,2314
2142,2142
1403,1930
1039,1790
1230,1836
1891,2038
2648,2260
3084,2355
2860,2305
2146,2133
1399,1914
1033,1784
1218,1831
1885,2039
2658,2259
3100,2351
2857,2291
2139,2120
1390,1906
1036,1778
1246,1829
1914,2037
2675,2256
3106,2349
2846,2291
2124,2111
1376,1897
1037,1766
1255,1817
1927,2027
2682,2244
3107,2333
2846,2279
2122,2098
1379,1882
1037,1761
1258,1821
1934,2035
2700,2253
3125,2336
2839,2275
2109,2097
1373,1884
1040,1758
1272,1824
1952,2036
2704,2254
3110,2342
2828,2279
2095,2104
1371,1877
1050,1767
1281,1835
1960,2053
2712,2268
3114,2349
2820,2291
2087,2111
1349,1894
1030,1785
1276,1851
1966,2062
2720,2272
3122,2353
2823,2294
2075,2111
1341,1902
1028,1785
1285,1860
1977,2070
2721,2279
3113,2362
2800,2288
2057,2108
1338,1901
1033,1789
1303,1871
1990,2085
2733,2294
3113,2370
2793,2296
2051,2108
1323,1896
1019,1785
1293,1859
1992,2076
2741,2285
3120,2360
2785,2300
2034,2112
1313,1893
1026,1784
1300,1858
2004,2075
2745,2282
3115,2360
2778,2283
2036,2094
1318,1879
1030,1771
1316,1851
2012,2072
2744,2273
3118,2341
2768,2264
2020,2077
1306,1847
1024,1753
1323,1837
2035,2056
2773,2267
3124,2341
2761,2266
2007,2080
1288,1871
1021,1765
1331,1851
2044,2075
2784,2275
3129,2345
2757,2262
2001,2065
1294,1850
1027,1752
1340,1841
2063,2066
2795,2269
3127,2334
2742,2268
1990,2068
1287,1864
1032,1767
1349,1858
2066,2081
2796,2282
3118,2348
2731,2266
1983,2074
1291,1862
1034,1767
1354,1866
2079,2091
2805,2294
3119,2356
2718,2275
1960,2086
1267,1879
1024,1794
1358,1889
2092,2112
2824,2308
3129,2362
2717,2277
1950,2086
1263,1880
1029,1787
1364,1885
2095,2105
2814,2303
3113,2361
2707,2267
1948,2073
1260,1867
1030,1775
1369,1882
2101,2107
2823,2305
3110,2363
2694,2273
1927,2082
1245,1874
1034,1786
1385,1883
2122,2107
2836,2308
3108,2358
2681,2264
1919,2065
1239,1859
1032,1773
1391,1877
2128,2101
2844,2291
3117,2341
2682,2243
1915,2038
1241,1842
1034,1766
1384,1871
2131,2097
2847,2285
3109,2334
2673,2235
1900,2033
1231,1831
1047,1757
1418,1869
2155,2103
2861,2294
3105,2344
2653,2246
1882,2036
1226,1836
1047,1760
1426,1879
2168,2103
2870,2293
3108,2340
2652,2237
1881,2037
1217,1836
1041,1764
1423,1883
2170,2109
2879,2300
3106,2343
2645,2242
1867,2039
1208,1842
1046,1771
1435,1890
2183,2123
2871,2316
3108,2352
2626,2248
1854,2042
1209,1850
1053,1789
1445,1913
2194,2143
2885,2321
3091,2361
2624,2248
1844,2028
1191,1858
1043,1796
1448,1915
2205,2141
2895,2322
3089,2360
2612,2256
1831,2050
1186,1852
1045,1784
1456,1909
2213,2141
2897,2320
3087,2354
2611,2245
1823,2036
1179,1840
1050,1781
1469,1911
2223,2145
2904,2320
3082,2357
2592,2242
1814,2034
1181,1838
1058,1775
1489,1901
2246,2132
2914,2312
3079,2339
2582,2231
1801,2021
1174,1826
1064,1764
1496,1896
2256,2125
2926,2297
3082,2327
2576,2210
1791,2000
1157,1811
1048,1762
1499,1903
2264,2133
2936,2311
3082,2330
2573,2211
1794,2006
1171,1812
1072,1760
1516,1898
2274,2137
2925,2322
3061,2340
2549,2225
1778,2013
1166,1819
1071,1773
1523,1912
2284,2146
2942,2316
3070,2339
2544,2216
1758,2012
1143,1827
1061,1774
1523,1910
2291,2153
2946,2324
3066,2347
2533,2226
1753,2019
1147,1835
1072,1796
1531,1939
2301,2172
2952,2336
3057,2351
2531,2222
1752,2020
1122,1837
1071,1802
1541,1946
2309,2176
2958,2341
3055,2354
2513,2230
1729,2019
1135,1833
1069,1791
1554,1938
2330,2174
2971,2341
3048,2352
2497,2224
1715,2018
1126,1827
1075,1790
1558,1936
2329,2172
2964,2329
3048,2338
2498,2209
1723,1992
1141,1814
1083,1782
1571,1934
2343,2171
2975,2329
3051,2337
2491,2205
1703,1992
1123,1809
1086,1773
1587,1923
2359,2159
2976,2320
3046,2314
2475,2189
1693,1975
1135,1795
1088,1768
1598,1928
2369,2163
2996,2318
3044,2325
2461,2190
1663,1978
1111,1798
1098,1778
1615,1929
2384,2164
2996,2319
3038,2323
2455,2187
1673,1972
1116,1798
1097,1775
1614,1935
2378,2175
2983,2333
3027,2336
2444,2199
1659,1981
1109,1804
1099,1787
1625,1949
2397,2184
2997,2339
3017,2339
2425,2202
1635,1987
1088,1818
1106,1802
1639,1966
2409,2199
2996,2351
3015,2346
2409,2208
1632,1990
1101,1815
1113,1800
1644,1964
2411,2199
2986,2349
3020,2353
2410,2212
1623,1995
1093,1828
1099,1806
1649,1974
2424,2203
3012,2341
3015,2334
2396,2193
1611,1981
1089,1804
1116,1795
1674,1970
2434,2209
3013,2347
2998,2332
2396,2186
1611,1968
1084,1798
1121,1789
1672,1964
2447,2199
3032,2336
3005,2326
2390,2182
1605,1964
1087,1798
1127,1786
1692,1953
2463,2185
3031,2324
2993,2313
2368,2168
1588,1950
1088,1782
1133,1763
1707,1954
2479,2190
3033,2326
2995,2308
2364,2159
1587,1948
1089,1791
1136,1793
1711,1969
2482,2197
3051,2326
2988,2306
2354,2162
1575,1941
1095,1779
1141,1788
1720,1970
2493,2206
3045,2335
2976,2317
2337,2163
1561,1946
1062,1786
1147,1791
1733,1982
2495,2224
3032,2355
2959,2328
2323,2180
1548,1963
1072,1801
1152,1810
1729,1989
2509,2220
3046,2352
2968,2329
2316,2178
1535,1969
1056,1809
1133,1814
1740,1992
2515,2227
3054,2357
2955,2328
2299,2178
1524,1963
1063,1816
1147,1827
1748,2012
2528,2238
3062,2352
2951,2326
2285,2164
1511,1946
1058,1800
1160,1815
1764,2001
2539,2229
3055,2354
2941,2324
2276,2160
1511,1943
1063,1789
1177,1806
1773,1994
2548,2229
3080,2348
2942,2321
2269,2153
1498,1931
1060,1775
1172,1831
1789,1986
2566,2215
3084,2332
2948,2296
2263,2129
1493,1918
1051,1769
1170,1798
1802,1988
2574,2221
3074,2339
2929,2305
2252,2144
1491,1925
1078,1772
1205,1801
1818,1987
2585,2217
3079,2335
2928,2295
2242,2131
1472,1915
1053,1770
1190,1803
1819,2000
2591,2226
3088,2336
2918,2311
2221,2148
1459,1925
1050,1786
1197,1818
1831,2017
2597,2237
3076,2356
2905,2311
2215,2143
1439,1924
1056,1786
1204,1829
1828,2029
2594,2247
3078,2356
2899,2311
2204,2150
1440,1939
1044,1797
1205,1839
1855,2033
2620,2257
3080,2366
2890,2323
2184,2158
1418,1942
1030,1802
1207,1841
1855,2040
2621,2256
3079,2351
2888,2305
2183,2138
1431,1913
1045,1800
1216,1840
1858,2046
2615,2262
3078,2357
2883,2305
2174,2129
1423,1917
1042,1785
1228,1832
1881,2037
2643,2256
3094,2348
2876,2298
2158,2128
1403,1900
1035,1758
1236,1811
1895,2018
2656,2244
3098,2341
2865,2288
2156,2108
1405,1892
1040,1764
1230,1818
1900,2029
2661,2244
3126,2336
2860,2282
2144,2111
1397,1893
1040,1764
1249,1821
1917,2025
2679,2239
3104,2338
2850,2281
2139,2098
1401,1882
1047,1751
1255,1811
1927,2033
2685,2256
3109,2355
2839,2294
2114,2112
1374,1898
1034,1772
1261,1831
1944,2043
2702,2261
3110,2351
2828,2292
2101,2110
1365,1903
1031,1778
1258,1837
1944,2050
2698,2270
3108,2359
2826,2304
2096,2122
1364,1914
1030,1785
1264,1854
1947,2059
2704,2275
3106,2360
2809,2295
2080,2120
1352,1909
1026,1790
1277,1857
1966,2070
2717,2272
3106,2352
2793,2292
2051,2116
1333,1909
1022,1788
1281,1861
1976,2077
2725,2283
3115,2363
2799,2288
2062,2103
1330,1892
1022,1779
1280,1854
1973,2064
2732,2273
3127,2353
2795,2281
2053,2093
1328,1877
1030,1758
1303,1844
2006,2058
2744,2266
3122,2346
2778,2275
2037,2077
1325,1863
1034,1760
1316,1838
2015,2055
2752,2264
3124,2347
2781,2265
2031,2078
1316,1867
1035,1764
1315,1844
2024,2057
2767,2262
3140,2341
2779,2265
2025,2072
1309,1865
1027,1763
1321,1844
2036,2069
2774,2269
3121,2346
2758,2271
2009,2072
1302,1861
1041,1764
1342,1849
2041,2075
2775,2278
3121,2345
2749,2273
1995,2089
1292,1882
1022,1788
1338,1871
2051,2091
2791,2289
3136,2352
2752,2273
1986,2088
1280,1880
1026,1783
1345,1874
2066,2100
2792,2293
3134,2358
2734,2277
1976,2084
1266,1884
1015,1798
1347,1892
2074,2112
2802,2303
3117,2363
2717,2274
1957,2079
1268,1873
1033,1779
1361,1869
2088,2096
2800,2293
3097,2356
2700,2271
1949,2080
1262,1868
1031,1775
1370,1877
2100,2106
2825,2303
3118,2358
2704,2266
1945,2072
1246,1863
1019,1766
1367,1867
2115,2089
2833,2281
3120,2336
2697,2247
1933,2054
1248,1848
1038,1765
1391,1865
2124,2091
2836,2289
3126,2341
2683,2254
1931,2056
1251,1849
1041,1765
1397,1863
2135,2091
2847,2282
3116,2334
2685,2243
1915,2040
1236,1845
1037,1760
1401,1867
2157,2097
2858,2291
3109,2342
2671,2244
1898,2046
1229,1850
1040,1777
1411,1890
2152,2119
2856,2303
3096,2339
2667,2243
1902,2037
1237,1844
1041,1778
1414,1895
2157,2127
2863,2318
3104,2354
2651,2256
1877,2052
1214,1851
1040,1778
1424,1905
2177,2135
2885,2315
3106,2369
2643,2259
1867,2057
1210,1856
1041,1780
1431,1897
2178,2126
2872,2315
3095,2354
2632,2253
1856,2053
1206,1865
1044,1796
1433,1901
2186,2129
2881,2313
3096,2352
2624,2252
1844,2053
1194,1853
1048,1781
1447,1895
2203,2121
2892,2306
3088,2342
2609,2230
1838,2033
1195,1844
1053,1780
1461,1915
2212,2132
2897,2305
3086,2338
2610,2226
1835,2024
1194,1836
1054,1778
1456,1899
2216,2127
2908,2299
3090,2331
2597,2220
1818,2017
1183,1818
1062,1764
1487,1895
2239,2132
2911,2311
3085,2345
2594,2234
1807,2020
1179,1822
1060,1766
1492,1895
2255,2129
2929,2301
3078,2334
2574,2220
1789,2014
1166,1828
1068,1774
1515,1904
2262,2134
2925,2314
3071,2347
2561,2230
1784,2029
1168,1836
1059,1787
1505,1920
2268,2156
2930,2325
3077,2348
2566,2233
1775,2012
1154,1827
1065,1786
1518,1925
2281,2163
2937,2336
3069,2355
2539,2237
1758,2026
1147,1835
1066,1790
1532,1928
2302,2158
2943,2323
3060,2351
2532,2230
1751,2024
1145,1832
1068,1792
1530,1932
2294,2163
2948,2325
3058,2346
2527,2221
1751,2015
1143,1826
1071,1783
1543,1929
2301,2161
2956,2326
3054,2338
2515,2215
1730,1998
1143,1815
1084,1779
1563,1924
2327,2167
2953,2322
3045,2329
2506,2199
1721,1990
1135,1806
1081,1771
1567,1922
2336,2162
2975,2322
3059,2336
2501,2209
1714,1999
1124,1816
1072,1777
1573,1923
2347,2157
2977,2317
3051,2325
2487,2197
1710,1987
1133,1804
1090,1772
1591,1929
2356,2166
2974,2325
3029,2327
2466,2197
1691,1994
1122,1814
1092,1782
1599,1931
2369,2160
2987,2324
3037,2332
2460,2205
1673,1999
1108,1822
1083,1796
1600,1950
2379,2186
2988,2336
3033,2340
2452,2206
1667,1991
1114,1816
1094,1791
1611,1953
2379,2186
2990,2340
3037,2338
2437,2202
1652,1995
1106,1821
1101,1804
1624,1949
2394,2197
2998,2343
3014,2339
2421,2204
1644,1987
1092,1810
1116,1790
1641,1947
2402,2189
3005,2337
3018,2340
2415,2201
1634,1986
1095,1814
1104,1797
1641,1960
2419,2195
3017,2336
3023,2328
2412,2184
1627,1963
1098,1797
1118,1783
1658,1950
2429,2185
3014,2328
3005,2322
2404,2179
1620,1961
1104,1787
1128,1779
1664,1949
2426,2193
3025,2340
3006,2330
2394,2180
1611,1966
1095,1795
1127,1786
1684,1952
2455,2187
3033,2326
3009,2314
2377,2171
1586,1963
1082,1799
1124,1786
1687,1956
2461,2194
3029,2333
3000,2318
2374,2176
1591,1963
1085,1801
1130,1804
1690,1976
2458,2203
3017,2336
2984,2319
2354,2177
1578,1963
1081,1805
1134,1809
1707,1981
2480,2214
3030,2345
2979,2327
2338,2180
1559,1964
1069,1805
1139,1814
1717,1992
2490,2222
3042,2352
2975,2333
2331,2183
1554,1961
1072,1802
1136,1811
1717,1987
2495,2216
3049,2341
2981,2321
2333,2174
1547,1959
1068,1799
1140,1810
1728,1990
2501,2222
3042,2352
2959,2326
2314,2173
1537,1949
1071,1788
1160,1797
1756,1985
2520,2219
3056,2341
2960,2316
2302,2160
1529,1941
1066,1788
1158,1803
1761,1988
2533,2215
3063,2330
2963,2305
2302,2151
1525,1932
1064,1779
1161,1797
1769,1986
2543,2216
3065,2337
2952,2305
2288,2147
1514,1932
1067,1779
1169,1803
1777,1997
2553,2226
3071,2336
2942,2304
2271,2143
1505,1924
1066,1778
1180,1806
1797,1995
2570,2224
3070,2343
2920,2307
2240,2148
1486,1938
1058,1787
1181,1815
1805,2005
2576,2231
3077,2344
2927,2303
2246,2139
1479,1928
1052,1786
1177,1820
1796,2022
2579,2246
3076,2358
2916,2316
2232,2151
1468,1942
1049,1800
1191,1829
1820,2026
2591,2245
3076,2360
2904,2316
2212,2150
1466,1936
1057,1786
1194,1824
1830,2020
2599,2248
3081,2356
2902,2315
2208,2151
1445,1934
1037,1797
1191,1834
1834,2026
2610,2248
3093,2349
2900,2300
2201,2135
1444,1920
1041,1781
1203,1818
1849,2019
2618,2242
3086,2347
2892,2301
2191,2129
1443,1910
1062,1777
1227,1827
1865,2026
2628,2246
3093,2347
2883,2292
2180,2116
1429,1898
1047,1761
1224,1802
1880,2009
2649,2233
3106,2335
2888,2294
2174,2120
1420,1909
1047,1776
1233,1824
1892,2031
2653,2248
3100,2347
2879,2293
2164,2118
1420,1898
1052,1764
1238,1818
1887,2021
2657,2241
3102,2343
2867,2287
2152,2117
1404,1904
1040,1777
1242,1832
1909,2039
2669,2260
3101,2354
2852,2306
2124,2129
1377,1906
1036,1779
1248,1836
1917,2037
2676,2258
3096,2351
2846,2292
2125,2121
1385,1912
1036,1790
1250,1847
1917,2065
2673,2278
3102,2364
2833,2307
2106,2128
1369,1912
1029,1786
1256,1840
1937,2050
2693,2262
3101,2351
2827,2288
2103,2116
1362,1903
1027,1783
1263,1848
1945,2057
2699,2269
3105,2358
2819,2297
2090,2121
1352,1908
1027,1785
1277,1846
1976,2054
2725,2257
3109,2340
2809,2282
2073,2095
1347,1884
1029,1769
1281,1839
1976,2054
2727,2265
3115,2349
2809,2279
2080,2087
1356,1876
1033,1762
1287,1837
1986,2056
2737,2264
3121,2341
2803,2271
2062,2088
1340,1877
1034,1763
1303,1835
2007,2054
2759,2262
3124,2341
2792,2278
2054,2093
1333,1882
1034,1769
1310,1849
2009,2067
2751,2269
3123,2346
2781,2269
2040,2084
1325,1883
1026,1782
1313,1854
2019,2067
2761,2277
3124,2348
2773,2276
2019,2089
1307,1884
1026,1786
1319,1866
2031,2080
2767,2287
3108,2358
2750,2279
2009,2090
1298,1886
1024,1784
1326,1871
2040,2092
2772,2288
3122,2356
2754,2277
2005,2087
1293,1887
1014,1791
1314,1869
2038,2089
2779,2290
3125,2353
2746,2275
1988,2090
1282,1881
1020,1784
1335,1872
2057,2089
2784,2290
3119,2356
2728,2271
1976,2081
1276,1875
1022,1779
1343,1869
2067,2087
2801,2281
3127,2342
2734,2263
1973,2069
1274,1865
1026,1776
1351,1868
2075,2086
2812,2285
3119,2337
2719,2253
1964,2058
1267,1853
1035,1764
1372,1862
2095,2089
2817,2287
3117,2338
2729,2254
1957,2045
1255,1848
1038,1765
1381,1871
2112,2097
2834,2292
3124,2347
2703,2261
1941,2059
1253,1851
1041,1763
1394,1874
2126,2093
2836,2286
3118,2347
2676,2251
1927,2051
1245,1849
1035,1766
1394,1877
2131,2105
2839,2300
3114,2349
2684,2256
1913,2058
1233,1857
1036,1786
1400,1891
2138,2118
2845,2310
3105,2353
2670,2258
1900,2063
1229,1864
1041,1782
1414,1894
2146,2119
2848,2312
3095,2362
2659,2266
1892,2061
1219,1857
1034,1783
1414,1898
2155,2119
2861,2320
3106,2354
2655,2262
1878,2054
1201,1857
1021,1784
1416,1891
2166,2122
2864,2305
3096,2353
2640,2252
1869,2046
1211,1844
1045,1775
1432,1892
2174,2120
2867,2308
3085,2344
2630,2242
1856,2040
1204,1837
1050,1770
1445,1889
2197,2118
2888,2300
3098,2340
2622,2235
1846,2029
1191,1830
1044,1757
1453,1879
2223,2109
2896,2299
3098,2336
2618,2231
1838,2028
1199,1831
1054,1770
1464,1893
2215,2124
2904,2305
3090,2333
2621,2224
1846,2025
1193,1834
1063,1775
1474,1898
2233,2131
2918,2304
3090,2338
2594,2229
1809,2029
1182,1835
1057,1778
1491,1906
2258,2139
2926,2314
3083,2342
2583,2229
1803,2026
1181,1837
1056,1785
1487,1918
2247,2151
2915,2330
3081,2349
2579,2232
1802,2034
1173,1851
1059,1790
1493,1921
2260,2157
2925,2332
3074,2356
2558,2239
1779,2027
1168,1802
1062,1780
1501,1914
2260,2151
2927,2321
3069,2348
2545,2235
1765,2027
1152,1829
1062,1781
1520,1917
2284,2153
2941,2325
3067,2345
2531,2230
1737,2021
1148,1834
1064,1783
1523,1911
2292,2146
2949,2317
3065,2336
2534,2216
1752,2009
1147,1819
1074,1775
1534,1917
2294,2150
2929,2320
3061,2337
2519,2208
1741,1997
1139,1810
1077,1769
1558,1913
2317,2146
2968,2310
3056,2328
2507,2204
1721,1998
1138,1815
1092,1774
1568,1919
2333,2175
2968,2319
3059,2331
2508,2205
1721,1996
1136,1809
1082,1778
1569,1929
2328,2160
2979,2315
3071,2324
2502,2207
1708,1994
1129,1814
1085,1787
1581,1938
2350,2172
2974,2330
3038,2344
2475,2216
1693,2003
1128,1817
1099,1790
1607,1943
2362,2184
2979,2338
3037,2345
2464,2214
1680,2006
1118,1839
1091,1798
1602,1955
2369,2183
2992,2337
3043,2342
2472,2213
1675,2003
1117,1825
1089,1800
1603,1956
2378,2186
2986,2336
3027,2338
2447,2203
1655,1989
1109,1814
1099,1794
1617,1954
2381,2189
2994,2336
3022,2336
2436,2205
1655,1990
1105,1819
1097,1795
1621,1954
2398,2181
3000,2332
3026,2326
2428,2192
1636,1983
1084,1803
1105,1789
1641,1944
2414,2174
3014,2320
3018,2313
2419,2170
1632,1956
1102,1787
1113,1775
1649,1945
2420,2180
3003,2320
3006,2310
2406,2170
1639,1954
1102,1786
1120,1781
1666,1949
2436,2181
3018,2324
3006,2320
2389,2182
1619,1967
1101,1800
1126,1786
1677,1959
2451,2192
3034,2335
3004,2320
2393,2176
1596,1962
1078,1795
1121,1789
1681,1966
2468,2195
3044,2331
2997,2321
2371,2181
1591,1973
1086,1813
1126,1811
1689,1994
2463,2221
3031,2355
2987,2343
2355,2198
1585,1984
1104,1817
1142,1812
1702,1989
2473,2224
3024,2355
2982,2340
2346,2185
1567,1973
1080,1804
1135,1820
1707,1992
2489,2223
3046,2355
2987,2327
2333,2175
1555,1962
1069,1796
1137,1805
1717,1983
2490,2213
3041,2343
2974,2320
2327,2167
1559,1948
1079,1796
1144,1804
1715,1983
2499,2214
3046,2342
2969,2321
2320,2167
1542,1951
1062,1794
1150,1801
1745,1985
2521,2216
3055,2345
2961,2323
2299,2161
1525,1932
1069,1769
1158,1786
1754,1970
2526,2207
3065,2332
2957,2309
2299,2154
1527,1910
1073,1785
1166,1808
1755,1990
2523,2219
3066,2335
2957,2312
2294,2153
1520,1938
1065,1787
1169,1805
1776,1987
2549,2214
3071,2341
2952,2315
2273,2154
1499,1935
1062,1787
1174,1807
1787,1997
2555,2223
3062,2344
2934,2314
2266,2154
1496,1942
1065,1790
1176,1825
1787,2007
2556,2229
3062,2344
2930,2318
2249,2156
1481,1941
1056,1800
1182,1819
1807,2009
2576,2236
3066,2354
2920,2318
2246,2157
1485,1937
1059,1785
1187,1823
1812,2016
2586,2237
3067,2350
2913,2313
2225,2149
1459,1932
1047,1783
1185,1815
1831,2005
2605,2228
3091,2342
2904,2305
2213,2145
1455,1932
1040,1790
1200,1821
1818,2016
2604,2239
3083,2349
2899,2305
2207,2137
1450,1916
1050,1777
1203,1807
1852,2009
2621,2232
3092,2331
2896,2295
2194,2128
1434,1912
1045,1773
1213,1817
1865,2015
2633,2236
3084,2341
2878,2299
2186,2132
1433,1922
1054,1790
1222,1827
1874,2024
2636,2243
3094,2345
2884,2296
2181,2122
1429,1905
1043,1770
1214,1821
1875,2025
2648,2243
3097,2348
2878,2295
2163,2124
1414,1912
1036,1785
1233,1837
1901,2036
2661,2259
3097,2359
2853,2304
2139,2127
1398,1917
1032,1787
1233,1842
1899,2049
2662,2267
3104,2357
2857,2306
2144,2138
1395,1926
1037,1804
1233,1857
1899,2053
2668,2274
3092,2371
2848,2312
2134,2133
1385,1919
1033,1792
1248,1849
1921,2052
2677,2266
3101,2355
2834,2294
2118,2102
1382,1893
1038,1775
1250,1831
1925,2040
2684,2258
3101,2348
2835,2290
2110,2115
1367,1902
1025,1786
1252,1837
1937,2035
2705,2248
3124,2336
2832,2279
2100,2099
1362,1886
1030,1763
1271,1831
1953,2038
2706,2252
3107,2342
2820,2275
2088,2088
1367,1871
1048,1760
1287,1826
1966,2040
2716,2257
3114,2339
2814,2274
2076,2093
1347,1881
1038,1764
1299,1832
1986,2045
2729,2258
3119,2339
2807,2278
2069,2089
1342,1878
1031,1765
1293,1838
1992,2049
2741,2261
3126,2342
2799,2274
2061,2088
1345,1882
1011,1774
1295,1849
2003,2061
2745,2268
3121,2347
2784,2276
2041,2095
1323,1889
1025,1785
1309,1857
2011,2081
2744,2287
3100,2366
2767,2297
2030,2111
1309,1905
1022,1797
1314,1877
2020,2093
2762,2296
3132,2371
2767,2295
2015,2103
1298,1894
1016,1795
1316,1877
2030,2090
2770,2293
3126,2359
2764,2286
2009,2097
1298,1884
1019,1786
1321,1869
2033,2089
2763,2288
3113,2350
2747,2268
2006,2082
1292,1872
1024,1768
1331,1865
2050,2082
2782,2289
3123,2351
2739,2270
1983,2078
1275,1868
1020,1762
1348,1844
2085,2070
2806,2279
3126,2342
2736,2256
1976,2064
1270,1853
1028,1754
1350,1846
2076,2072
2807,2270
3125,2334
2732,2244
1980,2048
1295,1850
1037,1756
1361,1853
2087,2080
2818,2286
3122,2345
2720,2264
1962,2071
1268,1861
1040,1765
1380,1856
2109,2080
2837,2273
3120,2343
2708,2257
1946,2058
1260,1857
1039,1772
1382,1873
2112,2094
2831,2289
3117,2345
2704,2258
1936,2064
1250,1869
1029,1786
1378,1884
2116,2109
2838,2302
3115,2359
2682,2264
1915,2074
1240,1871
1039,1785
1394,1894
2132,2119
2842,2320
3096,2373
2664,2276
1904,2075
1230,1876
1035,1796
1407,1900
2135,2126
2852,2315
3105,2358
2662,2259
1882,2064
1210,1863
1032,1791
1412,1891
2153,2113
2856,2306
3102,2353
2653,2255
1885,2059
1215,1860
1038,1780
1417,1892
2158,2119
2860,2306
3102,2354
2650,2249
1874,2040
1210,1838
1040,1764
1434,1882
2176,2106
2872,2294
3095,2336
2634,2227
1859,2031
1205,1828
1053,1765
1460,1874
2200,2101
2884,2292
3097,2332
2628,2228
1850,2024
1202,1825
1050,1753
1456,1874
2205,2107
2894,2290
3106,2331
2637,2227
1857,2019
1194,1826
1053,1766
1463,1891
2216,2126
2904,2308
3095,2345
2609,2236
1832,2029
1190,1831
1062,1779
1487,1901
2240,2127
2908,2312
3085,2344
2595,2238
1817,2035
1184,1842
1054,1785
1479,1918
2237,2147
2912,2324
3085,2357
2589,2249
1806,2048
1170,1855
1058,1796
1490,1924
2250,2156
2922,2330
3076,2357
2572,2248
1795,2040
1169,1849
1059,1798
1499,1935
2258,2171
2917,2344
3068,2360
2562,2247
1785,2039
1163,1844
1057,1789
1501,1926
2260,2152
2925,2319
3071,2355
2558,2228
1769,2026
1149,1833
1043,1783
1507,1918
2279,2147
2937,2318
3067,2340
2543,2218
1762,2012
1153,1821
1070,1778
1528,1909
2309,2148
2940,2289
3058,2327
2533,2205
1753,1997
1149,1807
1068,1761
1533,1905
2305,2140
2957,2304
3065,2323
2529,2203
1742,1993
1157,1807
1088,1766
1555,1912
2320,2142
2959,2308
3062,2323
2521,2195
1734,1985
1142,1803
1083,1765
1559,1916
2331,2151
2976,2316
3071,2327
2505,2196
1715,1993
1135,1813
1085,1780
1578,1932
2342,2167
2973,2326
3049,2338
2487,2210
1701,2005
1138,1821
1102,1789
1588,1934
2345,2173
2972,2342
3043,2348
2482,2221
1693,2012
1124,1828
1087,1802
1588,1953
2357,2187
2983,2348
3045,2355
2472,2222
1684,2009
1119,1835
1089,1803
1596,1952
2365,2187
2982,2341
3033,2353
2455,2221
1675,2010
1117,1830
1094,1797
1600,1949
2369,2192
2986,2345
3028,2348
2448,2213
1663,2000
1106,1820
1092,1796
1611,1948
2389,2180
3003,2334
3031,2339
2437,2209
1640,1987
1098,1805
1102,1783
1623,1942
2396,2176
3000,2324
3022,2323
2433,2183
1659,1965
1109,1789
1108,1772
1633,1939
2397,2172
2997,2319
3017,2316
2422,2176
1639,1963
1105,1786
1112,1771
1646,1937
2423,2173
3016,2321
3018,2321
2413,2177
1624,1963
1096,1785
1119,1775
1659,1945
2433,2180
3022,2326
3014,2322
2406,2179
1626,1966
1098,1802
1121,1791
1665,1962
2432,2199
3018,2325
3013,2324
2397,2186
1611,1972
1093,1802
1120,1797
1676,1967
2453,2203
3023,2345
2996,2335
2373,2197
1593,1979
1082,1811
1135,1808
1699,1981
2461,2218
3027,2357
2994,2341
2371,2197
1582,1983
1084,1814
1127,1813
1699,1986
2475,2218
3045,2351
2989,2337
2354,2191
1572,1975
1078,1807
1128,1809
1699,1983
2472,2208
3031,2350
2981,2338
2345,2185
1570,1963
1081,1800
1127,1800
1703,1983
2485,2215
3040,2344
2974,2324
2336,2172
1555,1956
1073,1791
1145,1794
1729,1977
2504,2206
3049,2332
2961,2315
2309,2167
1544,1944
1073,1776
1146,1782
1737,1961
2511,2194
3054,2326
2969,2304
2318,2150
1542,1929
1073,1771
1150,1785
1734,1971
2515,2215
3054,2335
2965,2303
2309,2149
1539,1927
1072,1772
1165,1785
1761,1971
2534,2206
3059,2337
2949,2310
2286,2149
1514,1928
1067,1781
1168,1803
1769,1987
2541,2222
3068,2344
2949,2312
2281,2155
1510,1939
1060,1787
1162,1810
1774,1998
2551,2225
3075,2353
2942,2320
2260,2164
1497,1952
1059,1802
1174,1826
1790,2017
2558,2239
3063,2361
2928,2328
2243,2165
1492,1945
1071,1802
1191,1829
1798,2022
2567,2248
3071,2364
2926,2325
2244,2168
1475,1954
1050,1808
1179,1831
1804,2015
2577,2236
3088,2347
2936,2312
2238,2153
1467,1935
1045,1798
1182,1828
1814,2020
2579,2246
3076,2354
2916,2313
2223,2146
1470,1925
1059,1784
1205,1820
1829,2004
2596,2227
3081,2334
2910,2292
2222,2124
1457,1911
1050,1773
1202,1809
1838,2009
2614,2231
3092,2334
2906,2298
2198,2128
1445,1904
1051,1766
1214,1804
1862,2000
2627,2224
3093,2327
2897,2281
2199,2113
1437,1898
1035,1767
1199,1820
1866,2022
2641,2241
3098,2336
2890,2288
2193,2128
1429,1902
1047,1768
1225,1816
1878,2015
2640,2239
3083,2347
2864,2298
2157,2126
1421,1910
1041,1783
1229,1835
1890,2041
2650,2261
3100,2359
2866,2305
2152,2132
1404,1916
1027,1787
1211,1838
1897,2056
2663,2271
3098,2365
2859,2312
2140,2129
1398,1919
1034,1796
1236,1848
1900,2063
2668,2283
3096,2371
2848,2312
2141,2135
1397,1913
1036,1778
1244,1840
1909,2053
2673,2275
3101,2368
2836,2337
2126,2151
1376,1919
1028,1785
1245,1847
1933,2055
2700,2272
3114,2362
2833,2298
2101,2096
1367,1892
1032,1770
1261,1830
1943,2041
2700,2257
3108,2348
2830,2283
2100,2092
1373,1880
1040,1763
1269,1825
1953,2040
2713,2255
3117,2341
2822,2276
2092,2090
1353,1876
1033,1755
1277,1819
1974,2036
2725,2253
3122,2340
2820,2274
2082,2092
1353,1875
1037,1758
1288,1829
1981,2038
2728,2256
3119,2338
2809,2270
2064,2092
1346,1882
1031,1772
1288,1846
1990,2054
2738,2262
3118,2344
2797,2279
2055,2094
1330,1884
1028,1770
1302,1847
1998,2070
2750,2281
3120,2362
2773,2294
2030,2108
1320,1894
1024,1786
1307,1865
2009,2084
2749,2291
3117,2366
2776,2292
2023,2102
1305,1897
1021,1796
1324,1877
2030,2098
2762,2293
3117,2364
2762,2288
2015,2100
1300,1894
1018,1789
1321,1870
2030,2094
2762,2294
3121,2365
2763,2286
2016,2090
1293,1889
1016,1791
1322,1873
2042,2089
2775,2290
3119,2354
2747,2272
1991,2085
1283,1876
1026,1773
1352,1865
2078,2077
2792,2277
3120,2345
2740,2263
1977,2070
1284,1859
1027,1758
1349,1846
2073,2073
2799,2267
3124,2336
2737,2251
1983,2056
1283,1849
1031,1757
1364,1854
2088,2078
2812,2278
3124,2341
2726,2251
1962,2057
1272,1849
1035,1758
1373,1849
2103,2074
2818,2280
3124,2333
2717,2246
1953,2053
1262,1850
1034,1767
1372,1868
2104,2089
2825,2284
3118,2343
2706,2250
1942,2061
1245,1857
1020,1770
1380,1869
2116,2097
2832,2297
3114,2352
2689,2263
1918,2075
1243,1867
1035,1784
1395,1890
2131,2117
2836,2315
3097,2370
2673,2269
1912,2075
1237,1874
1033,1792
1396,1902
2134,2123
2846,2314
3113,2366
2675,2268
1908,2074
1227,1876
1022,1793
1387,1896
2134,2124
2849,2308
3101,2361
2662,2265
1896,2066
1223,1862
1039,1783
1412,1894
2156,2127
2855,2318
3094,2361
2638,2266
1870,2053
1217,1853
1041,1777
1427,1885
2173,2112
2872,2300
3103,2344
2651,2241
1870,2046
1208,1845
1036,1766
1427,1874
2184,2100
2878,2285
3103,2333
2638,2232
1862,2028
1207,1827
1046,1763
1451,1881
2193,2112
2890,2295
3110,2330
2640,2221
1871,2015
1204,1825
1056,1764
1460,1885
2213,2113
2896,2296
3094,2334
2615,2225
1838,2028
1199,1826
1065,1758
1486,1880
2233,2109
2901,2294
3088,2339
2605,2236
1825,2031
1185,1844
1052,1781
1474,1903
2228,2135
2908,2305
3093,2346
2600,2238
1818,2030
1169,1849
1054,1789
1484,1912
2240,2144
2910,2319
3080,2354
2583,2246
1839,2043
1172,1855
1064,1805
1490,1932
2243,2163
2902,2339
3073,2364
2570,2249
1791,2037
1164,1847
1059,1793
1494,1922
2255,2156
2926,2329
3073,2351
2569,2242
1775,2038
1144,1847
1048,1792
1502,1928
2266,2159
2932,2327
3068,2349
2554,2232
1778,2026
1159,1835
1065,1785
1512,1921
2285,2149
2924,2318
3061,2336
2546,2216
1759,2009
1157,1820
1071,1774
1530,1912
2296,2139
2947,2307
3062,2326
2531,2207
1743,1998
1146,1806
1078,1759
1547,1909
2313,2145
2958,2309
3065,2327
2522,2209
1745,1987
1147,1808
1078,1769
1550,1912
2315,2144
2958,2306
3068,2323
2531,2197
1743,1997
1143,1810
1080,1771
1563,1919
2326,2147
2964,2319
3054,2334
2506,2209
1717,2001
1135,1816
1085,1776
1581,1923
2352,2158
2971,2323
3043,2336
2488,2212
1704,2003
1127,1825
1086,1795
1576,1945
2345,2178
2975,2333
3039,2342
2485,2216
1706,2010
1122,1830
1086,1802
1590,1956
2365,2187
2983,2345
3041,2351
2465,2223
1677,2011
1118,1833
1090,1801
1572,1953
2354,2189
2980,2342
3028,2343
2455,2215
1678,2003
1111,1825
1095,1806
1608,1954
2374,2187
2996,2338
3020,2343
2429,2211
1642,2008
1102,1830
1098,1801
1629,1953
2391,2185
2999,2328
3027,2329
2438,2192
1655,1978
1110,1802
1101,1783
1623,1947
2391,2178
3000,2331
3027,2320
2425,2182
1640,1966
1097,1796
1109,1778
1643,1944
2414,2178
3007,2325
3019,2324
2418,2182
1631,1967
1108,1794
1118,1780
1655,1938
2424,2174
3017,2321
3015,2316
2411,2183
1626,1960
1096,1796
1116,1785
1658,1947
2431,2182
3031,2315
3023,2316
2396,2168
1611,1969
1091,1802
1115,1793
1667,1965
2442,2199
3027,2336
2996,2329
2382,2184
1593,1966
1093,1797
1140,1800
1689,1977
2451,2208
3023,2346
2994,2337
2374,2189
1596,1974
1085,1812
1126,1816
1688,1982
2464,2219
3037,2351
2998,2339
2368,2193
1578,1979
1080,1813
1124,1811
1701,1983
2471,2220
3030,2349
2981,2337
2348,2186
1571,1967
1082,1804
1133,1808
1705,1992
2481,2218
3037,2345
2980,2334
2345,2187
1563,1971
1075,1810
1137,1811
1715,1985
2491,2210
3046,2337
2981,2320
2334,2172
1553,1955
1067,1787
1145,1796
1736,1971
2508,2216
3048,2334
2969,2309
2320,2155
1547,1941
1069,1777
1144,1788
1729,1978
2518,2209
3057,2336
2964,2315
2314,2161
1537,1945
1075,1786
1160,1792
1759,1975
2532,2203
3059,2328
2956,2306
2294,2153
1534,1936
1072,1780
1165,1796
1766,1973
2539,2209
3062,2336
2950,2309
2286,2157
1516,1938
1066,1791
1163,1808
1769,1996
2558,2223
3069,2337
2938,2312
2287,2158
1496,1947
1060,1797
1172,1812
1785,2004
2554,2227
3064,2348
2933,2321
2264,2162
1503,1949
1068,1799
1172,1820
1789,2018
2562,2246
3072,2360
2931,2326
2253,2163
1483,1948
1052,1804
1174,1826
1803,2012
2576,2239
3089,2352
2929,2321
2239,2159
1474,1943
1050,1802
1180,1829
1808,2012
2578,2240
3073,2357
2915,2316
2230,2150
1471,1935
1061,1795
1191,1832
1821,2019
2590,2243
3082,2350
2911,2305
2222,2143
1462,1918
1050,1776
1200,1809
1835,2007
2608,2232
3093,2343
2898,2304
2212,2125
1454,1909
1053,1769
1208,1808
1847,2008
2612,2231
3082,2341
2904,2301
2208,2126
1451,1910
1060,1772
1220,1819
1842,2011
2617,2232
3096,2336
2898,2289
2197,2117
1437,1902
1046,1767
1218,1810
1868,2014
2640,2237
3096,2340
2881,2298
2170,2130
1415,1915
1039,1779
1221,1824
1875,2024
2638,2248
3096,2347
2879,2295
2171,2122
1418,1912
1041,1783
1220,1833
1874,2035
2635,2261
3090,2362
2872,2312
2160,2141
1408,1923
1040,1795
1233,1840
1894,2045
2653,2266
3088,2362
2863,2310
2160,2136
1405,1918
1035,1785
1236,1843
1908,2039
2666,2261
3100,2359
2850,2304
2134,2128
1383,1921
1029,1795
1241,1851
1927,2052
2688,2262
3103,2353
2845,2301
2124,2125
1384,1912
1033,1782
1251,1836
1927,2046
2682,2258
3104,2354
2835,2297
2122,2117
1388,1901
1045,1774
1259,1835
1944,2042
2699,2257
3109,2343
2831,2279
2097,2096
1363,1882
1035,1763
1270,1826
1962,2035
2708,2250
3115,2336
2824,2274
2096,2104
1361,1887
1036,1767
1277,1833
1964,2040
2718,2256
3119,2335
2825,2270
2093,2090
1356,1879
1028,1768
1272,1834
1971,2049
2725,2267
3110,2347
2805,2281
2072,2097
1346,1884
1034,1770
1295,1839
1990,2054
2733,2268
3110,2354
2781,2285
2044,2100
1328,1899
1028,1781
1294,1853
1993,2075
2741,2279
3116,2355
2789,2282
2048,2106
1321,1893
1018,1787
1289,1865
1992,2078
2748,2288
3120,2363
2779,2291
2037,2105
1314,1892
1024,1788
1309,1864
2013,2080
2751,2292
3113,2366
2764,2290
2025,2096
1307,1885
1021,1780
1314,1861
2022,2078
2763,2285
3120,2358
2759,2281
2007,2094
1296,1889
1018,1780
1319,1860
2038,2071
2787,2277
3135,2354
2757,2276
2003,2088
1290,1878
1025,1777
1334,1860
2049,2076
2785,2274
3123,2339
2745,2258
1992,2064
1296,1854
1029,1764
1347,1858
2066,2076
2797,2276
3123,2341
2739,2259
1980,2069
1281,1861
1041,1763
1367,1856
2095,2071
2809,2270
3125,2338
2731,2254
1967,2059
1270,1853
1032,1759
1367,1858
2093,2079
2815,2274
3128,2342
2721,2254
1959,2064
1258,1857
1025,1769
1369,1871
2103,2089
2818,2285
3119,2345
2705,2260
1942,2066
1256,1866
1035,1778
1380,1882
2107,2098
2815,2296
3090,2355
2691,2269
1929,2077
1248,1873
1025,1789
1387,1891
2120,2114
2838,2306
3111,2358
2682,2263
1918,2069
1230,1868
1015,1789
1385,1904
2132,2124
2841,2310
3109,2358
2677,2260
1906,2063
1231,1858
1030,1780
1396,1891
2138,2123
2844,2312
3101,2354
2659,2257
1898,2059
1227,1858
1040,1779
1408,1887
2150,2113
2857,2299
3100,2349
2659,2251
1886,2052
1217,1852
1037,1771
1426,1874
2177,2111
2868,2300
3102,2341
2647,2237
1875,2035
1218,1834
1050,1765
1436,1882
2179,2112
2875,2295
3099,2336
2643,2229
1879,2029
1221,1833
1048,1766
1440,1886
2190,2116
2887,2297
3105,2337
2638,2230
1860,2030
1207,1831
1050,1761
1455,1877
2213,2102
2907,2295
3097,2338
2618,2237
1845,2036
1198,1844
1053,1774
1459,1895
2210,2125
2895,2306
3091,2340
2606,2235
1836,2034
1199,1842
1051,1779
1467,1902
2221,2135
2906,2311
3089,2351
2596,2242
1820,2039
1181,1844
1057,1786
1475,1915
2218,2149
2901,2330
3084,2359
2583,2244
1807,2042
1172,1850
1052,1790
1487,1924
2243,2153
2916,2324
3074,2350
2572,2237
1778,2033
1149,1842
1049,1790
1492,1923
2253,2150
2920,2324
3072,2355
2562,2240
1782,2036
1161,1842
1060,1784
1504,1912
2261,2143
2920,2320
3075,2348
2560,2226
1774,2016
1156,1829
1058,1778
1515,1912
2278,2146
2940,2315
3068,2336
2542,2217
1760,2006
1154,1819
1074,1773
1535,1911
2294,2144
2946,2310
3063,2333
2538,2217
1758,2009
1155,1817
1075,1772
1535,1910
2300,2140
2950,2309
3080,2316
2543,2201
1751,2000
1148,1811
1080,1774
1549,1917
2313,2156
2959,2318
3063,2337
2518,2211
1730,1999
1139,1808
1083,1767
1573,1915
2333,2155
2964,2321
3058,2334
2504,2211
1720,2007
1135,1823
1076,1791
1563,1942
2329,2169
2963,2326
3053,2334
2501,2212
1722,2004
1136,1824
1083,1789
1575,1945
2342,2176
2974,2335
3045,2349
2478,2218
1695,2008
1122,1825
1084,1789
1587,1945
2359,2180
2976,2334
3038,2343
2470,2211
1686,2004
1116,1821
1081,1796
1584,1950
2358,2182
2983,2339
3042,2341
2468,2212
1683,2004
1108,1819
1079,1785
1597,1943
2369,2176
2984,2333
3034,2336
2455,2201
1675,1986
1118,1802
1100,1783
1620,1942
2386,2178
2985,2330
3012,2325
2441,2187
1659,1976
1111,1802
1104,1786
1632,1948
2402,2186
3003,2328
3022,2325
2428,2187
1639,1971
1112,1795
1111,1777
1639,1935
2412,2174
3010,2325
3027,2319
2435,2186
1644,1974
1107,1800
1109,1791
1640,1954
2419,2187
3023,2329
3020,2323
2411,2170
1631,1960
1100,1785
1116,1781
1659,1949
2430,2188
3016,2337
3003,2332
2392,2195
1614,1983
1099,1817
1130,1799
1670,1962
2439,2197
3021,2339
3004,2330
2387,2185
1606,1970
1087,1805
1116,1805
1673,1979
2447,2212
3037,2353
3016,2338
2390,2188
1595,1972
1082,1806
1122,1803
1679,1976
2450,2205
3018,2348
2988,2334
2365,2188
1590,1969
1088,1802
1134,1803
1691,1973
2458,2214
3025,2348
2988,2332
2359,2184
1578,1964
1078,1798
1130,1796
1701,1973
2475,2207
3038,2345
2989,2333
2349,2185
1568,1963
1077,1791
1135,1790
1711,1963
2491,2197
3044,2331
2980,2311
2340,2161
1564,1944
1081,1785
1150,1791
1723,1980
2484,2212
3035,2340
2978,2323
2332,2167
1557,1949
1077,1785
1148,1788
1737,1969
2513,2197
3055,2331
2974,2313
2316,2165
1531,1954
1057,1785
1154,1802
1751,1978
2524,2209
3057,2337
2965,2315
2309,2158
1535,1944
1069,1788
1156,1800
1751,1986
2522,2215
3048,2341
2949,2317
2297,2164
1525,1953
1063,1800
1162,1815
1766,1994
2534,2224
3054,2344
2940,2319
2282,2168
1509,1951
1058,1801
1169,1818
1779,2007
2554,2230
3066,2349
2935,2321
2263,2160
1491,1950
1054,1797
1171,1820
1791,2006
2572,2229
3084,2345
2932,2312
2255,2161
1484,1949
1052,1802
1171,1828
1789,2015
2565,2236
3071,2353
2925,2312
2246,2153
1489,1936
1066,1784
1181,1806
1806,2001
2577,2233
3073,2345
2917,2314
2238,2147
1468,1930
1054,1786
1195,1810
1829,2001
2600,2225
3088,2333
2915,2290
2219,2128
1458,1918
1050,1775
1204,1812
1837,2005
2603,2202
3087,2336
2915,2299
2220,2131
1463,1920
1054,1779
1198,1814
1832,2009
2612,2236
3092,2340
2909,2294
2209,2124
1449,1914
1055,1775
1216,1814
1859,2014
2622,2232
3089,2346
2887,2302
2182,2125
1428,1911
1051,1776
1220,1818
1867,2023
2630,2245
3088,2347
2881,2302
2180,2130
1422,1918
1037,1786
1215,1835
1861,2031
2624,2251
3090,2354
2875,2303
2169,2138
1413,1922
1036,1793
1222,1841
1886,2043
2648,2260
3095,2362
2869,2309
2150,2138
1399,1918
1044,1787
1230,1838
1890,2047
2652,2257
3091,2352
2863,2301
2150,2125
1400,1916
1033,1789
1232,1844
1889,2050
2656,2264
3107,2354
2862,2303
2137,2123
1389,1907
1032,1779
1242,1834
1910,2041
2671,2258
3100,2353
2847,2294
2125,2116
1384,1893
1046,1761
1263,1826
1929,2036
2685,2250
3104,2345
2845,2287
2120,2107
1378,1900
1034,1768
1272,1826
1948,2034
2705,2245
3110,2331
2835,2277
2107,2101
1374,1888
1036,1774
1271,1835
1954,2045
2707,2260
3112,2347
2830,2282
2102,2099
1365,1884
1035,1767
1270,1836
1965,2052
2721,2261
3116,2344
2819,2277
2083,2091
1351,1881
1034,1767
1281,1836
1977,2053
2724,2270
3108,2352
2792,2290
2069,2115
1344,1900
1027,1777
1288,1851
1981,2064
2725,2273
3114,2353
2796,2287
2065,2104
1335,1893
1022,1788
1280,1862
1983,2081
2738,2287
3114,2357
2791,2287
2048,2103
1322,1893
1020,1784
1301,1863
2000,2080
2746,2285
3108,2363
2770,2291
2029,2090
1316,1883
1021,1775
1301,1844
2001,2072
2748,2284
3120,2355
2776,2283
2031,2100
1312,1887
1016,1775
1304,1853
2008,2068
2761,2280
3119,2356
2770,2281
2023,2089
1309,1878
1029,1765
1322,1849
2029,2069
2769,2274
3120,2343
2760,2262
2011,2065
1309,1860
1038,1757
1331,1847
2044,2069
2780,2274
3127,2342
2757,2262
2002,2071
1291,1863
1026,1765
1336,1849
2054,2072
2804,2278
3147,2349
2753,2272
1995,2074
1293,1864
1031,1762
1350,1853
2065,2073
2795,2275
3128,2343
2739,2261
1988,2069
1294,1868
1047,1771
1362,1864
2077,2086
2803,2285
3120,2353
2724,2265
1963,2077
1270,1872
1032,1775
1365,1867
2088,2090
2818,2293
3127,2360
2721,2273
1953,2080
1258,1871
1029,1786
1371,1881
2100,2103
2822,2297
3119,2357
2706,2269
1941,2077
1242,1875
1013,1791
1373,1889
2105,2108
2826,2299
3109,2356
2691,2265
1930,2067
1244,1867
1036,1777
1386,1881
2114,2106
2822,2298
3098,2359
2676,2269
1915,2069
1238,1863
1028,1780
1392,1881
2129,2107
2837,2299
3106,2347
2680,2252
1909,2056
1228,1852
1032,1774
1401,1878
2145,2100
2855,2286
3110,2338
2672,2242
1898,2049
1230,1847
1044,1767
1415,1876
2152,2100
2854,2287
3098,2339
2664,2244
1903,2042
1227,1837
1048,1763
1424,1878
2170,2108
2870,2292
3106,2340
2650,2241
1876,2037
1214,1840
1049,1759
1443,1868
2200,2104
2891,2297
3106,2344
2634,2239
1866,2045
1212,1849
1048,1775
1437,1893
2189,2123
2883,2306
3097,2346
2634,2239
1865,2041
1210,1849
1055,1777
1447,1895
2197,2130
2886,2312
3092,2352
2616,2250
1840,2030
1195,1850
1048,1783
1459,1901
2216,2134
2899,2321
3089,2356
2604,2249
1824,2048
1189,1853
1052,1791
1467,1914
2217,2139
2901,2320
3089,2352
2603,2241
1822,2039
1185,1849
1043,1789
1462,1908
2221,2139
2906,2314
3083,2351
2594,2240
1817,2033
1178,1833
1057,1773
1482,1897
2237,2138
2909,2320
3069,2354
2567,2236
1800,2028
1175,1832
1060,1776
1493,1905
2252,2141
2922,2311
3078,2339
2570,2220
1792,2013
1170,1824
1057,1770
1514,1900
2271,2128
2935,2300
3078,2327
2561,2211
1780,2003
1164,1816
1070,1768
1520,1910
2275,2144
2940,2317
3082,2344
2563,2220
1772,2006
1163,1820
1074,1772
1529,1910
2291,2146
2943,2311
3066,2338
2538,2220
1755,2008
1157,1821
1084,1777
1549,1912
2305,2147
2950,2314
3061,2338
2529,2218
1744,2014
1143,1829
1076,1786
1544,1932
2308,2165
2956,2332
3065,2351
2531,2221
1745,2016
1137,1831
1071,1796
1549,1938
2320,2171
2931,2330
3053,2347
2505,2224
1720,2017
1134,1832
1084,1790
1571,1938
2335,2165
2964,2325
3049,2341
2498,2213
1712,2006
1130,1824
1079,1791
1566,1942
2335,2178
2969,2333
3051,2345
2492,2218
1709,2007
1119,1825
1082,1784
1579,1935
2347,2169
2976,2324
3041,2334
2477,2199
1695,1986
1122,1803
1088,1776
1590,1932
2361,2174
2976,2324
3035,2328
2471,2193
1687,1985
1119,1805
1093,1780
1602,1933
2372,2165
2991,2319
3037,2320
2464,2187
1680,1978
1113,1802
1084,1775
1612,1931
2387,2165
3000,2320
3033,2323
2452,2190
1669,1979
1117,1798
1103,1777
1627,1944
2395,2177
2995,2330
3019,2327
2439,2193
1657,1983
1109,1808
1102,1790
1632,1954
2406,2184
3010,2335
3023,2332
2426,2200
1639,1986
1100,1811
1096,1791
1637,1951