2048,1328
3053,1895
3011,1802
2365,1896
1596,2115
1109,2268
1177,2321
1769,2275
2548,2135
3088,1912
2989,1809
2333,1907
1558,2138
1095,2293
1190,2340
1801,2292
2573,2144
3093,1919
2970,1821
2302,1933
1532,2153
1088,2294
1194,2332
1811,2279
2586,2132
3100,1921
2962,1823
2284,1937
1510,2164
1074,2310
1191,2339
1832,2283
2610,2127
3104,1907
2947,1821
2258,1934
1492,2159
1073,2297
1218,2335
1856,2281
2630,2125
3106,1914
2918,1826
2216,1956
1478,2170
1075,2298
1233,2331
1883,2268
2648,2104
3117,1878
2917,1800
2212,1928
1456,2158
1064,2285
1238,2313
1900,2247
2672,2082
3128,1865
2904,1789
2189,1923
1436,2149
1073,2279
1264,2305
1932,2236
2696,2072
3126,1850
2879,1784
2159,1923
1414,2154
1062,2284
1274,2311
1951,2237
2717,2065
3137,1851
2851,1794
2135,1939
1392,2159
1052,2281
1284,2298
1978,2224
2742,2047
3148,1845
2846,1795
2107,1941
1373,2170
1052,2286
1303,2309
1999,2235
2751,2059
3142,1851
2831,1806
2090,1962
1352,2187
1048,2304
1323,2318
2025,2246
2769,2065
3141,1865
2803,1824
2051,1986
1331,2204
1043,2309
1337,2318
2047,2240
2782,2060
3141,1857
2785,1825
2031,1983
1316,2207
1038,2310
1344,2322
2065,2240
2803,2057
3146,1860
2771,1824
2005,1990
1290,2210
1034,2317
1369,2325
2091,2232
2824,2046
3144,1856
2746,1831
1985,2002
1290,2216
1055,2303
1391,2313
2116,2225
2826,2030
3122,1835
2722,1824
1959,1975
1272,2203
1053,2295
1407,2296
2147,2194
2863,2010
3140,1814
2710,1804
1939,1984
1250,2192
1049,2287
1422,2291
2166,2191
2878,1990
3131,1803
2691,1800
1919,1987
1246,2200
1063,2293
1438,2292
2189,2195
2883,1990
3132,1800
2671,1806
1903,1998
1231,2204
1064,2295
1458,2281
2214,2177
2903,1976
3113,1800
2637,1818
1857,2012
1211,2211
1064,2293
1485,2282
2272,2186
2921,1982
3107,1811
2619,1830
1841,2026
1197,2237
1070,2316
1490,2301
2257,2198
2935,1985
3098,1817
2608,1840
1835,2050
1198,2241
1062,2324
1509,2301
2272,2190
2943,1986
3090,1828
2576,1857
1767,2056
1172,2244
1077,2320
1535,2292
2299,2187
2962,1984
3081,1814
2553,1850
1769,2059
1165,2247
1089,2317
1552,2294
2317,2182
2973,1972
3086,1819
2534,1868
1749,2065
1145,2261
1084,2324
1575,2288
2356,2174
2990,1950
3068,1799
2507,1848
1722,2060
1149,2238
1101,2301
1594,2276
2359,2154
2994,1941
3065,1790
2490,1839
1705,2053
1138,2230
1115,2299
1624,2265
2399,2136
3014,1919
3043,1781
2459,1838
1659,2056
1121,2235
1124,2299
1647,2261
2422,2133
3025,1919
3034,1779
2436,1848
1655,2073
1112,2237
1123,2296
1659,2259
2439,2131
3037,1911
3044,1775
2411,1847
1637,2075
1104,2238
1130,2298
1685,2263
2460,2121
3041,1911
3012,1789
2387,1873
1612,2110
1102,2266
1150,2318
1716,2272
2483,2139
3046,1916
2997,1797
2364,1887
1579,2114
1090,2271
1147,2322
1723,2279
2509,2138
3061,1910
2998,1802
2349,1896
1564,2121
1076,2277
1155,2320
1749,2273
2521,2129
3064,1910
2974,1802
2319,1896
1544,2125
1082,2271
1174,2322
1780,2273
2553,2118
3075,1911
2964,1806
2301,1907
1523,2138
1073,2278
1181,2317
1797,2256
2570,2120
3089,1883
2951,1790
2274,1902
1505,2132
1063,2266
1195,2304
1824,2245
2594,2089
3093,1862
2933,1772
2249,1889
1479,2116
1072,2253
1216,2296
1848,2242
2623,2088
3083,1860
2925,1767
2227,1891
1462,2130
1060,2255
1221,2293
1870,2227
2645,2066
3106,1855
2902,1779
2196,1908
1427,2136
1039,2265
1223,2293
1894,2229
2656,2063
3108,1846
2886,1773
2162,1908
1421,2124
1051,2268
1242,2294
1909,2232
2688,2066
3122,1847
2863,1784
2141,1929
1396,2153
1047,2286
1262,2313
1937,2239
2696,2077
3116,1868
2819,1805
2121,1947
1387,2171
1053,2286
1276,2306
1956,2243
2714,2056
3124,1863
2835,1808
2098,1958
1353,2178
1034,2297
1279,2315
1974,2236
2733,2066
3132,1854
2830,1804
2075,1956
1345,2181
1036,2295
1302,2310
2002,2230
2734,2058
3127,1858
2801,1815
2060,1971
1330,2195
1044,2295
1319,2305
2029,2221
2785,2043
3136,1839
2782,1798
2029,1963
1309,2187
1040,2288
1345,2293
2059,2211
2791,2017
3143,1812
2754,1787
1995,1954
1298,2165
1040,2275
1357,2286
2081,2200
2806,2013
3144,1807
2750,1783
1991,1959
1291,2169
1042,2278
1368,2284
2088,2199
2819,2004
3133,1804
2727,1796
1960,1965
1267,2182
1044,2278
1393,2279
2123,2191
2844,1994
3126,1806
2696,1800
1922,1979
1242,2184
1045,2282
1412,2284
2147,2186
2857,1995
3118,1804
2679,1808
1907,1996
1233,2203
1040,2304
1420,2297
2165,2198
2878,2004
3120,1817
2660,1822
1883,2012
1219,2222
1049,2309
1438,2301
2189,2199
2884,1993
3103,1822
2637,1836
1856,2022
1210,2228
1068,2306
1469,2299
2213,2188
2894,1994
3099,1817
2615,1834
1838,2033
1191,2226
1061,2312
1479,2295
2235,2189
2925,1982
3112,1810
2596,1842
1815,2044
1185,2237
1068,2311
1505,2298
2267,2184
2943,1981
3090,1805
2577,1835
1793,2030
1170,2215
1066,2296
1526,2280
2292,2166
2953,1949
3084,1781
2553,1814
1769,2023
1168,2214
1084,2285
1555,2264
2329,2148
2957,1934
3061,1779
2524,1826
1747,2034
1156,2216
1094,2286
1573,2267
2341,2144
2978,1930
3065,1775
2503,1823
1722,2042
1140,2224
1082,2288
1575,2267
2361,2147
2991,1923
3053,1772
2481,1828
1692,2045
1123,2223
1100,2292
1609,2262
2383,2142
2991,1914
3035,1783
2445,1851
1668,2076
1122,2246
1107,2305
1630,2278
2407,2156
3014,1939
3032,1800
2435,1871
1646,2082
1110,2259
1108,2312
1651,2271
2437,2146
3019,1933
3018,1801
2404,1871
1622,2100
1094,2262
1123,2312
1671,2271
2447,2144
3042,1924
3003,1798
2387,1874
1610,2092
1100,2261
1136,2315
1695,2276
2475,2138
3045,1919
2988,1801
2366,1886
1582,2113
1078,2266
1142,2316
1725,2265
2507,2121
3075,1907
2996,1792
2341,1879
1560,2103
1085,2253
1155,2300
1745,2251
2523,2110
3062,1885
2973,1772
2321,1863
1549,2090
1094,2234
1170,2293
1772,2268
2545,2091
3074,1874
2962,1764
2299,1870
1507,2096
1076,2245
1182,2287
1794,2235
2576,2084
3089,1870
2939,1775
2260,1883
1498,2115
1065,2246
1186,2292
1812,2237
2587,2078
3085,1861
2933,1766
2248,1881
1482,2114
1062,2256
1193,2299
1819,2241
2595,2080
3087,1865
2905,1777
2215,1902
1456,2133
1054,2276
1214,2310
1859,2247
2625,2085
3082,1875
2893,1802
2189,1927
1433,2154
1045,2284
1228,2312
1883,2248
2653,2086
3102,1875
2880,1806
2167,1933
1407,2163
1040,2290
1231,2317
1909,2244
2669,2075
3112,1867
2867,1801
2148,1935
1400,2149
1040,2285
1252,2308
1925,2239
2684,2068
3119,1864
2853,1805
2141,1947
1394,2168
1044,2285
1269,2312
1955,2240
2714,2064
3120,1853
2831,1794
2097,1941
1360,2164
1043,2280
1295,2298
1995,2216
2750,2037
3127,1824
2815,1778
2077,1931
1347,2151
1037,2270
1307,2289
2007,2209
2757,2022
3133,1830
2807,1778
2065,1935
1338,2163
1034,2264
1319,2285
2026,2202
2772,2014
3134,1816
2780,1777
2030,1943
1316,2161
1035,2262
1342,2278
2058,2203
2788,2017
3121,1825
2746,1783
1999,1951
1295,2166
1037,2273
1353,2285
2069,2210
2806,2011
3132,1815
2739,1794
1978,1969
1277,2193
1021,2297
1352,2297
2093,2198
2828,2020
3128,1827
2717,1814
1954,1990
1256,2199
1036,2298
1387,2302
2120,2213
2837,2025
3115,1836
2687,1824
1919,2002
1249,2212
1038,2305
1397,2302
2136,2205
2845,2011
3114,1828
2677,1823
1906,2006
1235,2219
1040,2302
1415,2301
2165,2196
2871,2003
3112,1825
2660,1824
1871,2020
1221,2221
1053,2313
1444,2301
2190,2192
2889,1992
3119,1809
2651,1814
1859,2000
1203,2209
1058,2295
1466,2284
2224,2185
2910,1972
3102,1791
2615,1808
1838,2003
1200,2200
1075,2281
1498,2267
2253,2161
2921,1954
3096,1789
2600,1809
1818,2000
1186,2196
1072,2274
1507,2262
2268,2154
2941,1943
3092,1783
2578,1808
1789,2009
1173,2202
1075,2293
1529,2270
2292,2153
2950,1943
3078,1781
2549,1817
1762,2022
1155,2211
1086,2285
1546,2264
2304,2160
2951,1943
3067,1776
2527,1828
1742,2037
1148,2227
1084,2304
1562,2279
2336,2165
2978,1953
3061,1799
2501,1846
1710,2057
1118,2241
1078,2310
1586,2283
2355,2169
2986,1947
3046,1804
2479,1863
1693,2074
1128,2248
1098,2313
1601,2285
2369,2167
2980,1945
3025,1805
2455,1858
1669,2083
1114,2257
1102,2311
1625,2276
2403,2151
3008,1938
3033,1802
2436,1872
1644,2095
1102,2257
1108,2312
1654,2278
2429,2146
3022,1923
3021,1791
2413,1865
1641,2086
1106,2251
1128,2303
1638,2261
2446,2128
3030,1902
3011,1765
2405,1850
1622,2074
1101,2232
1135,2289
1700,2245
2475,2108
3046,1887
3002,1769
2370,1857
1586,2078
1090,2247
1150,2286
1735,2238
2516,2101
3059,1882
2986,1772
2344,1863
1564,2091
1082,2248
1154,2295
1733,2248
2518,2101
3062,1875
2979,1762
2327,1863
1559,2089
1083,2240
1168,2289
1762,2240
2535,2110
3065,1879
2957,1776
2291,1878
1519,2108
1069,2257
1174,2301
1773,2252
2556,2115
3078,1905
2941,1793
2265,1903
1497,2132
1057,2275
1189,2313
1813,2254
2583,2104
3087,1882
2923,1802
2226,1915
1453,2147
1049,2285
1192,2316
1832,2256
2605,2097
3092,1889
2912,1794
2221,1919
1456,2142
1053,2279
1205,2313
1843,2250
2612,2095
3092,1885
2902,1801
2198,1924
1437,2153
1049,2285
1226,2318
1886,2247
2649,2081
3102,1844
2879,1825
2164,1925
1412,2153
1056,2279
1245,2305
1911,2232
2673,2065
3109,1848
2869,1778
2152,1913
1399,2137
1044,2259
1256,2286
1931,2216
2694,2037
3128,1823
2864,1768
2130,1912
1387,2141
1043,2264
1275,2284
1957,2210
2715,2040
3121,1825
2833,1776
2101,1924
1365,2142
1046,2258
1305,2281
1990,2210
2735,2035
3120,1825
2808,1778
2071,1931
1343,2149
1034,2266
1290,2283
2003,2211
2753,2029
3132,1821
2794,1790
2051,1950
1319,2171
1032,2281
1345,2297
2031,2219
2771,2035
3126,1834
2769,1802
2020,1967
1307,2185
1028,2294
1333,2305
2054,2227
2779,2036
3130,1840
2762,1814
1999,1981
1288,2197
1028,2304
1346,2304
2066,2218
2800,2033
3129,1834
2738,1816
1970,1992
1265,2201
1024,2301
1358,2301
2096,2209
2822,2024
3124,1833
2721,1831
1949,1997
1263,2209
1044,2305
1389,2310
2118,2218
2829,2022
3107,1828
2693,1814
1922,1991
1243,2201
1045,2293
1412,2290
2153,2193
2863,1992
3117,1801
2673,1802
1901,1985
1236,2188
1052,2282
1432,2280
2178,2177
2880,1978
3116,1792
2659,1796
1883,1987
1218,2189
1056,2277
1455,2271
2203,2170
2914,1969
3117,1785
2639,1791
1855,1987
1205,2192
1064,2282
1458,2273
2224,2168
2909,1961
3098,1790
2610,1807
1839,2004
1198,2200
1077,2276
1497,2262
2246,2160
2923,1959
3091,1797
2592,1814
1803,2014
1176,2211
1065,2295
1504,2275
2268,2172
2944,1966
3096,1800
2566,1837
1779,2039
1163,2233
1071,2308
1541,2289
2289,2176
2951,1967
3073,1811
2544,1844
1760,2051
1160,2246
1077,2320
1535,2294
2303,2172
2959,1964
3064,1802
2511,1844
1732,2055
1140,2239
1083,2311
1557,2279
2342,2164
2980,1952
3057,1803
2486,1863
1695,2073
1129,2251
1092,2315
1587,2289
2368,2164
2991,1948
3054,1800
2483,1848
1693,2064
1129,2242
1101,2308
1605,2275
2374,2145
2993,1926
3044,1781
2457,1843
1671,2059
1120,2228
1112,2290
1640,2257
2413,2163
3017,1908
3036,1772
2432,1843
1636,2064
1110,2224
1125,2284
1664,2251
2434,2118
3025,1896
3023,1771
2411,1849
1626,2064
1100,2232
1125,2289
1672,2256
2457,2112
3038,1890
3017,1772
2387,1855
1599,2075
1090,2233
1134,2286
1698,2247
2475,2107
3040,1885
2992,1770
2358,1863
1594,2080
1093,2238
1146,2299
1731,2252
2502,2124
3049,1901
2978,1794
2327,1895
1553,2115
1077,2267
1156,2314
1751,2258
2533,2121
3061,1897
2964,1791
2307,1892
1531,2123
1065,2274
1161,2314
1767,2267
2542,2119
3068,1899
2953,1792
2289,1910
1517,2125
1062,2273
1158,2312
1785,2263
2564,2112
3079,1890
2943,1797
2264,1909
1494,2138
1062,2278
1192,2317
1827,2259
2594,2099
3081,1882
2911,1796
2214,1915
1475,2142
1060,2270
1205,2302
1848,2246
2614,2089
3092,1867
2913,1779
2217,1893
1456,2128
1053,2256
1207,2286
1850,2225
2635,2062
3107,1848
2900,1766
2199,1904
1437,2120
1055,2253
1233,2287
1891,2219
2657,2058
3104,1843
2874,1768
2182,1901
1416,2134
1051,2258
1247,2289
1912,2227
2676,2056
3114,1836
2861,1774
2145,1902
1393,2136
1038,2260
1260,2283
1936,2205
2709,2047
3121,1833
2840,1777
2113,1921
1373,2151
1040,2276
1273,2295
1957,2228
2713,2054
3118,1851
2823,1798
2098,1943
1365,2165
1045,2287
1291,2304
1972,2235
2731,2057
3111,1849
2807,1807
2064,1956
1334,2183
1034,2297
1299,2307
1999,2227
2757,2046
3138,1846
2795,1809
2053,1966
1321,2184
1021,2294
1317,2308
2017,2229
2764,2043
3131,1840
2771,1808
2007,1970
1312,2193
1048,2301
1342,2313
2044,2225
2792,2030
3136,1832
2755,1809
1994,1976
1286,2188
1035,2290
1363,2296
2088,2202
2805,2020
3115,1829
2730,1804
1975,1970
1276,2179
1042,2286
1380,2281
2114,2188
2835,1994
3131,1805
2718,1787
1949,1963
1251,2179
1030,2279
1392,2282
2138,2185
2850,1985
3124,1800
2695,1791
1921,1974
1247,2184
1052,2275
1416,2275
2158,2181
2860,1985
3106,1801
2661,1801
1901,1983
1226,2182
1050,2272
1432,2271
2179,2173
2881,1973
3105,1795
2644,1803
1873,1996
1206,2200
1048,2293
1456,2286
2208,2176
2898,1978
3089,1804
2625,1828
1845,2031
1199,2218
1057,2304
1467,2295
2224,2192
2906,1986
3098,1810
2612,1831
1839,2023
1197,2225
1052,2311
1486,2300
2239,2192
2920,1980
3089,1815
2578,1846
1800,2043
1170,2232
1066,2306
1512,2284
2279,2181
2946,1974
3083,1811
2560,1842
1779,2049
1160,2237
1074,2316
1528,2293
2289,2178
2955,1965
3080,1804
2545,1843
1772,2045
1157,2240
1086,2294
1556,2280
2324,2164
2968,1945
3069,1788
2518,1831
1733,2039
1147,2224
1094,2285
1582,2260
2355,2135
2982,1932
3054,1781
2488,1825
1711,2040
1139,2217
1102,2284
1600,2254
2372,2129
3000,1919
3053,1771
2475,1830
1691,2054
1121,2227
1084,2293
1606,2264
2388,2133
3007,1911
3046,1773
2446,1833
1663,2048
1115,2223
1105,2278
1642,2251
2425,2131
3013,1910
3019,1774
2413,1843
1623,2063
1100,2235
1118,2298
1667,2263
2440,2136
3025,1914
3014,1791
2387,1870
1606,2093
1100,2258
1144,2308
1703,2269
2452,2137
3035,1918
2993,1793
2370,1880
1581,2103
1088,2261
1141,2315
1703,2271
2484,2134
3051,1918
2999,1801
2366,1882
1580,2102
1078,2262
1141,2318
1724,2275
2494,2129
3053,1907
2981,1795
2332,1892
1552,2118
1083,2271
1166,2317
1770,2265
2535,2133
3063,1891
2967,1791
2307,1899
1532,2122
1072,2268
1171,2308
1782,2257
2556,2077
3076,1884
2955,1781
2287,1881
1506,2105
1067,2251
1185,2292
1808,2236
2581,2082
3085,1858
2939,1768
2260,1877
1489,2101
1067,2246
1202,2290
1832,2233
2593,2090
3078,1855
2920,1769
2232,1884
1473,2115
1058,2256
1207,2293
1851,2229
2620,2069
3097,1858
2910,1769
2209,1898
1427,2124
1038,2258
1208,2285
1874,2221
2635,2068
3105,1842
2886,1771
2180,1903
1423,2134
1051,2264
1229,2299
1899,2233
2657,2074
3092,1862
2863,1785
2152,1924
1410,2152
1042,2285
1245,2308
1918,2240
2680,2070
3105,1866
2854,1799
2130,1941
1386,2163
1032,2282
1252,2307
1940,2239
2701,2073
3114,1866
2839,1804
2109,1945
1367,2173
1036,2283
1270,2308
1957,2237
2712,2046
3109,1851
2826,1796
2106,1951
1367,2180
1039,2293
1293,2314
1987,2234
2737,2056
3127,1848
2804,1807
2060,1960
1337,2179
1048,2287
1320,2299
2021,2213
2763,2034
3130,1831
2790,1791
2038,1950
1317,2166
1038,2275
1328,2285
2041,2202
2789,2013
3146,1802
2775,1775
2011,1947
1307,2164
1044,2270
1344,2278
2067,2196
2799,2003
3134,1800
2752,1779
1994,1952
1296,2169
1043,2268
1364,2273
2081,2195
2809,2007
3136,1816
2722,1787
1964,1958
1270,2179
1036,2275
1384,2275
2114,2185
2830,1993
3122,1797
2706,1795
1923,1970
1238,2192
1035,2292
1395,2288
2135,2192
2849,1997
3116,1809
2688,1809
1919,1992
1239,2202
1044,2298
1401,2301
2147,2201
2856,2005
3110,1823
2669,1824
1893,2015
1223,2215
1047,2302
1439,2305
2176,2204
2871,1996
3106,1833
2640,1835
1862,2019
1208,2214
1062,2295
1456,2295
2198,2198
2888,1998
3098,1814
2625,1832
1845,2026
1197,2193
1061,2308
1468,2299
2225,2193
2915,1981
3107,1807
2618,1831
1829,2028
1180,2222
1060,2302
1491,2289
2253,2179
2927,1970
3091,1800
2585,1823
1803,2017
1181,2208
1080,2283
1532,2272
2288,2162
2941,1951
3095,1785
2566,1812
1783,2012
1171,2204
1072,2283
1535,2264
2302,2148
2957,1929
3071,1777
2552,1818
1768,2023
1158,2215
1080,2276
1556,2262
2324,2147
2968,1929
3052,1779
2520,1821
1732,2030
1130,2216
1088,2283
1576,2265
2341,2146
2963,1925
3055,1766
2495,1822
1710,2041
1130,2224
1095,2295
1597,2270
2371,2148
2997,1927
3037,1780
2456,1851
1674,2076
1116,2253
1105,2313
1617,2279
2392,2158
3003,1937
3034,1799
2442,1863
1658,2080
1108,2251
1101,2306
1627,2279
2403,2160
3009,1940
3026,1798
2422,1868
1635,2091
1108,2254
1114,2313
1658,2273
2432,2145
3013,1921
3010,1802
2395,1879
1613,2100
1108,2264
1128,2313
1678,2276
2460,2144
3037,1916
2991,1800
2378,1905
1596,2100
1078,2265
1137,2308
1706,2268
2487,2128
3061,1903
3003,1779
2352,1863
1573,2092
1093,2243
1158,2292
1736,2249
2509,2112
3053,1883
2986,1772
2334,1859
1558,2081
1100,2237
1175,2286
1758,2241
2532,2098
3071,1871
2973,1766
2313,1868
1533,2087
1078,2240
1168,2287
1775,2241
2553,2086
3082,1867
2967,1779
2287,1875
1512,2106
1066,2247
1180,2283
1798,2236
2568,2084
3075,1860
2936,1765
2261,1880
1495,2121
1065,2256
1196,2299
1818,2246
2588,2088
3086,1867
2927,1779
2235,1902
1467,2139
1053,2273
1202,2314
1844,2248
2616,2093
3096,1879
2907,1799
2199,1924
1429,2151
1040,2279
1210,2315
1860,2251
2627,2091
3100,1880
2897,1800
2189,1925
1432,2155
1056,2286
1226,2325
1874,2255
2632,2086
3089,1869
2878,1800
2164,1935
1412,2158
1041,2276
1243,2312
1912,2243
2675,2073
3102,1873
2858,1806
2134,1944
1383,2168
1041,2284
1264,2313
1942,2234
2704,2061
3120,1852
2839,1787
2108,1931
1356,2153
1032,2270
1280,2292
1982,2216
2738,2034
3129,1819
2830,1773
2093,1924
1360,2145
1041,2262
1293,2285
1987,2205
2738,2031
3127,1827
2811,1775
2081,1927
1362,2150
1054,2265
1312,2283
2010,2208
2758,2033
3133,1819
2787,1782
2039,1944
1320,2163
1034,2270
1325,2283
2037,2203
2779,2009
3136,1805
2767,1775
2018,1946
1304,2166
1033,2276
1339,2289
2056,2205
2791,2021
3137,1822
2752,1797
1996,1970
1293,2188
1024,2293
1347,2304
2073,2216
2807,2027
3123,1830
2735,1811
1969,1985
1271,2200
1035,2305
1371,2299
2101,2214
2823,2028
3127,1840
2699,1826
1936,1995
1257,2209
1040,2302
1387,2301
2121,2211
2835,2015
3117,1824
2697,1819
1926,2001
1245,2213
1046,2311
1392,2309
2127,2209
2856,2009
3110,1823
2678,1823
1903,2018
1234,2212
1039,2304
1424,2298
2170,2196
2874,1997
3110,1813
2650,1818
1874,1996
1220,2202
1054,2291
1446,2279
2194,2178
2892,1972
3108,1791
2643,1800
1866,1992
1212,2198
1061,2282
1462,2273
2219,2163
2912,1952
3112,1772
2618,1798
1837,2001
1193,2199
1067,2286
1487,2270
2244,2163
2920,1956
3092,1787
2590,1807
1809,2003
1187,2196
1080,2283
1509,2268
2264,2159
2931,1949
3084,1772
2572,1809
1787,2014
1177,2199
1072,2285
1533,2271
2297,2157
2946,1951
3077,1791
2535,1828
1757,2039
1154,2228
1079,2304
1548,2286
2315,2173
2963,1956
3065,1805
2526,1847
1736,2053
1140,2238
1084,2315
1564,2287
2336,2171
2975,1955
3051,1805
2494,1853
1713,2063
1131,2248
1112,2314
1590,2281
2360,2163
2972,1947
3027,1804
2475,1867
1687,2073
1128,2244
1098,2312
1608,2283
2381,2165
3000,1946
3041,1806
2459,1865
1671,2067
1110,2258
1097,2313
1625,2282
2410,2153
3014,1930
3028,1791
2430,1856
1647,2075
1113,2240
1124,2297
1658,2257
2430,2126
3019,1902
3015,1765
2402,1843
1629,2062
1105,2229
1131,2294
1682,2249
2461,2113
3038,1896
3016,1767
2409,1845
1605,2071
1095,2235
1130,2284
1705,2241
2487,2110
3051,1894
2999,1765
2366,1858
1585,2079
1091,2240
1148,2293
1721,2248
2493,2102
3046,1878
2982,1764
2343,1853
1575,2080
1099,2241
1155,2293
1739,2248
2516,2108
3059,1886
2970,1781
2309,1883
1534,2116
1073,2262
1165,2305
1774,2253
2553,2108
3082,1891
2961,1797
2286,1898
1512,2129
1064,2277
1168,2320
1785,2259
2562,2112
3073,1891
2943,1796
2269,1911
1503,2134
1067,2272
1178,2318
1801,2257
2576,2108
3078,1887
2929,1792
2240,1912
1478,2139
1058,2280
1200,2312
1836,2254
2608,2101
3092,1892
2905,1808
2214,1921
1459,2146
1052,2279
1218,2315
1864,2250
2638,2088
3099,1869
2902,1786
2186,1911
1422,2137
1035,2273
1230,2305
1889,2231
2658,2066
3100,1849
2885,1772
2173,1903
1421,2130
1052,2257
1244,2284
1907,2216
2667,2056
3105,1838
2870,1776
2154,1909
1405,2132
1048,2257
1256,2287
1935,2215
2696,2046
3112,1830
2845,1769
2117,1919
1374,2142
1044,2271
1274,2291
1964,2216
2714,2031
3118,1825
2827,1773
2095,1917
1357,2147
1033,2268
1283,2288
1976,2217
2728,2039
3123,1834
2822,1787
2083,1940
1344,2164
1034,2282
1296,2304
2000,2230
2749,2049
3127,1846
2793,1807
2045,1961
1320,2183
1032,2290
1323,2301
2037,2218
2769,2044
3124,1851
2773,1812
2024,1973
1306,2194
1028,2294
1330,2304
2042,2222
2781,2036
3130,1834
2758,1815
2006,1983
1300,2201
1030,2304
1351,2306
2074,2217
2806,2032
3133,1837
2736,1815
1975,1991
1278,2199
1037,2299
1375,2306
2108,2210
2818,2022
3121,1823
2716,1802
1959,1979
1265,2191
1047,2284
1390,2287
2123,2195
2842,1992
3127,1803
2708,1791
1939,1974
1247,2192
1036,2285
1397,2276
2148,2183
2862,1982
3119,1790
2680,1796
1908,1978
1239,2185
1054,2277
1434,2275
2177,2183
2875,1978
3099,1794
2638,1801
1877,1990
1219,2193
1050,2285
1447,2276
2197,2173
2892,1967
3106,1787
2637,1800
1854,1997
1200,2205
1047,2283
1469,2273
2220,2164
2902,1967
3096,1794
2608,1813
1828,2011
1188,2214
1057,2301
1480,2288
2241,2185
2930,1977
3106,1807
2597,1828
1802,2028
1176,2230
1062,2304
1505,2286
2265,2182
2933,1973
3079,1811
2561,1845
1778,2050
1160,2235
1078,2304
1538,2282
2289,2165
2948,1964
3075,1811
2544,1847
1756,2053
1152,2238
1073,2310
1544,2285
2315,2173
2963,1965
3076,1809
2535,1845
1740,2053
1148,2242
1084,2314
1572,2289
2342,2167
2977,1947
3055,1793
2500,1840
1714,2050
1142,2229
1104,2298
1597,2267
2361,2145
2984,1931
3051,1782
2479,1830
1694,2044
1128,2222
1106,2281
1614,2256
2393,2132
3009,1913
3049,1774
2461,1840
1661,2060
1104,2218
1108,2279
1641,2244
2415,2122
3021,1903
3034,1775
2431,1846
1648,2064
1113,2231
1119,2292
1657,2257
2422,2124
3007,1895
3010,1764
2410,1844
1626,2071
1100,2237
1126,2284
1676,2254
2454,2119
3032,1899
3003,1779
2381,1862
1596,2090
1082,2249
1124,2309
1702,2270
2477,2139
3043,1914
2990,1794
2360,1881
1578,2102
1084,2261
1136,2314
1717,2264
2493,2128
3046,1906
2988,1788
2342,1894
1557,2120
1078,2266
1145,2314
1736,2259
2517,2119
3056,1902
2969,1797
2312,1899
1532,2124
1068,2276
1167,2307
1779,2261
2551,2114
3065,1896
2950,1797
2287,1905
1517,2128
1069,2276
1180,2318
1801,2262
2579,2113
3089,1883
2938,1781
2256,1889
1490,2115
1063,2263
1193,2299
1825,2241
2594,2088
3089,1866
2929,1776
2244,1889
1484,2117
1068,2251
1204,2283
1828,2226
2612,2069
3098,1853
2915,1767
2219,1892
1452,2121
1059,2259
1222,2284
1870,2226
2637,2064
3100,1841
2892,1758
2178,1902
1425,2133
1053,2266
1233,2295
1896,2224
2653,2059
3103,1842
2878,1767
2165,1901
1410,2127
1048,2256
1239,2288
1897,2225
2660,2067
3108,1850
2863,1783
2138,1917
1391,2148
1038,2273
1257,2302
1931,2235
2694,2068
3115,1853
2838,1801
2107,1950
1364,2167
1033,2287
1272,2310
1955,2233
2707,2057
3118,1852
2825,1806
2090,1956
1357,2179
1032,2298
1273,2316
1974,2233
2729,2049
3126,1843
2815,1800
2066,1957
1338,2184
1032,2294
1303,2308
2001,2229
2751,2055
3124,1850
2788,1810
2044,1962
1323,2180
1040,2290
1336,2309
2033,2227
2770,2042
3134,1839
2777,1803
2025,1963
1308,2180
1030,2286
1337,2293
2052,2205
2789,2013
3144,1807
2777,1785
2006,1954
1299,2174
1038,2275
1356,2281
2080,2192
2807,2001
3133,1802
2739,1783
1981,1954
1286,2170
1049,2268
1383,2276
2108,2194
2828,1983
3129,1798
2720,1790
1953,1967
1260,2179
1049,2277
1389,2277
2128,2182
2844,1990
3127,1797
2707,1791
1932,1973
1232,2179
1039,2269
1405,2283
2148,2176
2860,1985
3127,1803
2674,1802
1903,1991
1227,2201
1039,2291
1412,2295
2159,2203
2876,2000
3107,1815
2648,1824
1876,2013
1214,2217
1052,2304
1446,2293
2192,2197
2885,1992
3097,1819
2617,1836
1844,2028
1200,2235
1051,2307
1456,2297
2219,2192
2903,1985
3099,1811
2611,1830
1826,2031
1180,2227
1052,2310
1475,2299
2242,2194
2927,1984
3091,1812
2590,1834
1807,2039
1179,2232
1068,2313
1506,2295
2266,2184
2934,1973
3081,1806
2563,1832
1788,2035
1185,2227
1089,2294
1530,2275
2293,2164
2952,1952
3077,1787
2547,1821
1762,2031
1159,2216
1082,2287
1546,2263
2322,2141
2979,1924
3086,1778
2533,1821
1744,2027
1149,2220
1087,2286
1571,2262
2342,2139
2979,1926
3059,1773
2503,1822
1716,2034
1146,2220
1109,2295
1592,2263
2359,2140
2987,1923
3053,1770
2476,1830
1691,2042
1126,2208
1097,2283
1614,2256
2385,2133
3008,1918
3039,1788
2449,1849
1661,2067
1117,2240
1107,2297
1633,2269
2407,2144
3008,1925
3027,1796
2430,1864
1645,2088
1111,2253
1116,2317
1645,2283
2411,2154
3014,1925
3017,1793
2409,1872
1627,2094
1098,2261
1117,2316
1670,2275
2444,2143
3030,1929
3009,1804
2378,1883
1585,2101
1083,2258
1131,2314
1694,2273
2470,2139
3037,1916
2995,1801
2366,1887
1584,2113
1090,2267
1143,2319
1712,2273
2509,2129
3054,1899
2982,1789
2333,1882
1545,2107
1080,2257
1161,2304
1750,2253
2523,2109
3059,1884
2968,1775
2321,1869
1553,2090
1080,2238
1169,2289
1771,2238
2548,2090
3076,1871
2961,1767
2294,1874
1520,2097
1073,2236
1182,2290
1804,2232
2585,2081
3089,1863
2941,1760
2267,1879
1497,2108
1067,2255
1193,2290
1820,2248
2589,2082
3086,1860
2925,1771
2240,1883
1483,2108
1052,2245
1195,2272
1839,2218
2610,2077
3091,1862
2909,1771
2212,1899
1449,2126
1051,2264
1211,2301
1866,2240
2639,2085
3091,1871
2888,1794
2189,1928
1431,2152
1046,2278
1226,2310
1880,2243
2651,2086
3101,1865
2881,1798
2169,1932
1418,2162
1039,2295
1221,2316
1895,2249
2664,2075
3105,1864
2859,1795
2140,1935
1395,2159
1043,2285
1254,2311
1931,2242
2694,2080
3108,1871
2835,1814
2101,1948
1373,2177
1041,2296
1272,2317
1957,2236
2712,2063
3121,1852
2834,1795
2097,1946
1361,2173
1040,2287
1279,2302
1970,2216
2739,2036
3128,1814
2817,1780
2076,1938
1350,2159
1039,2271
1307,2289
2005,2212
2749,2021
3133,1819
2792,1775
2056,1927
1339,2149
1043,2268
1325,2279
2029,2199
2773,2017
3133,1820
2782,1777
2024,1945
1307,2166
1033,2271
1335,2282
2053,2193
2797,2001
3146,1807
2760,1786
1999,1951
1292,2168
1030,2274
1351,2276
2073,2194
2808,2004
3136,1810
2742,1791
1982,1962
1277,2178
1036,2285
1372,2294
2098,2206
2823,2017
3124,1823
2713,1814
1946,1991
1261,2204
1041,2298
1392,2297
2122,2210
2840,2013
3114,1832
2689,1825
1922,2004
1245,2211
1040,2304
1405,2301
2146,2203
2858,2011
3120,1826
2676,1821
1902,2006
1214,2207
1025,2303
1417,2301
2171,2200
2875,2000
3111,1820
2656,1825
1879,2014
1217,2219
1056,2304
1449,2294
2191,2200
2882,1998
3089,1822
2626,1830
1857,2015
1208,2213
1060,2298
1469,2288
2220,2178
2909,1971
3100,1795
2612,1813
1832,2003
1190,2208
1056,2285
1477,2273
2246,2159
2927,1952
3097,1782
2598,1806
1812,2007
1184,2207
1071,2280
1509,2269
2268,2167
2935,1940
3087,1776
2566,1815
1799,2015
1172,2213
1075,2281
1522,2264
2289,2157
2949,1943
3077,1783
2550,1818
1759,2020
1151,2210
1075,2278
1547,2251
2328,2146
2971,1932
3063,1783
2520,1828
1737,2040
1147,2225
1084,2297
1565,2276
2332,2160
2968,1945
3056,1796
2502,1841
1724,2057
1151,2242
1092,2312
1588,2280
2356,2162
2989,1945
3049,1801
2479,1859
1690,2078
1135,2249
1092,2309
1604,2279
2383,2156
3009,1941
3046,1801
2458,1860
1670,2080
1116,2253
1102,2311
1624,2278
2399,2157
3005,1936
3031,1800
2440,1865
1658,2088
1114,2262
1110,2321
1643,2279
2427,2146
3023,1926
3021,1794
2411,1867
1627,2087
1104,2249
1128,2305
1672,2261
2442,2123
3021,1908
3009,1780
2390,1856
1611,2078
1096,2241
1137,2294
1703,2250
2478,2112
3049,1891
3004,1768
2367,1850
1580,2072
1086,2238
1147,2290
1722,2246
2499,2102
3056,1880
2989,1768
2347,1854
1571,2085
1083,2243
1154,2288
1738,2240
2514,2108
3057,1885
2972,1778
2321,1870
1541,2090
1075,2244
1165,2289
1764,2237
2541,2092
3068,1871
2956,1767
2290,1875
1514,2105
1064,2257
1180,2302
1803,2247
2565,2098
3076,1883
2943,1787
2269,1898
1497,2125
1061,2273
1181,2311
1806,2262
2578,2108
3080,1889
2938,1796
2264,1912
1490,2144
1057,2280
1192,2312
1825,2252
2597,2101
3085,1883
2909,1795
2219,1921
1459,2143
1055,2273
1215,2308
1861,2244
2631,2093
3094,1877
2898,1794
2194,1923
1438,2151
1048,2289
1223,2316
1881,2249
2650,2086
3105,1867
2893,1798
2182,1931
1432,2152
1042,2276
1237,2300
1905,2233
2670,2067
3109,1847
2867,1778
2152,1912
1418,2136
1049,2261
1261,2289
1934,2221
2688,2058
3103,1839
2848,1774
2134,1918
1393,2141
1048,2265
1272,2285
1954,2211
2712,2042
3123,1828
2839,1774
2106,1916
1363,2153
1028,2277
1267,2285
1975,2213
2733,2035
3126,1821
2818,1778
2080,1928
1346,2151
1034,2261
1298,2281
1998,2204
2739,2031
3130,1824
2794,1779
2051,1941
1324,2165
1032,2282
1317,2300
2022,2217
2763,2032
3123,1832
2770,1799
2019,1968
1306,2190
1044,2295
1339,2280
2045,2212
2786,2036
3132,1844
2754,1814
1997,1978
1287,2189
1027,2292
1343,2305
2065,2225
2802,2042
3140,1839
2753,1816
1978,1974
1271,2197
1030,2300
1361,2303
2097,2209
2818,2022
3126,1830
2717,1818
1953,1995
1260,2206
1044,2304
1405,2305
2123,2208
2840,2013
3123,1825
2699,1810
1931,1995
1248,2204
1041,2297
1407,2295
2148,2195
2861,2005
3122,1809
2683,1801
1910,1980
1232,2185
1049,2279
1429,2278
2172,2179
2878,1976
3114,1791
2649,1797
1886,1985
1230,2188
1060,2279
1453,2296
2191,2177
2883,1965
3108,1786
2636,1803
1859,1987
1208,2196
1059,2284
1463,2271
2220,2173
2908,1967
3103,1790
2614,1805
1825,2007
1182,2200
1052,2281
1483,2267
2237,2159
2916,1955
3086,1785
2584,1811
1809,2013
1180,2208
1070,2294
1506,2280
2259,2177
2923,1969
3071,1803
2561,1834
1783,2035
1166,2230
1070,2310
1523,2293
2287,2176
2947,1966
3074,1808
2543,1846
1753,2056
1146,2237
1067,2308
1536,2293
2311,2177
2959,1961
3067,1807
2524,1847
1739,2053
1142,2237
1080,2315
1557,2284
2325,2173
2964,1946
3061,1799
2518,1850
1731,2065
1136,2251
1090,2313
1586,2286
2357,2165
2989,1950
3048,1805
2474,1856
1691,2075
1136,2241
1116,2302
1619,2263
2389,2146
3004,1926
3042,1780
2454,1841
1669,2059
1116,2231
1110,2295
1637,2258
2416,2130
3023,1907
3037,1769
2439,1835
1650,2056
1113,2227
1122,2286
1662,2252
2430,2122
3027,1897
3025,1769
2414,1838
1630,2068
1112,2228
1127,2284
1670,2246
2451,2117
3035,1903
3005,1765
2385,1851
1601,2067
1096,2230
1139,2286
1700,2247
2481,2108
3043,1889
2986,1769
2343,1857
1557,2089
1078,2250
1146,2302
1722,2251
2499,2116
3053,1893
2983,1789
2336,1879
1557,2101
1080,2260
1149,2309
1733,2269
2506,2121
3053,1907
2970,1795
2312,1892
1535,2118
1072,2272
1159,2319
1763,2268
2537,2118
3064,1902
2954,1804
2285,1902
1514,2124
1059,2267
1174,2313
1786,2260
2557,2108
3071,1892
2939,1793
2266,1905
1497,2136
1064,2281
1186,2321
1811,2258
2584,2100
3089,1878
2939,1795
2247,1909
1477,2136
1060,2274
1199,2306
1838,2245
2609,2089
3092,1869
2917,1777
2217,1895
1458,2120
1067,2254
1231,2288
1874,2230
2628,2066
3098,1847
2905,1772
2201,1895
1443,2125
1056,2256
1230,2286
1883,2221
2650,2058
3113,1838
2898,1769
2186,1912
1427,2123
1048,2255
1223,2285
1906,2224
2674,2054
3112,1839
2864,1775
2146,1900
1398,2134
1047,2259
1263,2283
1933,2219
2683,2046
3112,1833
2845,1775
2120,1918
1376,2145
1045,2269
1273,2296
1958,2225
2707,2051
3111,1842
2813,1794
2085,1950
1361,2176
1038,2288
1286,2308
2025,2230
2725,2056
3121,1849
2810,1800
2072,1958
1335,2178
1029,2287
1286,2310
1982,2239
2743,2060
3124,1849
2793,1805
2045,1965
1320,2183
1031,2291
1318,2308
2022,2225
2767,2040
3121,1844
2768,1811
2019,1979
1312,2194
1031,2299
1332,2308
2049,2227
2789,2038
3137,1841
2759,1812
1999,1977
1292,2195
1028,2298
1353,2301
2074,2212
2823,2017
3137,1819
2737,1794
1976,1964
1278,2178
1040,2280
1375,2285
2101,2197
2826,2001
3125,1805
2717,1787
1954,1958
1277,2174
1059,2273
1400,2272
2128,2179
2845,1988
3133,1794
2701,1790
1933,1977
1247,2180
1042,2274
1410,2271
2153,2179
2870,1976
3133,1799
2685,1797
1901,1983
1232,2189
1051,2279
1426,2275
2170,2171
2870,1978
3107,1779
2652,1798
1879,1990
1223,2196
1054,2287
1450,2282
2190,2182
2889,1980
3100,1807
2628,1821
1852,2017
1205,2221
1058,2304
1466,2294
2218,2189
2913,1990
3097,1818
2605,1843
1813,2033
1185,2223
1057,2307
1481,2295
2239,2192
2918,1980
3092,1811
2592,1837
1811,2031
1182,2235
1067,2310
1491,2302
2245,2192
2923,1976
3084,1813
2572,1841
1811,2042
1168,2235
1070,2307
1523,2291
2286,2178
2947,1971
3076,1815
2542,1846
1764,2054
1159,2243
1081,2306
1550,2283
2317,2165
2966,1949
3063,1791
2522,1833
1735,2041
1143,2222
1083,2297
1565,2271
2352,2147
2984,1925
3063,1776
2507,1825
1719,2037
1143,2221
1097,2286
1587,2255
2360,2132
2991,1919
3058,1771
2486,1816
1719,2039
1145,2220
1104,2279
1612,2265
2386,2134
3001,1917
3040,1781
2457,1841
1670,2054
1118,2226
1106,2288
1636,2255
2420,2125
3022,1904
3032,1763
2432,1839
1642,2066
1109,2236
1115,2297
1650,2259
2426,2131
3030,1915
3017,1785
2411,1859
1631,2081
1106,2248
1123,2304
1670,2272
2447,2140
3031,1922
3007,1796
2385,1875
1603,2098
1092,2259
1132,2313
1695,2268
2471,2135
3037,1921
2987,1806
2358,1883
1579,2106
1086,2263
1140,2312
1713,2267
2489,2130
3051,1905
2987,1794
2341,1884
1565,2116
1082,2276
1140,2323
1720,2274
2514,2131
3060,1908
2968,1805
2319,1895
1540,2122
1074,2269
1163,2311
1767,2257
2545,2112
3069,1890
2958,1787
2282,1883
1515,2105
1071,2253
1187,2294
1789,2236
2563,2087
3079,1865
2943,1770
2277,1878
1503,2107
1066,2255
1199,2293
1799,2236
2578,2073
3090,1858
2938,1761
2249,1877
1481,2108
1064,2247
1203,2289
1837,2230
2607,2078
3089,1860
2923,1773
2217,1891
1455,2110
1061,2245
1223,2285
1858,2219
2626,2066
3097,1852
2891,1786
2190,1901
1430,2128
1050,2261
1230,2297
1898,2227
2658,2062
3101,1851
2880,1784
2170,1921
1414,2151
1043,2279
1238,2310
1903,2241
2666,2078
3107,1863
2868,1799
2154,1933
1404,2161
1040,2284
1252,2312
1928,2243
2688,2074
3109,1865
2841,1804
2113,1946
1375,2165
1036,2287
1271,2300
1957,2232
2712,2066
3104,1856
2828,1806
2096,1949
1355,2172
1037,2288
1280,2308
1973,2235
2733,2064
3125,1856
2819,1808
2080,1961
1342,2179
1024,2291
1310,2312
2002,2232
2750,2042
3129,1834
2792,1788
2053,1946
1330,2167
1037,2277
1323,2287
2031,2207
2762,2025
3116,1818
2759,1785
2027,1942
1316,2164
1041,2275
1338,2286
2055,2200
2794,2006
3139,1810
2764,1781
2007,1948
1292,2165
1027,2273
1341,2275
2070,2197
2811,2003
3137,1802
2742,1781
1978,1962
1281,2173
1040,2267
1361,2278
2093,2188
2815,1998
3120,1813
2717,1782
1954,1964
1274,2182
1041,2280
1386,2285
2120,2191
2841,1996
3117,1808
2678,1805
1925,1990
1244,2206
1038,2296
1410,2294
2150,2197
2871,2006
3118,1822
2674,1822
1901,2006
1226,2214
1043,2304
1425,2305
2167,2208
2869,2010
3109,1823
2647,1817
1887,2006
1236,2215
1055,2302
1437,2300
2182,2198
2884,1993
3114,1819
2637,1833
1856,2025
1205,2223
1052,2293
1463,2295
2229,2190
2929,1997
3101,1823
2615,1839
1834,2031
1194,2229
1063,2309
1487,2295
2249,2178
2927,1967
3097,1792
2604,1819
1803,2015
1164,2215
1068,2298
1514,2277
2276,2169
2940,1953
3088,1784
2570,1811
1789,2007
1172,2205
1080,2285
1539,2268
2289,2156
2941,1946
3074,1789
2551,1821
1768,2020
1160,2206
1081,2284
1545,2261
2320,2144
2964,1931
3067,1777
2523,1814
1736,2039
1138,2223
1084,2291
1570,2276
2340,2142
2977,1923
3059,1775
2498,1827
1710,2040
1135,2224
1091,2294
1590,2266
2359,2145
2982,1933
3055,1786
2477,1848
1689,2057
1124,2238
1107,2304
1611,2277
2389,2155
3000,1941
3037,1802
2452,1866
1661,2082
1110,2246
1108,2305
1642,2275
2413,2154
3007,1942
3027,1804
2433,1878
1646,2089
1106,2254
1111,2315
1650,2273
2423,2135
3017,1918
3020,1785
2416,1862
1637,2090
1101,2259
1123,2316
1675,2274
2454,2144
3033,1923
3006,1797
2384,1882
1601,2100
1092,2258
1138,2315
1708,2269
2485,2135
3047,1907
2996,1786
2362,1869
1583,2090
1090,2246
1148,2293
1722,2249
2500,2107
3060,1883
2994,1764
2347,1867
1569,2097
1080,2248
1151,2286
1745,2239
2522,2094
3061,1871
2975,1771
2320,1869
1537,2088
1083,2242
1176,2295
1776,2240
2544,2086
3058,1876
2940,1767
2296,1865
1521,2100
1070,2250
1180,2292
1783,2236
2568,2086
3081,1866
2942,1765
2276,1878
1483,2116
1060,2256
1190,2290
1816,2240
2590,2092
3085,1870
2922,1784
2241,1901
1457,2130
1057,2269
1194,2304
1835,2247
2613,2093
3089,1877
2917,1796
2209,1918
1449,2151
1053,2281
1213,2314
1863,2254
2631,2093
3093,1871
2885,1802
2181,1931
1429,2154
1054,2284
1245,2310
1890,2245
2648,2078
3100,1867
2878,1797
2163,1926
1409,2154
1041,2281
1234,2312
1906,2251
2673,2086
3121,1871
2890,1800
2155,1933
1395,2159
1043,2284
1259,2308
1937,2240
2696,2065
3112,1853
2845,1787
2119,1934
1381,2154
1048,2275
1287,2291
1964,2211
2717,2039
3121,1825
2828,1775
2096,1928
1362,2151
1042,2268
1294,2290
1990,2211
2743,2030
3128,1821
2819,1775
2071,1935
1333,2156
1036,2268
1308,2277
2015,2208
2759,2023
3129,1818
2794,1783
2048,1935
1327,2159
1036,2263
1323,2283
2022,2205
2755,2019
3121,1813
2773,1781
2022,1945
1307,2166
1033,2274
1338,2282
2054,2198
2791,2014
3130,1820
2750,1799
1995,1976
1278,2190
1000,2293
1352,2305
2084,2209
2807,2026
3129,1827
2731,1810
1972,1983
1270,2196
1037,2298
1365,2311
2095,2218
2817,2029
3117,1831
2714,1827
1949,2000
1255,2205
1034,2300
1383,2298
2119,2208
2839,2011
3119,1831
2691,1824
1924,2002
1240,2211
1041,2295
1410,2299
2153,2198
2853,2006
3112,1828
2671,1832
1903,2015
1229,2218
1049,2309
1435,2306
2182,2202
2892,1995
3121,1802
2651,1806
1872,2000
1212,2208
1056,2290
1456,2280
2205,2181
2898,1977
3107,1795
2633,1803
1863,1991
1213,2192
1071,2277
1473,2266
2225,2166
2912,1963
3104,1785
2614,1808
1832,2000
1192,2197
1068,2278
1494,2267
2256,2159
2931,1948
3089,1782
2592,1806
1800,2010
1180,2212
1073,2295
1512,2272
2274,2157
2937,1943
3076,1777
2564,1809
1781,2015
1170,2211
1078,2289
1522,2270
2283,2166
2950,1956
3073,1791
2539,1832
1751,2036
1150,2224
1080,2301
1552,2280
2324,2162
2969,1956
3062,1808
2513,1860
1712,2065
1131,2242
1085,2307
1566,2288
2336,2169
2973,1958
3057,1807
2497,1857
1710,2072
1129,2255
1088,2320
1581,2289
2347,2168
2979,1939
3043,1794
2472,1854
1689,2072
1126,2246
1100,2311
1612,2280
2387,2158
2999,1944
3035,1807
2444,1866
1658,2081
1120,2245
1110,2312
1642,2290
2415,2146
3016,1927
3028,1791
2428,1861
1644,2075
1110,2240
1117,2295
1654,2258
2437,2120
3036,1895
3039,1768
2420,1847
1627,2070
1103,2235
1130,2291
1685,2248
2459,2114
3036,1894
3008,1768
2387,1846
1606,2071
1101,2229
1151,2284
1712,2250
2484,2116
3045,1891
2995,1770
2356,1852
1580,2080
1088,2236
1148,2286
1727,2241
2506,2100
3058,1877
2990,1766
2342,1861
1554,2088
1075,2241
1155,2290
1751,2236
2528,2109
3065,1884
2969,1784
2309,1883
1532,2108
1064,2260
1152,2307
1762,2263
2550,2120
3069,1892
2951,1791
2280,1896
1507,2126
1068,2270
1180,2311
1797,2260
2570,2109
3068,1894
2920,1800
2236,1911
1481,2141
1059,2283
1187,2314
1816,2258
2588,2100
3084,1884
2921,1799
2232,1910
1467,2139
1050,2278
1194,2314
1831,2256
2612,2103
3096,1880
2910,1800
2208,1922
1449,2149
1054,2279
1217,2320
1869,2247
2636,2087
3097,1869
2890,1795
2187,1919
1442,2143
1062,2271
1236,2295
1891,2232
2659,2062
3104,1843
2879,1777
2165,1905
1415,2134
1049,2264
1248,2285
1921,2211
2691,2042
3132,1830
2869,1767
2143,1903
1397,2137
1046,2258
1263,2287
1941,2213
2700,2043
3120,1838
2845,1775
2114,1912
1385,2137
1061,2259
1283,2289
1961,2211
2716,2036
3120,1827
2815,1774
2087,1922
1352,2156
1035,2262
1288,2283
1983,2205
2738,2034
3126,1833
2810,1790
2065,1943
1337,2168
1036,2286
1309,2305
2011,2222
2756,2042
3126,1838
2788,1801
2041,1961
1322,2186
1031,2295
1313,2320
2021,2229
2769,2037
3128,1840
2772,1812
2017,1977
1301,2193
1022,2296
1332,2306
2052,2218
2792,2039
3129,1838
2745,1821
1982,1986
1272,2195
1030,2293
1353,2302
2077,2218
2806,2033
3129,1838
2734,1823
1975,1994
1279,2204
1031,2302
1379,2306
2116,2216
2834,2017
3124,1821
2706,1808
1941,1983
1258,2198
1046,2289
1399,2289
2133,2192
2847,2004
3120,1805
2696,1797
1931,1973
1247,2182
1047,2273
1418,2277
2162,2180
2869,1982
3122,1794
2672,1793
1898,1979
1229,2191
1051,2276
1444,2274
2202,2180
2895,1967
3111,1784
2650,1798
1873,1990
1212,2200
1060,2277
1454,2275
2205,2173
2888,1967
3093,1787
2629,1800
1853,1990
1216,2188
1062,2274
1473,2266
2227,2174
2910,1965
3093,1791
2599,1814
1819,2014
1181,2214
1064,2298
1496,2287
2259,2180
2927,1971
3096,1808
2577,1834
1796,2038
1170,2226
1066,2300
1507,2289
2273,2176
2939,1970
3081,1812
2563,1846
1777,2056
1165,2248
1065,2317
1519,2287
2293,2178
2951,1963
3069,1805
2534,1851
1750,2051
1152,2243
1083,2313
1554,2291
2327,2176
2960,1965
3049,1810
2497,1857
1724,2065
1140,2247
1093,2309
1580,2286
2348,2170
2983,1949
3059,1797
2493,1848
1706,2059
1130,2241
1086,2302
1582,2282
2368,2145
3000,1927
3052,1783
2471,1838
1687,2051
1123,2225
1110,2285
1622,2255
2393,2133
3004,1912
3035,1776
2448,1834
1663,2052
1128,2228
1120,2286
1642,2253
2419,2126
3016,1906
3028,1771
2422,1843
1639,2062
1105,2236
1119,2291
1661,2248
2446,2109
3038,1895
3019,1769
2398,1840
1614,2068
1099,2233
1125,2289
1686,2251
2465,2132
3043,1897
3007,1775
2387,1858
1598,2082
1087,2250
1135,2301
1710,2262
2487,2124
3045,1907
2987,1791
2344,1885
1572,2109
1081,2266
1150,2318
1734,2266
2502,2123
3050,1902
2973,1801
2323,1899
1546,2119
1076,2273
1155,2316
1751,2265
2528,2118
3064,1901
2966,1791
2302,1894
1513,2125
1050,2277
1165,2317
1773,2262
2550,2115
3072,1895
2950,1798
2281,1905
1508,2133
1068,2281
1185,2317
1802,2266
2568,2109
3067,1891
2928,1799
2257,1907
1491,2126
1062,2265
1194,2301
1824,2241
2598,2088
3089,1862
2924,1772
2239,1890
1467,2121
1051,2255
1201,2289
1849,2224
2621,2075
3096,1854
2912,1770
2213,1895
1456,2123
1057,2253
1243,2286
1870,2228
2633,2066
3096,1842
2897,1757
2191,1898
1434,2128
1049,2260
1232,2290
1893,2219
2659,2057
3107,1839
2877,1769
2159,1903
1409,2129
1041,2257
1247,2282
1928,2218
2684,2057
3106,1846
2874,1782
2138,1922
1392,2147
1042,2275
1257,2301
1935,2233
2694,2064
3110,1848
2844,1790
2123,1932
1391,2162
1040,2290
1273,2310
1958,2270
2715,2061
3117,1855
2822,1803
2088,1957
1352,2184
1027,2294
1284,2314
1983,2234
2743,2054
3130,1853
2807,1803
2067,1960
1339,2178
1032,2292
1299,2305
2001,2227
2745,2053
3125,1846
2795,1809
2050,1971
1322,2195
1031,2305
1326,2305
2037,2227
2776,2040
3133,1842
2766,1806
2017,1970
1307,2185
1036,2289
1340,2295
2050,2210
2781,2022
3132,1825
2753,1788
1995,1956
1292,2171
1038,2271
1362,2282
2088,2194
2821,2003
3132,1808
2733,1789
1966,1958
1260,2184
1037,2281
1384,2284
2108,2189
2830,1991
3129,1802
2716,1788
1947,1963
1263,2177
1045,2277
1391,2275
2130,2186
2843,1995
3120,1798
2689,1795
1918,1972
1243,2184
1047,2278
1414,2279
2157,2175
2861,1983
3111,1800
2663,1801
1887,1991
1228,2207
1058,2297
1445,2291
2185,2190
2883,1993
3107,1817
2645,1820
1870,2012
1211,2218
1049,2305
1444,2293
2196,2192
2888,1991
3112,1812
2642,1834
1860,2028
1197,2224
1052,2309
1463,2297
2218,2191
2904,1986
3092,1817
2603,1835
1821,2031
1187,2218
1067,2304
1495,2287
2257,2185
2925,1975
3086,1814
2583,1841
1798,2043
1174,2236
1070,2314
1512,2281
2277,2189
2945,1969
3087,1806
2567,1837
1775,2042
1163,2225
1074,2296
1534,2280
2298,2165
2958,1949
3078,1783
2539,1822
1759,2028
1158,2215
1087,2284
1559,2266
2318,2154
2954,1939
3061,1777
2526,1820
1743,2029
1151,2213
1094,2283
1576,2258
2348,2135
2985,1920
3062,1771
2503,1830
1708,2049
1122,2230
1084,2289
1596,2255
2370,2134
2995,1917
3047,1773
2471,1830
1686,2045
1122,2223
1101,2283
1610,2254
2394,2133
3007,1922
3038,1772
2446,1841
1662,2062
1111,2233
1110,2299
1640,2267
2414,2140
3010,1927
3020,1790
2417,1863
1637,2084
1120,2251
1131,2303
1662,2268
2437,2148
3026,1926
3012,1803
2395,1875
1612,2098
1094,2261
1121,2313
1678,2273
2459,2140
3044,1914
3016,1793
2377,1875
1592,2101
1085,2261
1133,2313
1702,2267
2480,2132
3041,1904
2989,1795
2353,1889
1577,2114
1092,2269
1160,2313
1731,2269
2504,2124
3058,1910
2980,1795
2334,1883
1556,2109
1081,2259
1159,2304
1753,2254
2530,2112
3065,1884
2973,1775
2305,1879
1532,2091
1076,2246
1172,2286
1777,2240
2552,2088
3074,1872
2956,1770
2293,1875
1520,2106
1077,2248
1185,2292
1797,2233
2560,2080
3080,1871
2945,1769
2263,1874
1492,2104
1062,2253
1192,2293
1822,2233
2596,2083
3092,1857
2929,1769
2229,1890
1454,2116
1048,2252
1205,2296
1842,2232
2610,2074
3091,1858
2907,1773
2211,1896
1455,2124
1054,2262
1220,2300
1852,2243
2624,2083
3089,1865
2891,1791
2187,1926
1429,2152
1051,2282
1228,2305
1888,2238
2653,2081
3102,1876
2871,1804
2155,1938
1401,2165
1036,2287
1249,2312
1910,2242
2671,2074
3105,1859
2860,1796
2142,1936
1392,2162
1039,2286
1249,2310
1926,2240
2686,2067
3116,1855
2864,1798
2133,1946
1380,2172
1041,2294
1272,2317
1961,2242
2716,2069
3121,1858
2825,1806
2097,1947
1367,2163
1052,2274
1296,2294
1989,2222
2740,2044
3127,1833
2811,1786
2067,1938
1338,2155
1037,2275
1313,2283
2022,2205
2764,2021
3135,1812
2793,1772
2045,1942
1328,2162
1041,2272
1328,2287
2035,2205
2779,2016
3135,1807
2777,1778
2026,1942
1312,2156
1033,2267
1326,2285
2048,2201
2795,2018
3134,1813
2752,1786
1991,1950
1285,2164
1038,2269
1362,2277
2090,2186
2814,2003
3124,1811
2711,1793
1947,1976
1265,2192
1038,2282
1380,2285
2110,2199
2828,2005
3123,1817
2711,1809
1945,1991
1259,2208
1033,2304
1383,2307
2115,2205
2843,2007
3120,1825
2686,1822
1919,1998
1238,2211
1045,2310
1410,2304
2148,2209
2853,2012
3109,1829
2661,1823
1892,1999
1229,2201
1049,2304
1427,2300
2173,2201
2870,2001
3108,1822
2648,1830
1872,2025
1211,2225
1053,2309
1446,2295
2204,2192
2906,1994
3120,1818
2633,1833
1847,2024
1204,2222
1060,2301
1473,2283
2228,2179
2910,1966
3096,1791
2608,1809
1834,2004
1202,2204
1083,2286
1502,2276
2248,2160
2924,1954
3097,1779
2592,1811
1812,2012
1183,2207
1072,2282
1512,2267
2278,2155
2945,1945
3096,1781
2594,1819
1780,2015
1172,2208
1081,2281
1535,2276
2298,2154
2951,1943
3076,1781
2539,1820
1755,2021
1158,2211
1089,2284
1553,2261
2326,2148
2970,1933
3065,1780
2512,1829
1727,2041
1143,2228
1090,2296
1575,2271
2344,2151
2973,1937
3037,1796
2483,1854
1702,2067
1130,2244
1092,2306
1594,2283
2367,2157
2992,1945
3042,1801
2464,1858
1677,2075
1112,2254
1088,2321
1606,2289
2389,2164
3001,1939
3033,1801
2445,1868
1654,2076
1108,2249
1109,2314
1636,2275
2413,2149
3007,1932
3022,1799
2424,1875
1643,2094
1108,2258
1117,2317
1660,2283
2440,2150
3030,1934
3029,1800
2402,1874
1616,2091
1093,2257
1124,2305
1690,2269
2475,2128
3046,1905
3005,1773
2381,1858
1599,2082
1097,2239
1144,2291
1709,2246
2484,2107
3046,1884
2995,1763
2361,1851
1593,2079
1106,2241
1155,2290
1731,2239
2509,2101
3058,1879
2985,1765
2335,1858
1555,2092
1079,2245
1156,2292
1754,2235
2538,2104
3078,1877
2973,1768
2310,1871
1531,2093
1073,2244
1169,2285
1768,2238
2542,2094
3069,1873
2954,1770
2291,1879
1522,2103
1072,2257
1179,2299
1788,2240
2564,2095
3075,1877
2934,1787
2258,1903
1491,2130
1061,2269
1190,2308
1825,2252
2592,2104
3085,1885
2919,1802
2219,1916
1464,2144
1054,2282
1201,2323
1835,2258
2608,2099
3089,1882
2911,1797
2216,1919
1452,2150
1045,2285
1203,2320
1840,2246
2615,2087
3097,1871
2897,1797
2192,1926
1434,2150
1047,2283
1228,2315
1886,2250
2651,2092
3098,1877
2878,1807
2169,1932
1413,2159
1048,2279
1246,2306
1915,2235
2680,2066
3115,1853
2857,1778
2137,1917
1391,2145
1043,2271
1272,2294
1952,2221
2703,2034
3118,1829
2847,1774
2116,1922
1381,2139
1043,2266
1276,2283
1961,2213
2718,2037
3123,1824
2839,1778
2113,1910
1373,2140
1042,2258
1294,2286
1985,2218
2737,2031
3117,1830
2808,1776
2067,1934
1339,2153
1035,2266
1313,2282
2020,2204
2765,2018
3125,1811
2785,1779
2038,1944
1319,2169
1026,2280
1323,2295
2032,2214
2771,2030
3141,1825
2776,1797
2023,1960
1305,2186
1018,2291
1335,2304
2053,2219
2793,2033
3128,1840
2750,1817
1992,1980
1286,2194
1040,2291
1354,2304
2070,2223
2799,2037
3112,1841
2726,1821
1971,1983
1273,2204
1029,2299
1371,2298
2096,2206
2831,2021
3123,1829
2712,1811
1946,1998
1257,2215
1030,2313
1374,2306
2124,2208
2845,2014
3123,1815
2696,1822
1922,2007
1242,2211
1047,2307
1414,2298
2157,2201
2860,1998
3110,1809
2658,1803
1889,1985
1233,2193
1053,2283
1430,2269
2176,2180
2880,1977
3101,1793
2660,1798
1884,1989
1223,2196
1054,2280
1442,2275
2196,2166
2897,1965
3106,1788
2634,1801
1855,1992
1207,2195
1065,2282
1470,2270
2225,2168
2905,1960
3094,1791
2609,1800
1832,1993
1200,2191
1066,2279
1487,2267
2245,2162
2924,1957
3089,1786
2583,1814
1800,2015
1182,2213
1073,2290
1526,2275
2281,2163
2935,1957
3082,1801
2564,1833
1778,2036
1163,2228
1071,2305
1525,2284
2294,2177
2950,1961
3078,1808
2545,1846
1756,2048
1153,2239
1077,2313
1545,2289
2315,2176
2960,1965
3062,1809
2514,1854
1727,2059
1143,2241
1090,2308
1574,2284
2346,2160
2966,1954
3053,1803
2495,1852
1714,2066
1133,2247
1092,2319
1590,2286
2368,2164
3007,1962
3055,1804
2477,1857
1686,2068
1110,2244
1092,2317
1616,2278
2392,2148
3001,1929
3036,1787
2454,1845
1668,2061
1120,2231
1117,2286
1637,2261
2410,2136
3002,1917
3016,1773
2430,1843
1649,2063
1112,2229
1122,2289
1663,2251
2438,2118
3031,1891
3021,1765
2406,1846
1620,2074
1093,2234
1122,2289
1685,2244
2474,2117
3038,1893
3008,1771
2381,1852
1600,2079
1095,2245
1136,2290
1700,2245
2477,2105
3036,1884
2989,1764
2362,1852
1584,2083
1085,2242
1144,2298
1722,2254
2502,2115
3052,1896
2984,1780
2331,1878
1553,2108
1073,2259
1153,2301
1753,2253
2532,2118
3062,1905
2963,1801
2306,1896
1533,2123
1069,2272
1164,2315
1768,2261
2542,2117
3063,1897
2955,1791
2296,1900
1531,2126
1071,2272
1171,2312
1783,2253
2563,2107
3075,1896
2942,1797
2268,1905
1493,2135
1062,2275
1191,2314
1818,2255
2594,2109
3082,1889
2922,1791
2236,1909
1472,2138
1058,2277
1207,2315
1847,2252
2621,2086
3098,1869
2918,1780
2203,1899
1433,2136
1052,2267
1223,2295
1869,2230
2637,2066
3101,1848
2900,1769
2196,1894
1443,2121
1058,2258
1232,2290
1885,2223
2643,2062
3097,1849
2886,1775
2173,1902
1418,2126
1050,2256
1245,2286
1914,2223
2676,2041
3131,1836
2863,1780
2138,1914
1382,2142
1031,2263
1259,2289
1935,2210
2694,2041
3111,1827
2841,1776
2119,1919
1375,2156
1038,2257
1271,2287
1952,2222
2708,2052
3120,1846
2829,1795
2094,1938
1356,2169
1033,2293
1287,2308
1982,2232
2732,2051
3120,1850
2806,1800
2062,1956
1333,2177
1033,2284
1310,2309
2010,2232
2747,2053
3120,1852
2794,1813
2045,1963
1323,2187
1028,2292
1312,2310
2018,2226
2762,2039
3125,1841
2779,1805
2036,1972
1312,2193
1032,2299
1338,2309
2054,2221
2788,2035
3133,1839
2750,1816
1997,1981
1289,2198
1033,2298
1374,2300
2095,2213
2817,2020
3134,1819
2739,1798
1971,1969
1281,2182
1038,2285
1372,2287
2102,2195
2829,1996
3136,1798
2728,1785
1961,1965
1264,2177
1041,2275
1393,2279
2125,2191
2845,1994
3123,1802
2701,1795
1936,1976
1255,2181
1052,2274
1417,2269
2152,2181
2850,1989
3101,1803
2672,1802
1901,1982
1233,2191
1051,2280
1429,2272
2172,2169
2878,1964
3106,1789
2624,1796
1861,1994
1208,2206
1049,2296
1449,2285
2195,2179
2893,1977
3105,1797
2629,1812
1853,2011
1202,2215
1058,2300
1458,2296
2217,2194
2898,1992
3099,1820
2605,1831
1828,2020
1188,2223
1061,2301
1484,2290
2239,2188
2916,1987
3085,1824
2581,1846
1800,2046
1178,2237
1080,2304
1506,2284
2263,2169
2931,1968
3082,1811
2565,1840
1782,2047
1163,2238
1068,2312
1519,2294
2292,2180
2959,1968
3097,1806
2563,1838
1759,2046
1156,2240
1076,2310
1544,2291
2312,2174
2962,1959
3064,1795
2525,1830
1742,2038
1155,2216
1102,2283
1586,2267
2345,2152
2978,1932
3060,1778
2508,1826
1719,2037
1141,2218
1099,2280
1595,2255
2368,2130
3000,1913
3059,1773
2486,1842
1697,2046
1128,2227
1104,2289
1615,2259
2387,2130
3004,1915
3042,1774
2457,1835
1670,2055
1120,2227
1113,2296
1631,2258
2399,2132
3007,1903
3030,1766
2434,1839
1646,2058
1109,2231
1114,2290
1652,2260
2427,2130
3022,1909
3018,1783
2408,1871
1610,2088
1084,2253
1123,2306
1676,2269
2453,2140
3031,1921
3006,1800
2381,1880
1601,2098
1090,2258
1132,2312
1695,2267
2463,2141
3026,1918
2988,1800
2361,1884
1580,2113
1083,2266
1137,2306
1715,2270
2495,2132
3051,1903
2982,1796
2339,1891
1552,2113
1072,2266
1146,2314
1744,2267
2518,2129
3057,1908
2966,1799
2310,1900
1535,2119
1072,2271
1166,2315
1774,2264
2557,2112
3085,1883
2957,1779
2283,1883
1510,2110
1093,2256
1185,2293
1801,2244
2574,2088
3080,1867
2942,1770
2267,1882
1505,2106
1083,2249
1203,2285
1822,2230
2593,2077
3092,1860
2931,1770
2245,1880
1477,2107
1061,2252
1206,2287
1841,2227
2616,2073
3103,1851
2921,1769
2215,1888
1455,2123
1057,2256
1218,2286
1863,2219
2629,2064
3097,1845
2893,1771
2190,1900
1437,2126
1056,2259
1227,2294
1877,2229
2650,2070
3102,1855
2880,1784
2166,1922
1410,2149
1043,2276
1243,2304
1911,2238
2676,2072
3111,1859
2860,1804
2128,1942
1383,2163
1040,2284
1251,2306
1927,2236
2686,2076
3109,1865
2847,1807
2123,1944
1378,2173
1037,2291
1263,2318
1935,2241
2688,2062
3112,1858
2829,1803
2099,1951
1361,2174
1036,2289
1277,2309
1977,2234
2728,2059
3122,1853
2808,1810
2065,1967
1331,2193
1032,2292
1305,2300
2004,2231
2749,2046
3129,1835
2796,1797
2054,1953
1329,2168
1034,2281
1320,2289
2023,2210
2771,2014
3147,1812
2789,1781
2029,1944
1314,2162
1034,2264
1341,2278
2056,2196
2790,2009
3132,1812
2759,1788
2004,1949
1300,2163
1044,2265
1368,2286
2078,2189
2807,1997
3130,1804
2738,1789
1980,1958
1280,2179
1038,2279
1367,2282
2096,2187
2817,1990
3139,1794
2713,1784
1947,1962
1257,2179
1037,2274
1388,2282
2122,2191
2846,2000
3121,1812
2700,1804
1932,1985
1244,2194
1039,2290
1400,2304
2143,2201
2855,2004
3115,1822
2676,1818
1900,2006
1232,2210
1044,2306
1427,2295
2172,2198
2867,2000
3102,1820
2636,1834
1873,2020
1214,2221
1050,2308
1442,2297
2190,2194
2886,1996
3105,1823
2636,1830
1855,2021
1200,2225
1047,2311
1447,2298
2210,2203
2908,1998
3101,1819
2612,1835
1833,2030
1189,2222
1066,2306
1486,2292
2241,2182
2918,1974
3087,1802
2586,1826
1803,2025
1182,2221
1071,2299
1509,2275
2268,2162
2937,1953
3085,1782
2571,1816
1789,2019
1223,2211
1095,2286
1522,2268
2295,2144
2961,1936
3083,1769
2553,1813
1765,2023
1161,2215
1084,2287
1552,2266
2317,2148
2959,1933
3067,1769
2523,1817
1743,2026
1160,2212
1100,2288
1568,2262
2337,2143
2977,1924
3063,1771
2501,1824
1713,2039
1133,2220
1092,2287
1585,2263
2362,2139
2993,1927
3061,1783
2481,1840
1690,2062
1110,2238
1100,2306
1610,2275
2383,2154
2997,1935
3037,1793
2447,1864
1664,2078
1120,2251
1124,2313
1631,2277
2405,2146
3012,1935
3031,1798
2429,1867
1644,2090
1093,2252
1124,2313
1650,2274
2427,2142
3020,1922
3026,1804
2417,1876
1621,2090
1099,2253
1123,2316
1675,2273
2448,2144
3027,1923
3009,1799
2386,1879
1598,2096
1080,2270
1119,2323
1703,2277
2481,2137
3045,1903
2992,1789
2356,1870
1581,2095
1093,2253
1152,2300
1729,2250
2501,2108
3048,1891
2971,1777
2333,1871
1556,2085
1083,2236
1157,2289
1748,2240
2529,2097
3067,1879
2974,1765
2318,1861
1539,2088
1072,2242
1162,2290
1776,2247
2549,2095
3077,1879
2960,1765
2290,1876
1519,2099
1066,2244
1181,2292
1793,2238
2563,2087
3067,1866
2939,1775
2269,1881
1507,2102
1070,2257
1189,2285
1816,2233
2590,2084
3086,1869
2926,1777
2234,1897
1466,2129
1051,2262
1203,2310
1845,2243
2628,2092
3102,1872
2909,1795
2215,1919
1450,2146
1050,2281
1209,2317
1854,2247
2626,2090
3099,1864
2901,1802
2195,1923
1445,2153
1056,2289
1223,2316
1875,2239
2643,2085
3097,1869
2877,1805
2166,1933
1415,2156
1046,2282
1240,2305
1906,2241
2674,2086
3109,1873
2858,1806
2143,1942
1393,2168
1047,2289
1251,2309
1933,2240
2694,2062
3115,1852
2854,1794
2125,1931
1382,2162
1035,2286
1263,2301
1951,2219
2718,2044
3124,1827
2834,1775
2100,1924
1371,2143
1041,2264
1293,2293
1988,2210
2731,2035
3123,1829
2799,1776
2061,1933
1347,2150
1041,2268
1309,2289
2009,2208
2758,2024
3128,1816
2794,1783
2048,1937
1326,2159
1033,2277
1316,2289
2015,2206
2764,2016
3131,1811
2770,1785
2016,1942
1301,2163
1029,2269
1332,2277
2051,2198
2791,2015
3133,1818
2765,1793
1999,1960
1291,2176
1037,2292
1356,2302
2078,2217
2808,2026
3121,1832
2728,1814
1964,1983
1269,2202
1043,2296
1385,2298
2116,2210
2828,2012
3120,1824
2707,1824
1942,1996
1256,2206
1036,2300
1385,2297
2123,2207
2840,2013
3124,1829
2700,1820
1937,2001
1248,2204
1039,2298
1397,2306
2150,2200
2861,2013
3111,1829
2673,1829
1899,2015
1228,2219
1054,2308
1435,2289
2181,2197
2878,1992
3105,1806
2651,1820
1876,2005
1218,2210
1069,2299
1450,2283
2204,2178
2894,1969
3104,1787
2637,1802
1861,2004
1204,2206
1047,2283
1468,2274
2226,2166
2910,1959
3094,1784
2616,1811
1834,1998
1196,2198
1072,2282
1496,2268
2254,2160
2926,1950
3077,1794
2580,1814
1807,2011
1183,2210
1070,2293
1507,2272
2270,2158
2935,1945
3083,1776
2574,1809
1787,2018
1162,2212
1063,2292
1513,2271
2289,2152
2948,1953
3073,1777
2542,1826
1760,2038
1145,2227
1078,2301
1549,2288
2315,2170
2958,1958
3062,1796
2514,1842
1733,2052
1149,2241
1084,2307
1565,2287
2335,2170
2965,1950
3066,1806
2497,1854
1708,2069
1126,2250
1080,2310
1580,2279
2361,2156
2999,1946
3031,1794
2477,1855
1688,2068
1124,2247
1104,2314
1604,2279
2374,2161
2994,1945
3041,1804
2457,1863
1668,2082
1119,2250
1110,2313
1638,2279
2414,2151
3012,1931
3026,1790
2423,1859
1647,2080
1112,2247
1129,2301
1666,2258
2435,2127
3025,1905
3027,1771
2407,1844
1624,2066
1102,2233
1129,2290
1686,2246
2460,2120
3042,1892
3016,1772
2388,1877
1602,2068
1091,2230
1138,2290
1704,2245
2481,2110
3048,1887
2988,1767
2362,1859
1583,2079
1093,2236
1156,2293
1726,2248
2489,2105
3033,1886
2973,1770
2335,1860
1561,2076
1080,2246
1160,2292
1748,2249
2523,2102
3053,1881
2966,1773
2304,1875
1524,2109
1056,2263
1162,2316
1771,2264
2546,2110
3069,1895
2949,1793
2287,1899
1512,2125
1066,2268
1165,2317
1787,2265
2559,2118
3063,1892
2942,1795
2256,1909
1492,2134
1058,2277
1186,2317
1809,2253
2582,2100
3081,1887
2923,1801
2237,1907
1469,2141
1054,2269
1208,2304
1846,2253
2607,2101
3089,1888
2907,1808
2218,1924
1457,2150
1052,2283
1217,2313
1862,2251
2632,2089
3092,1870
2902,1788
2213,1917
1448,2147
1049,2272
1228,2300
1888,2233
2652,2062
3108,1848
2886,1773
2172,1907
1417,2134
1049,2259
1248,2284
1919,2217
2685,2053
3116,1840
2870,1776
2152,1911
1406,2140
1048,2260
1257,2281
1931,2215
2692,2043
3114,1835
2859,1780
2132,1916
1396,2146
1046,2267
1272,2291
1955,2217
2714,2040
3118,1826
2828,1773
2091,1918
1359,2140
1038,2260
1285,2295
1968,2214
2729,2043
3124,1833
2807,1783
2066,1937
1337,2168
1029,2283
1303,2299
2008,2226
2753,2044
3128,1839
2782,1796
2029,1959
1302,2184
1026,2301
1313,2311
2025,2230
2769,2043
3120,1843
2780,1809
2021,1974
1307,2189
1029,2287
1326,2307
2038,2224
2781,2039
3127,1842
2752,1817
1995,1980
1288,2194
1032,2295
1353,2306
2076,2221
2802,2032
3132,1840
2731,1820
1964,1988
1269,2203
1040,2301
1380,2306
2104,2212
2825,2023
3127,1831
2718,1815
1950,1991
1262,2195
1044,2290
1391,2290
2123,2198
2841,1990
3134,1797
2709,1796
1934,1981
1250,2189
1047,2279
1414,2282
2161,2185
2863,1983
3115,1802
2675,1796
1900,1973
1238,2180
1061,2273
1447,2270
2186,2176
2879,1973
3113,1789
2661,1802
1880,1987
1218,2197
1052,2277
1443,2276
2198,2171
2896,1964
3111,1786
2641,1799
1865,1993
1206,2193
1053,2276
1462,2269
2219,2169
2903,1964
3094,1792
2611,1813
1833,2010
1202,2211
1063,2295
1492,2284
2237,2182
2913,1976
3086,1804
2585,1832
1806,2035
1177,2232
1065,2308
1502,2292
2267,2180
2934,1972
3087,1814
2568,1846
1778,2055
1149,2248
1057,2305
1520,2289
2286,2180
2946,1967
3073,1808
2547,1841
1761,2053
1154,2237
1077,2309
1546,2289
2306,2183
2953,1966
3051,1811
2522,1850
1740,2062
1142,2244
1089,2308
1573,2286
2345,2168
2977,1953
3049,1803
2492,1849
1710,2063
1144,2236
1100,2301
1596,2272
2368,2150
2993,1931
3049,1784
2474,1832
1691,2050
1127,2225
1100,2289
1617,2261
2396,2137
3017,1917
3055,1771
2461,1830
1672,2050
1123,2224
1113,2286
1636,2247
2412,2120
3012,1905
3031,1769
2432,1839
1650,2064
1123,2235
1138,2286
1663,2247
2436,2127
3024,1910
3012,1773
2403,1847
1622,2064
1098,2228
1129,2286
1681,2248
2460,2117
3041,1895
3015,1771
2385,1849
1594,2080
1090,2247
1138,2301
1704,2262
2481,2124
3041,1909
2991,1784
2357,1884
1577,2102
1087,2260
1146,2311
1724,2282
2500,2131
3050,1913
2980,1800
2333,1887
1555,2118
1076,2270
1150,2315
1739,2265
2507,2120
3065,1902
2968,1804
2306,1902
1522,2121
1068,2269
1162,2310
1769,2261
2541,2117
3064,1897
2952,1796
2287,1901
1519,2129
1071,2275
1181,2313
1785,2267
2557,2118
3066,1892
2943,1795
2264,1902
1497,2129
1062,2270
1192,2307
1816,2243
2594,2087
3090,1869
2931,1777
2242,1891
1466,2118
1044,2256
1206,2292
1840,2234
2612,2075
3100,1856
2917,1771
2227,1889
1462,2127
1061,2255
1220,2288
1864,2228
2624,2055
3092,1840
2897,1768
2198,1907
1442,2122
1053,2258
1231,2290
1889,2222
2651,2063
3102,1846
2882,1774
2167,1903
1411,2128
1058,2251
1245,2283
1910,2216
2673,2054
3108,1841
2863,1779
2141,1919
1394,2147
1040,2273
1255,2298
1934,2227
2694,2059
3111,1850
2839,1800
2121,1945
1375,2164
1038,2289
1268,2313
1954,2238
2710,2070
3114,1857
2837,1804
2093,1949
1356,2172
1022,2294
1265,2316
1974,2244
2728,2061
3120,1851
2809,1806
2069,1960
1340,2183
1032,2291
1300,2312
1998,2228
2747,2053
3122,1847
2796,1809
2060,1967
1324,2185
1030,2296
1316,2316
2027,2230
2774,2044
3131,1840
2777,1803
2022,1966
1300,2185
1038,2293
1346,2297
2072,2210
2796,2017
3134,1819
2757,1787
2003,1962
1296,2174
1035,2283
1356,2285
2072,2199
2810,2003
3139,1804
2743,1790
1982,1966
1269,2175
1034,2273
1377,2275
2106,2195
2828,1994
3128,1807
2721,1790
1954,1968
1265,2180
1043,2277
1393,2289
2127,2191
2831,1993
3114,1801
2692,1793
1929,1968
1249,2185
1044,2275
1405,2275
2145,2181
2858,1990
3113,1809
2675,1804
1895,1988
1232,2190
1059,2280
1442,2284
2174,2189
2871,1991
3107,1813
2647,1815
1878,2013
1218,2211
1050,2306
1441,2295
2190,2194
2896,1997
3110,1820
2637,1833
1850,2026
1202,2224
1061,2315
1464,2299
2213,2195
2901,1990
3097,1815
2613,1836
1834,2031
1192,2228
1059,2314
1472,2300
2226,2193
2907,1981
3095,1809
2597,1834
1813,2040
1182,2233
1069,2311
1505,2295
2266,2176
2935,1979
3081,1812
2574,1842
1793,2036
1171,2224
1079,2301
1534,2282
2295,2172
2955,1952
3078,1790
2541,1823
1759,2029
1158,2221
1089,2290
1568,2266
2331,2144
2967,1928
3073,1772
2527,1819
1740,2028
1153,2215
1089,2285
1569,2257
2343,2144
2987,1926
3069,1769
2506,1826
1713,2039
1127,2217
1093,2301
1594,2252
2367,2139
2989,1918
3048,1773
2476,1831
1693,2042
1130,2220
1108,2286
1608,2255
2380,2130
2991,1919
3038,1781
2453,1843
1664,2058
1116,2235
1110,2296
1636,2267
2410,2139
3010,1925
3027,1792
2422,1862
1637,2079
1111,2248
1131,2309
1671,2275
2429,2146
3023,1927
3016,1800
2406,1867
1621,2095
1096,2254
1118,2317
1673,2277
2452,2141
3035,1922
3013,1803
2393,1876
1600,2105
1088,2259
1131,2316
1699,2275
2473,2134
3038,1915
2991,1799
2362,1883
1584,2107
1095,2266
1142,2322
1713,2282
2488,2137
3052,1911
2981,1793
2339,1888
1554,2110
1077,2264
1158,2307
1749,2255
2523,2112
3063,1889
2966,1780
2309,1876
1537,2100
1081,2254
1171,2292
1770,2241
2547,2092
3076,1869
2965,1765
2297,1873
1524,2102
1075,2249
1179,2287
1797,2230
2572,2077
3097,1859
2956,1773
2267,1883
1502,2103
1068,2250
1193,2292
1819,2231
2587,2080
3089,1860
2927,1767
2243,1883
1483,2112
1065,2257
1207,2295
1844,2230
2618,2072
3093,1853
2909,1771
2211,1901
1452,2124
1052,2262
1212,2297
1860,2238
2623,2083
3088,1871
2893,1800
2186,1921
1433,2146
1046,2279
1227,2313
1902,2243
2652,2087
3099,1865
2872,1806
2159,1929
1410,2157
1052,2286
1256,2312
1914,2243
2669,2081
3106,1861
2858,1802
2138,1947
1390,2167
1040,2292
1254,2313
1929,2236
2690,2074
3121,1855
2856,1797
2120,1943
1373,2172
1036,2295
1270,2312
1961,2237
2716,2066
3121,1855
2829,1803
2098,1944
1364,2177
1039,2288
1286,2303
1966,2228
2723,2054
3123,1844
2815,1787
2071,1934
1345,2158
1056,2272
1310,2289
2010,2206
2753,2030
3125,1823
2793,1784
2039,1937
1326,2155
1041,2265
1325,2281
2033,2190
2774,2015
3134,1811
2778,1779
2024,1943
1308,2167
1028,2271
1337,2284
2057,2190
2806,2001
3153,1807
2760,1785
1997,1953
1289,2173
1046,2273
1355,2279
2074,2193
2805,2015
3129,1808
2737,1783
1975,1958
1283,2177
1042,2285
1366,2289
2094,2198
2819,2011
3125,1820
2712,1813
1953,1991
1261,2200
1040,2294
1390,2297
2127,2205
2843,2018
3114,1834
2676,1823
1910,1998
1244,2212
1040,2307
1405,2301
2142,2206
2855,2010
3115,1825
2677,1826
1901,2009
1226,2216
1037,2309
1414,2294
2165,2194
2876,1996
3114,1821
2655,1823
1880,2019
1221,2224
1054,2310
1444,2304
2196,2199
2895,2007
3118,1819
2641,1821
1855,2012
1202,2224
1059,2301
1471,2290
2224,2187
2907,1973
3094,1793
2611,1818
1831,2011
1198,2202
1073,2284
1485,2271
2237,2169
2921,1956
3094,1784
2595,1808
1812,2009
1182,2207
1074,2284
1513,2265
2276,2158
2943,1946
3083,1778
2564,1814
1774,2019
1163,2219
1066,2296
1530,2266
2294,2153
2952,1939
3078,1778
2547,1816
1760,2026
1156,2212
1077,2285
1544,2266
2318,2152
2975,1931
3074,1773
2517,1816
1733,2033
1141,2224
1087,2292
1572,2271
2338,2153
2974,1941
3057,1794
2494,1841
1712,2052
1143,2240
1099,2305
1594,2282
2362,2155
2989,1948
3049,1792
2475,1860
1684,2072
1123,2243
1096,2313
1606,2279
2385,2160
2999,1950
3022,1809
2442,1868
1665,2077
1114,2253
1107,2312
1630,2279
2404,2150
3007,1933
3026,1798
2437,1870
1649,2088
1107,2256
1107,2318
1646,2275
2421,2148
3024,1928
3023,1802
2405,1885
1625,2095
1100,2253
1129,2312
1678,2268
2457,2133
3030,1911
3005,1777
2393,1854
1615,2076
1108,2242
1133,2292
1699,2252
2480,2112
3047,1891
3006,1772
2368,1853
1586,2078
1094,2238
1147,2284
1732,2237
2512,2095
3060,1882
2988,1768
2346,1864
1565,2084
1088,2240
1156,2286
1746,2243
2521,2096
3056,1867
2972,1772
2320,1870
1537,2100
1067,2252
1152,2289
1775,2236
2547,2092
3070,1868
2955,1772
2287,1851
1510,2106
1064,2256
1168,2289
1787,2245
2568,2096
3082,1883
2943,1786
2260,1893
1491,2125
1062,2271
1194,2310
1817,2252
2587,2103
3081,1887
2919,1804
2238,1913
1478,2138
1075,2270
1213,2301
1833,2251
2605,2100
3085,1881
2906,1793
2211,1919
1451,2148
1053,2278
1214,2312
1862,2250
2634,2083
3101,1878
2890,1801
2183,1926
1430,2155
1046,2283
1228,2318
1886,2250
2652,2085
3106,1875
2882,1804
2168,1926
1417,2156
1044,2281
1226,2309
1894,2243
2670,2078
3100,1856
2868,1782
2148,1918
1398,2144
1049,2269
1250,2295
1933,2222
2692,2046
3108,1833
2851,1769
2131,1909
1390,2138
1050,2267
1275,2287
1958,2214
2716,2036
3122,1827
2831,1777
2099,1924
1362,2145
1041,2264
1284,2285
1994,2208
2751,2034
3136,1827
2800,1779
2075,1928
1344,2156
1038,2272
1301,2285
1999,2203
2748,2018
3129,1812
2783,1778
2056,1941
1330,2170
1024,2287
1311,2290
2022,2209
2764,2031
3125,1825
2773,1798
2024,1960
1310,2185
1031,2287
1336,2293
2050,2217
2779,2036
3115,1844
2737,1813
1995,1978
1293,2197
1033,2300
1341,2311
2069,2222
2818,2033
3128,1834
2735,1820
1972,1989
1267,2206
1026,2296
1368,2301
2098,2210
2821,2023
3124,1831
2714,1817
1954,1989
1264,2207
1040,2304
1388,2305
2132,2211
2847,2021
3125,1827
2688,1815
1922,1993
1249,2212
1046,2298
1409,2299
2150,2202
2859,1999
3117,1809
2681,1808
1907,1990
1234,2193
1049,2282
1417,2284
2165,2190
2879,1989
3113,1791
2659,1797
1882,1984
1220,2195
1056,2280
1454,2273
2200,2169
2891,1966
3104,1791
2629,1803
1859,1996
1212,2200
1060,2278
1469,2272
2219,2180
2908,1964
3104,1788
2612,1806
1829,1999
1193,2202
1057,2282
1487,2274
2254,2164
2926,1949
3092,1778
2592,1800
1808,2008
1180,2209
1067,2291
1503,2276
2266,2166
2929,1958
3076,1791
2569,1832
1788,2037
1172,2232
1067,2302
1517,2285
2285,2179
2948,1967
3071,1806
2553,1850
1760,2052
1154,2235
1077,2306
1539,2283
2308,2183
2955,1971
3050,1810
2508,1847
1737,2060
1144,2240
1082,2316
1566,2282
2328,2164
2971,1957
3058,1804
2501,1855
1713,2069
1134,2251
1083,2314
1586,2284
2361,2165
2989,1951
3051,1820
2481,1852
1692,2068
1128,2250
1099,2310
1609,2277
2382,2158
2995,1935
3043,1782
2473,1838
1686,2060
1123,2234
1107,2295
1630,2264
2409,2135
3015,1910
3034,1773
2440,1840
1657,2056
1114,2225
1125,2284
1659,2253
2436,2119
3035,1902
3053,1768
2418,1845
1636,2065
1108,2230
1124,2292
1678,2249
2452,2118
3035,1896
3011,1767
2393,1859
1599,2083
1085,2242
1125,2289
1697,2255
2479,2112
3041,1887
2994,1767
2361,1856
1577,2080
1083,2241
1137,2288
1723,2249
2501,2115
3065,1887
2982,1777
2338,1879
1557,2101
1077,2263
1152,2304
1742,2265
2511,2119
3057,1901
2967,1795
2316,1898
1550,2114
1084,2269
1162,2305
1763,2261
2536,2123
3065,1904
2953,1801
2290,1901
1518,2133
1068,2275
1173,2308
1789,2264
2597,2108
3066,1889
2930,1799
2264,1917
1497,2134
1063,2273
1186,2318
1807,2256
2586,2110
3085,1894
2933,1799
2248,1912
1478,2135
1050,2276
1188,2314
1826,2262
2606,2101
3093,1876
2915,1783
2223,1903
1461,2131
1060,2265
1216,2294
1857,2242
2629,2074
3096,1847
2902,1764
2215,1891
1457,2120
1057,2255
1228,2291
1883,2223
2650,2060
3106,1843
2884,1770
2173,1901
1422,2127
1051,2256
1247,2276
1919,2208
2686,2049
3109,1845
2871,1774
2153,1909
1403,2137
1045,2264
1252,2290
1926,2219
2691,2038
3117,1830
2857,1764
2127,1918
1381,2145
1026,2264
1261,2299
1948,2216
2704,2049
3115,1839
2833,1785
2102,1934
1365,2165
1038,2285
1284,2308
1970,2235
2718,2063
3102,1850
2806,1804
2077,1956
1348,2182
1032,2289
1296,2304
1991,2228
2742,2054
3124,1853
2794,1811
2047,1969
1320,2188
1026,2288
1314,2302
2022,2222
2759,2043
3127,1840
2780,1807
2031,1975
1310,2190
1028,2296
1322,2311
2038,2227
2795,2037
3139,1837
2763,1808
2003,1978
1298,2186
1033,2296
1358,2302
2071,2216
2805,2023
3133,1825
2741,1802
1980,1968
1287,2181
1032,2283
1358,2285
2097,2197
2824,2004
3127,1807
2723,1790
1960,1964
1274,2178
1047,2274
1394,2277
2124,2185
2841,1987
3120,1798
2701,1794
1934,1974
1253,2180
1048,2272
1404,2280
2146,2181
2858,1983
3120,1800
2683,1797
1909,1977
1228,2189
1047,2283
1430,2279
2177,2179
2884,1972
3109,1785
2656,1787
1879,1982
1220,2191
1053,2279
1441,2279
2186,2179
2885,1979
3108,1803
2639,1816
1869,2006
1212,2217
1055,2302
1458,2293
2213,2203
2901,1983
3098,1811
2612,1831
1834,2027
1193,2224
1057,2305
1492,2290
2233,2193
2910,1987
3075,1820
2592,1836
1814,2034
1180,2235
1062,2305
1493,2297
2255,2190
2927,1973
3085,1814
2576,1844
1791,2044
1162,2241
1058,2309
1513,2291
2281,2183
2945,1972
3078,1814
2550,1866
1769,2054
1161,2240
1082,2312
1544,2288
2305,2176
2960,1955
3077,1790
2543,1831
1758,2043
1149,2230
1084,2297
1564,2267
2336,2153
2976,1933
3068,1776
2507,1827
1729,2037
1145,2216
1100,2285
1597,2257
2362,2142
2985,1925
3059,1774
2495,1829
1710,2038
1136,2217
1102,2285
1606,2251
2381,2132
3002,1919
3046,1771
2469,1841
1681,2058
1109,2219
1106,2291
1629,2259
2401,2128
3010,1906
3032,1767
2431,1838
1650,2053
1102,2230
1106,2291
1643,2260
2426,2136
3022,1911
3019,1781
2412,1855
1624,2075
1102,2249
1124,2308
1672,2271
2435,2140
3026,1918
3005,1794
2395,1877
1619,2098
1104,2250
1127,2309
1686,2266
2466,2136
3037,1919
2993,1791
2364,1883
1580,2106
1084,2267
1141,2314
1715,2271
2497,2130
3045,1899
2977,1791
2339,1890
1563,2117
1079,2269
1148,2313
1741,2266
2518,2129
3061,1909
2977,1800
2323,1890
1542,2118
1061,2267
1145,2314
1761,2268
2543,2117
3068,1891
2961,1790
2294,1885
1522,2110
1076,2258
1178,2296
1790,2246
2560,2092
3067,1870
2947,1768
2281,1876
1509,2107
1072,2253
1191,2290
1813,2235
2585,2080
3087,1857
2933,1769
2250,1882
1480,2106
1061,2247
1208,2281
1850,2224
2619,2080
3092,1853
2918,1770
2224,1889
1461,2119
1056,2257
1211,2289
1856,2226
2626,2065
3101,1842
2909,1761
2208,1898
1444,2126
1050,2265
1219,2291
1877,2227
2644,2065
3096,1853
2885,1784
2176,1914
1422,2144
1049,2274
1222,2305
1903,2246
2705,2083
3088,1871
2863,1801
2152,1938
1403,2162
1043,2285
1248,2308
1923,2238
2683,2069
3111,1864
2849,1806
2122,1950
1369,2171
1027,2289
1262,2308
1946,2235
2703,2067
3114,1857
2835,1800
2105,1950
1366,2174
1030,2292
1276,2312
1961,2234
2722,2060
3132,1845
2816,1805
2076,1961
1345,2182
1037,2302
1305,2317
1999,2224
2747,2045
3124,1840
2802,1800
2061,1951
1337,2165
1029,2279
1314,2289
2026,2211
2769,2024
3134,1823
2781,1783
2027,1944
1315,2165
1038,2271
1341,2277
2056,2193
2786,2009
3122,1812
2749,1786
2005,1954
1304,2167
1037,2271
1348,2277
2071,2195
2806,2012
3140,1808
2745,1786
1983,1956
1277,2172
1030,2294
1364,2283
2101,2197
2821,1996
3125,1804
2722,1783
1957,1960
1269,2175
1053,2286
1381,2277
2114,2189
2831,1997
3121,1814
2705,1804
1949,1982
1257,2190
1043,2291
1401,2291
2141,2200
2851,2002
3116,1820
2678,1817
1907,2007
1229,2208
1043,2307
1421,2296
2165,2206
2867,2009
3106,1819
2661,1822
1886,2013
1220,2222
1044,2308
1430,2297
2180,2194
2882,2002
3109,1822
2645,1829
1868,2027
1199,2226
1033,2308
1451,2295
2208,2192
2896,1994
3098,1819
2617,1836
1842,2029
1202,2226
1065,2309
1479,2303
2235,2200
2908,1982
3083,1803
2603,1822
1821,2020
1184,2220
1066,2299
1498,2277
2260,2166
2931,1955
3089,1789
2578,1820
1796,2017
1172,2205
1079,2278
1538,2266
2296,2153
2948,1945
3089,1781
2564,1815
1779,2016
1171,2206
1080,2277
1538,2260
2301,2151
2961,1936
3080,1778
2544,1820
1758,2029
1153,2217
1086,2286
1561,2264
2331,2146
2966,1931
3061,1776
2510,1823
1720,2033
1137,2217
1078,2288
1571,2266
2351,2148
2985,1931
3053,1782
2483,1837
1698,2053
1127,2232
1097,2301
1605,2275
2376,2153
2993,1937
3037,1797
2459,1859
1690,2068
1120,2244
1102,2309
1617,2279
2394,2161
3001,1942
3031,1807
2436,1864
1649,2089
1106,2252
1108,2312
1649,2275
2436,2145
3025,1922
3019,1790
2411,1876
1626,2090
1104,2259
1121,2313
1665,2271
2444,2139
3030,1924
3015,1802
2399,1880
1614,2098
1086,2258
1125,2313
1691,2280
2471,2140
3043,1889
2999,1798
2372,1874
1591,2097
1094,2255
1145,2301
1719,2259
2488,2121
3035,1899
2974,1775
2348,1858
1571,2084
1088,2246
1152,2292
1740,2243
2516,2098
3059,1882
2981,1770
2328,1867
1549,2088
1075,2239
1160,2281
1771,2237
2539,2094
3065,1877
2963,1769
2302,1873
1526,2096
1073,2249
1171,2294
1791,2240
2556,2085
3077,1862
2957,1767
2295,1870
1515,2098
1062,2246
1180,2291
1802,2242
2576,2084
3080,1862
2931,1775
2251,1895
1484,2126
1060,2265
1200,2299
1833,2254
2579,2103
3082,1880
2919,1788
2226,1912
1465,2139
1052,2281
1206,2312
1849,2249
2621,2094
3092,1882
2901,1800
2199,1928
1429,2156
1028,2285
1213,2315
1872,2250
2638,2087
3098,1864
2886,1799
2181,1926
1426,2155
1044,2282
1226,2312
1887,2246
2653,2081
3104,1867
2870,1805
2151,1939
1406,2168
1047,2289
1253,2314
1923,2243
2680,2078
3109,1862
2852,1800
2140,1928
1408,2151
1055,2269
1266,2296
1947,2230
2705,2054
3117,1836
2838,1775
2111,1921
1373,2150
1044,2264
1290,2289
1978,2208
2731,2029
3111,1824
2819,1777
2091,1934
1358,2148
1038,2264
1299,2275
1993,2206
2750,2028
3129,1823
2806,1778
2068,1934
1334,2155
1022,2267
1296,2293
2014,2213
2759,2026
3129,1822
2784,1779
2037,1936
1317,2159
1033,2270
1328,2285
2036,2205
2771,2020
3126,1818
2762,1791
2018,1957
1302,2176
1032,2285
1344,2299
2062,2212
2796,2025
3130,1834
2743,1808
1988,1979
1277,2198
1028,2294
1366,2295
2104,2215
2818,2024
3124,1836
2728,1816
1962,1994
1268,2206
1032,2300
1365,2303
2096,2208
2825,2024
3128,1826
2717,1823
1953,1997
1246,2212
1031,2300
1390,2299
2126,2211
2842,2019
3117,1829
2690,1827
1922,2006
1246,2211
1049,2303
1414,2301
2155,2208
2850,2011
3098,1824
2666,1818
1898,2003
1233,2209
1051,2296
1433,2289
2184,2183
2880,1979
3110,1797
2651,1804
1872,1991
1211,2189
1053,2278
1467,2272
2206,2176
2899,1967
3109,1791
2638,1801
1860,1992
1210,2199
1062,2278
1467,2262
2224,2164
2909,1953
3108,1781
2628,1803
1844,2011
1191,2203
1067,2285
1491,2268
2250,2164
2923,1954
3088,1781
2584,1808
1802,2006
1177,2194
1062,2277
1505,2270
2275,2159
2940,1954
3079,1787
2558,1823
1775,2029
1159,2220
1074,2300
1530,2277
2300,2167
2950,1955
3062,1807
2528,1845
1751,2057
1152,2239
1080,2306
1548,2289
2317,2180
2964,1961
3061,1803
2515,1847
1727,2058
1135,2244
1080,2310
1573,2290
2350,2171
2979,1953
3051,1806
2491,1856
1706,2063
1132,2247
1091,2313
1591,2281
2362,2157
2988,1946
3049,1800
2478,1859
1701,2074
1135,2248
1098,2314
1614,2281
2400,2158
3005,1942
3035,1794
2450,1857
1664,2074
1119,2245
1117,2301
1642,2266
2410,2141
3006,1921
3018,1779
2434,1846
1646,2060
1111,2235
1124,2288
1662,2250
2438,2119
3027,1898
3020,1767
2409,1847
1625,2071
1092,2235
1120,2284
1686,2245
2465,2116
3039,1895
3009,1768
2382,1855
1598,2076
1092,2241
1136,2285
1706,2251
2477,2108
3043,1883
3003,1761
2365,1851
1581,2080
1084,2241
1148,2291
1725,2245
2502,2103
3050,1887
2979,1773
2332,1867
1551,2094
1080,2245
1162,2294
1764,2250
2532,2113
3059,1900
2965,1797
2309,1892
1534,2115
1071,2266
1165,2311
1767,2261
2545,2110
3073,1890
2955,1798
2285,1911
1505,2136
1052,2274
1176,2316
1789,2260
2564,2110
3072,1889
2937,1790
2259,1904
1493,2131
1060,2274
1183,2315
1808,2260
2573,2110
3067,1885
2927,1800
2234,1919
1466,2146
1058,2281
1202,2315
1840,2251
2611,2112
3090,1878
2910,1791
2222,1914
1460,2138
1057,2262
1223,2298
1872,2242
2638,2076
3102,1855
2891,1775
2187,1901
1432,2128
1055,2259
1238,2289
1906,2222
2671,2050
3117,1832
2881,1770
2168,1906
1418,2129
1050,2259
1248,2285
1918,2218
2682,2051
3115,1831
2869,1769
2147,1913
1396,2127
1032,2259
1238,2293
1935,2225
2695,2052
3116,1840
2846,1778
2115,1916
1375,2139
1044,2258
1274,2281
1961,2211
2710,2039
3107,1846
2812,1787
2089,1935
1352,2157
1037,2278
1291,2300
1985,2225
2732,2045
3121,1840
2803,1797
2060,1956
1332,2176
1028,2288
1316,2298
2021,2223
2756,2049
3125,1846
2783,1809
2039,1967
1320,2189
1025,2296
1322,2307
2023,2225
2767,2036
3128,1839
2776,1806
2025,1977
1307,2195
1028,2296
1333,2308
2049,2222
2786,2036
3127,1841
2751,1813
1996,1977
1290,2199
1037,2299
1362,2302
2082,2224
2798,2029
3118,1848
2731,1817
1969,1983
1275,2196
1041,2292
1378,2293
2105,2200
2839,2004
3130,1808
2713,1798
1947,1975
1251,2185
1035,2278
1397,2281
2133,2185
2850,1986
3124,1796
2696,1791
1929,1971
1252,2178
1047,2274
1411,2274
2149,2171
2859,1971
3128,1786
2687,1791
1907,1986
1231,2191
1053,2278
1433,2277
2179,2182
2876,1980
3106,1791
2646,1796
1879,1983
1226,2188
1057,2274
1453,2274
2206,2173
2898,1955
3109,1790
2620,1808
1842,2003
1198,2206
1057,2292
1475,2282
2226,2182
2904,1972
3078,1809
2594,1836
1822,2036
1187,2222
1062,2302
1488,2291
2248,2189
2925,1983
3090,1815
2581,1837
1795,2039
1169,2228
1057,2311
1498,2298
2272,2187
2935,1974
3076,1809
2562,1844
1775,2045
1166,2228
1073,2312
1538,2292
2289,2172
2947,1963
3073,1806
2553,1851
1765,2053
1153,2240
1079,2312
1553,2292
2284,2176
2967,1963
3066,1808
2522,1846
1729,2049
1146,2234
1092,2299
1585,2273
2357,2157
2972,1941
3057,1787
2507,1838
1712,2048
1134,2222
1096,2291
1603,2266
2373,2137
2993,1910
3053,1768
2484,1836
1692,2056
1118,2225
1096,2287
1622,2261
2396,2133
3006,1905
3042,1775
2454,1833
1668,2051
1120,2226
1115,2291
1642,2260
2411,2132
3010,1903
3016,1769
2428,1840
1642,2062
1103,2233
1114,2290
1656,2252
2435,2121
3023,1891
3014,1762
2397,1847
1614,2072
1097,2237
1133,2293
1697,2258
2457,2133
3030,1908
3003,1790
2380,1878
1596,2099
1090,2263
1131,2309
1702,2271
2476,2129
3049,1907
2997,1790
2363,1884
1573,2114
1082,2272
1144,2317
1723,2268
2499,2131
3047,1904
2978,1797
2333,1882
1556,2109
1076,2270
1155,2311
1741,2274
2511,2119
3051,1903
2969,1801
2314,1902
1532,2127
1074,2274
1170,2317
1775,2257
2547,2114
3063,1892
2947,1795
2287,1901
1515,2123
1071,2269
1180,2310
1797,2252
2576,2100
3083,1872
2938,1776
2257,1883
1490,2108
1062,2256
1199,2295
1839,2238
2613,2074
3092,1848
2927,1763
2241,1883
1474,2116
1061,2256
1209,2292
1849,2230
2620,2065
3100,1843
2917,1764
2223,1881
1464,2112
1052,2250
1218,2294
1869,2234
2637,2073
3105,1843
2895,1771
2185,1899
1434,2118
1051,2252
1234,2283
1893,2215
2650,2059
3082,1843
2864,1783
2163,1913
1413,2136
1044,2267
1244,2300
1917,2234
2678,2065
3109,1853
2857,1793
2134,1935
1379,2161
1036,2279
1257,2304
1943,2243
2698,2074
3113,1859
2836,1807
2110,1946
1372,2170
1036,2291
1269,2306
1953,2240
2707,2062
3119,1849
2835,1801
2103,1949
1355,2176
1032,2289
1282,2307
1980,2234
2730,2060
3119,1855
2805,1809
2065,1961
1341,2181
1041,2288
1314,2309
2019,2232
2758,2054
3130,1847
2783,1808
2039,1965
1320,2182
1034,2289
1323,2294
2039,2213
2782,2029
3136,1826
2773,1795
2014,1964
1291,2180
1025,2275
1343,2284
2066,2202
2801,2008
3136,1811
2757,1784
2000,1952
1294,2167
1040,2271
1360,2283
2080,2194
2804,1999
3122,1806
2736,1789
1976,1963
1276,2179
1042,2276
1383,2275
2112,2190
2829,1994
3123,1803
2701,1795
1938,1967
1265,2171
1047,2265
1401,2272
2138,2180
2851,1987
3120,1798
2682,1798
1911,1987
1235,2195
1044,2287
1425,2285
2163,2187
2865,1991
3109,1804
2660,1817
1888,2006
1225,2218
1047,2304
1434,2296
2180,2200
2882,1992
3112,1822
2645,1832
1866,2015
1201,2222
1035,2312
1441,2306
2203,2206
2894,1992
3097,1815
2620,1832
1840,2024
1196,2224
1058,2305
1469,2299
2225,2190
2902,1984
3086,1819
2595,1837
1825,2033
1184,2223
1062,2315
1492,2298
2256,2189
2929,1975
3088,1808
2578,1835
1794,2046
1171,2231
1071,2309
1527,2286
2295,2170
2950,1962
3081,1790
2560,1825
1776,2022
1167,2215
1080,2289
1538,2271
2307,2157
2962,1940
3081,1779
2544,1821
1759,2034
1158,2213
1086,2282
1563,2260
2330,2147
2972,1934
3065,1775
2513,1821
1731,2035
1148,2218
1097,2289
1584,2264
2345,2151
2965,1930
3046,1776
2493,1830
1703,2041
1128,2218
1093,2284
1604,2257
2372,2133
2995,1913
3042,1774
2465,1837
1674,2052
1110,2229
1098,2292
1619,2265
2391,2144
3002,1925
3034,1793
2444,1857
1660,2078
1112,2250
1107,2308
1637,2275
2411,2150
3016,1928
3033,1795
2430,1871
1640,2092
1103,2251
1113,2313
1660,2273
2435,2145
3023,1930
3011,1800
2396,1877
1612,2096
1097,2253
1127,2307
1687,2274
2451,2141
3032,1917
3002,1797
2377,1883
1594,2107
1089,2262
1140,2316
1711,2269
2484,2134
3037,1915
2981,1799
2343,1896
1573,2110
1086,2264
1149,2307
1736,2263
2511,2118
3057,1897
2979,1783
2325,1876
1552,2097
1076,2248
1165,2295
1763,2242
2543,2097
3068,1860
2966,1764
2308,1873
1529,2099
1073,2252
1171,2293
1781,2232
2556,2085
3078,1866
2958,1761
2295,1872
1525,2096
1074,2242
1182,2287
1801,2239
2578,2082
3084,1866
2936,1769
2256,1884
1488,2114
1063,2249
1203,2289
1835,2216
2599,2067
3076,1859
2911,1772
2228,1890
1466,2119
1057,2258
1207,2297
1846,2237
2617,2082
3094,1865
2905,1782
2199,1917
1435,2148
1037,2275
1212,2308
1870,2246
2640,2086
3098,1875
2888,1800
2180,1924
1424,2156
1044,2287
1229,2313
1889,2250
2652,2083
3100,1866
2874,1796
2167,1931
1406,2158
1041,2287
1239,2312
1912,2241
2677,2073
3103,1858
2854,1805
2133,1944
1387,2164
1032,2286
1277,2304
1940,2239
2701,2069
3114,1857
2834,1803
2111,1948
1373,2171
1021,2288
1281,2307
1964,2226
2724,2052
3123,1837
2829,1791
2082,1939
1345,2160
1036,2273
1298,2289
1995,2209
2746,2028
3130,1821
2809,1772
2069,1931
1345,2153
1043,2266
1313,2286
2006,2209
2745,2020
3122,1817
2795,1773
2045,1939
1323,2161
1038,2269