0,3100
2161,2954
1163,3074
584,2607
1191,1712
2302,1068
3064,1180
3278,1682
2986,2404
2244,2965
1250,3094
636,2647
1179,1748
2271,1083
3043,1170
3268,1671
2995,2383
2262,2948
1258,3095
621,2654
1135,1771
2232,1079
3022,1156
3269,1635
3004,2346
2288,2919
1295,3078
622,2666
1101,1774
2197,1068
3004,1119
3271,1600
3019,2316
2316,2899
1318,3075
604,2676
1054,1795
2152,1067
2979,1108
3254,1581
3034,2285
2348,2879
1357,3075
638,2690
1033,1811
2115,1064
2957,1067
3253,1526
3034,2241
2356,2850
1358,3066
591,2707
944,1838
2043,1074
2914,1052
3233,1515
3042,2221
2376,2846
1391,3081
625,2741
951,1891
2036,1125
2917,1087
3253,1524
3071,2224
2416,2843
1439,3093
626,2776
897,1934
1989,1142
2878,1077
3234,1494
3075,2188
2438,2813
1463,3089
644,2797
884,1970
1958,1156
2875,1061
3249,1471
3108,2156
2490,2793
1531,3088
686,2813
865,1995
1918,1163
2847,1045
3238,1441
3114,2138
2500,2786
1550,3100
702,2848
853,2039
1894,1211
2835,1052
3246,1439
3131,2118
2545,2769
1612,3093
735,2858
837,2068
1853,1202
2799,1020
3228,1392
3130,2069
2546,2720
1602,3065
705,2853
773,2072
1801,1204
2778,1011
3224,1384
3153,2057
2591,2709
1669,3076
763,2880
786,2106
1779,1229
2755,999
3219,1347
3158,2015
2608,2700
1684,3062
757,2881
729,2125
1710,1240
2712,971
3193,1326
3151,1990
2619,2674
1710,3059
774,2906
712,2171
1684,1273
2692,984
3192,1314
3161,1969
2648,2654
1727,3061
767,2927
656,2208
1625,1318
2655,1010
3184,1329
3179,1973
2673,2660
1782,3074
823,2957
681,2262
1613,1364
2643,1023
3185,1319
3196,1947
2710,2632
1830,3052
859,2965
659,2271
1559,1359
2608,990
3163,1277
3197,1905
2727,2604
1857,3052
882,2982
654,2317
1537,1409
2591,1012
3168,1285
3218,1894
2769,2585
1919,3044
947,2993
674,2353
1513,1436
2563,1003
3150,1263
3210,1868
2775,2565
1921,3033
934,2998
618,2362
1452,1436
2523,981
3144,1231
3227,1825
2811,2532
1981,3007
1000,2990
645,2380
1427,1455
2496,980
3128,1210
3229,1804
2816,2510
1990,3002
988,3010
598,2414
1373,1489
2455,984
3113,1202
3227,1782
2839,2486
2029,2996
1029,3014
604,2433
1333,1502
2414,968
3096,1167
3216,1734
2834,2457
2034,2973
1019,3015
552,2453
1281,1531
2374,972
3068,1156
3218,1718
2855,2442
2070,2974
1067,3036
577,2509
1265,1596
2364,1014
3076,1177
3238,1721
2898,2434
2120,2973
1109,3052
566,2546
1207,1635
2314,1021
3049,1165
3233,1695
2911,2403
2144,2952
1141,3052
579,2564
1188,1657
2297,1026
3045,1152
3247,1674
2942,2380
2190,2942
1188,3063
585,2593
1148,1685
2256,1033
3027,1138
3242,1651
2956,2368
2217,2932
1223,3069
598,2625
1128,1731
2220,1056
3015,1138
3253,1627
2983,2336
2263,2907
1270,3062
620,2629
1107,1733
2192,1029
2992,1089
3241,1574
2985,2295
2271,2878
1272,3055
580,2643
1051,1766
2156,1057
2976,1094
3246,1572
3013,2280
2313,2876
1325,3063
613,2673
1026,1792
2116,1057
2948,1074
3237,1541
3014,2248
2324,2854
1332,3057
586,2689
958,1811
2059,1046
2922,1045
3229,1514
3025,2225
2357,2837
1374,3061
611,2715
951,1843
2032,1066
2904,1041
3228,1491
3042,2208
2379,2828
1397,3075
597,2748
901,1903
1989,1121
2881,1074
3227,1508
3063,2209
2419,2831
1441,3091
630,2784
892,1943
1960,1138
2871,1060
3233,1479
3085,2170
2446,2805
1473,3085
631,2793
849,1967
1918,1154
2842,1050
3225,1459
3090,2148
2475,2784
1521,3084
668,2815
846,2009
1901,1181
2842,1054
3234,1447
3115,2128
2517,2772
1564,3085
698,2847
828,2050
1864,1207
2810,1038
3227,1414
3132,2090
2541,2744
1603,3070
718,2849
816,2059
1821,1201
2781,1002
3213,1374
3131,2047
2555,2716
1626,3062
731,2861
777,2087
1789,1222
2762,1004
3213,1364
3140,2034
2580,2705
1657,3060
738,2877
740,2116
1740,1232
2729,985
3196,1340
3147,2001
2605,2674
1686,3054
749,2888
710,2138
1694,1241
2698,973
3187,1315
3154,1971
2624,2657
1718,3047
762,2898
685,2168
1649,1259
2669,966
3180,1303
3162,1956
2649,2651
1747,3058
785,2932
669,2225
1616,1329
2645,1019
3176,1327
3181,1958
2681,2647
1793,3060
828,2954
666,2259
1582,1360
2619,1010
3165,1303
3179,1923
2696,2612
1812,3048
828,2955
629,2278
1539,1370
2592,999
3161,1279
3191,1897
2748,2601
1872,3042
892,2972
650,2314
1517,1409
2573,1003
3158,1270
3211,1876
2767,2572
1913,3031
934,2989
651,2353
1483,1437
2540,999
3143,1251
3210,1844
2783,2548
1943,3019
951,2989
625,2362
1436,1440
2507,977
3129,1216
3217,1808
2805,2520
1974,3003
978,2990
615,2390
1399,1463
2470,977
3112,1205
3212,1801
2817,2502
1996,2998
995,3005
598,2421
1360,1496
2439,973
3101,1183
3218,1733
2841,2463
2029,2977
1027,3007
578,2440
1302,1507
2400,964
3084,1149
3216,1710
2849,2440
2042,2962
1028,3009
556,2463
1263,1542
2368,971
3069,1158
3220,1719
2873,2438
2088,2970
1080,3037
571,2517
1241,1612
2343,1012
3058,1169
3228,1705
2894,2423
2119,2964
1104,3049
557,2550
1193,1640
2299,1017
3036,1152
3225,1679
2908,2387
2151,2943
1144,3048
577,2569
1182,1662
2282,1021
3034,1136
3241,1655
2943,2369
2189,2930
1185,3055
571,2594
1136,1698
2244,1037
3019,1138
3244,1642
2966,2358
2232,2919
1231,3065
593,2635
1112,1740
2211,1052
3004,1125
3247,1611
2983,2324
2263,2895
1263,3055
596,2633
1075,1735
2171,1025
2977,1079
3235,1570
2983,2286
2277,2877
1283,3055
594,2661
1042,1775
2144,1053
2965,1083
3241,1557
3024,2267
2319,2864
1331,3061
612,2683
1015,1805
2103,1050
2943,1055
3234,1516
3018,2232
2334,2843
1342,3058
581,2700
948,1821
2045,1050
2909,1034
3227,1495
3028,2206
2366,2824
1382,3063
600,2724
921,1864
2009,1081
2890,1031
3225,1487
3049,2199
2399,2824
1421,3077
617,2760
894,1919
1979,1134
2874,1071
3221,1496
3062,2190
2430,2813
1455,3081
626,2783
866,1959
1939,1157
2851,1062
3227,1469
3083,2153
2461,2788
1501,3076
654,2795
849,1971
1908,1151
2833,1038
3220,1447
3094,2140
2487,2779
1530,3081
674,2829
828,2025
1882,1189
2819,1050
3233,1431
3119,2107
2529,2762
1589,3083
721,2851
830,2059
1850,1205
2797,1021
3217,1399
3119,2076
2535,2730
1596,3066
697,2849
773,2069
1800,1198
2769,998
3212,1365
3136,2041
2573,2708
1646,3063
739,2869
768,2105
1768,1228
2746,995
3208,1353
3146,2015
2598,2688
1679,3057
747,2882
731,2125
1715,1239
2707,982
3189,1321
3146,1985
2614,2665
1705,3050
767,2896
711,2157
1680,1259
2688,965
3185,1301
3159,1954
2642,2642
1730,3039
772,2906
676,2178
1626,1280
2649,975
3168,1300
3160,1946
2656,2644
1766,3053
800,2939
668,2243
1604,1346
2634,1009
3174,1318
3181,1944
2691,2631
1809,3060
839,2960
647,2271
1561,1364
2599,987
3160,1277
3180,1896
2707,2601
1833,3039
853,2963
628,2287
1517,1379
2568,986
3152,1274
3197,1892
2744,2585
1884,3037
905,2979
643,2334
1499,1417
2554,999
3150,1263
3214,1864
2772,2565
1922,3031
926,2991
619,2361
1449,1443
2520,986
3141,1238
3213,1833
2795,2530
1956,3007
964,2988
616,2376
1419,1449
2490,967
3123,1203
3215,1791
2807,2504
1983,2995
984,2995
605,2402
1381,1482
2458,975
3111,1192
3220,1772
2831,2483
2013,2985
1014,3001
598,2434
1345,1510
2425,977
3094,1172
3222,1737
2849,2457
2042,2970
1034,3003
572,2449
1295,1524
2384,959
3073,1148
3217,1706
2856,2433
2058,2959
1044,3012
553,2474
1245,1554
2347,974
3057,1158
3223,1712
2885,2435
2106,2968
1102,3042
584,2528
1236,1627
2329,1014
3054,1161
3230,1694
2902,2414
2134,2958
1123,3047
567,2556
1191,1647
2293,1017
3035,1144
3229,1668
2916,2385
2161,2934
1148,3042
572,2572
1168,1675
2273,1036
3029,1154
3240,1658
2938,2368
2190,2923
1186,3053
568,2600
1131,1704
2234,1049
3015,1140
3243,1633
2968,2348
2237,2915
1237,3059
595,2627
1110,1739
2207,1049
2996,1108
3242,1595
2983,2311
2266,2890
1271,3047
605,2625
1078,1729
2171,1018
2973,1080
3233,1570
2988,2287
2283,2877
1290,3053
602,2651
1041,1767
2139,1046
2963,1090
3238,1562
3010,2271
2318,2866
1329,3057
600,2674
1001,1793
2091,1051
2934,1052
3228,1521
3014,2235
2323,2844
1339,3050
582,2687
955,1810
2038,1049
2910,1038
3225,1506
3026,2215
2361,2830
1380,3060
605,2717
931,1856
2021,1079
2897,1051
3229,1500
3045,2209
2396,2829
1420,3076
625,2752
905,1914
1976,1131
2867,1069
3224,1497
3063,2191
2420,2815
1453,3082
643,2784
884,1952
1950,1141
2856,1046
3222,1461
3078,2143
2448,2791
1486,3076
642,2793
850,1967
1907,1146
2835,1044
3223,1445
3090,2135
2483,2778
1525,3080
664,2815
834,2013
1886,1182
2822,1042
3225,1437
3119,2118
2524,2766
1577,3080
711,2841
828,2044
1850,1187
2796,1021
3215,1395
3111,2068
2530,2726
1589,3059
699,2842
777,2055
1803,1191
2771,995
3209,1368
3126,2045
2559,2717
1620,3059
722,2860
767,2093
1771,1220
2746,997
3201,1354
3136,2019
2582,2688
1657,3053
733,2875
728,2120
1717,1233
2710,973
3190,1329
3143,1991
2617,2669
1693,3048
758,2894
709,2141
1678,1244
2688,966
3182,1299
3149,1955
2625,2642
1721,3045
765,2907
671,2181
1633,1284
2651,988
3172,1316
3156,1966
2651,2654
1761,3063
805,2943
679,2234
1620,1343
2640,1012
3168,1315
3177,1946
2681,2630
1790,3049
820,2947
641,2256
1556,1349
2598,991
3158,1284
3176,1914
2703,2604
1831,3041
850,2958
638,2287
1535,1377
2592,998
3165,1284
3202,1891
2746,2586
1885,3035
903,2974
644,2327
1503,1412
2555,998
3149,1264
3203,1874
2763,2559
1908,3026
923,2991
628,2353
1460,1433
2527,986
3139,1228
3212,1830
2790,2530
1947,3006
952,2964
621,2357
1424,1433
2491,965
3118,1212
3206,1800
2800,2512
1967,3000
967,2987
597,2395
1402,1476
2462,976
3113,1201
3219,1778
2830,2485
2013,2988
1014,3002
604,2418
1345,1486
2429,950
3095,1167
3212,1742
2836,2461
2029,2971
1011,3003
561,2439
1294,1508
2394,956
3076,1146
3220,1721
2871,2446
2058,2966
1050,3014
572,2476
1279,1558
2368,990
3068,1173
3225,1726
2875,2443
2093,2972
1082,3042
564,2525
1225,1614
2332,1014
3056,1166
3227,1700
2900,2416
2126,2957
1121,3045
574,2551
1198,1644
2304,1015
3041,1133
3235,1666
2922,2379
2163,2937
1160,3046
578,2573
1172,1674
2273,1032
3029,1131
3238,1648
2950,2369
2203,2929
1192,3061
588,2611
1137,1711
2238,1047
3018,1134
3246,1635
2971,2344
2239,2916
1242,3070
589,2628
1094,1728
2197,1030
2991,1090
3235,1590
2971,2306
2261,2887
1266,3046
586,2629
1068,1736
2167,1024
2979,1074
3239,1572
3000,2281
2295,2878
1301,3065
602,2659
1043,1771
2132,1045
2962,1075
3243,1543
3012,2259
2318,2863
1327,3061
588,2680
988,1798
2082,1047
2930,1051
3233,1521
3021,2233
2341,2842
1356,3057
589,2696
944,1825
2042,1056
2908,1034
3225,1499
3033,2213
2364,2825
1375,3061
585,2724
902,1874
1991,1100
2889,1064
3229,1505
3051,2207
2412,2829
1439,3092
635,2770
906,1933
1981,1133
2875,1057
3224,1485
3067,2184
2446,2807
1462,3086
637,2787
874,1956
1940,1142
2856,1041
3222,1455
3081,2148
2467,2787
1500,3077
659,2803
851,1991
1900,1168
2831,1041
3226,1440
3101,2137
2499,2773
1547,3080
679,2834
827,2036
1875,1197
2815,1045
3229,1425
3121,2108
2530,2754
1588,3078
709,2847
805,2056
1836,1197
2787,1009
3218,1384
3129,2053
2551,2717
1620,3056
713,2849
779,2071
1791,1202
2760,1000
3206,1367
3140,2043
2575,2709
1653,3067
739,2871
765,2108
1759,1228
2738,991
3198,1346
3140,2011
2596,2685
1676,3057
744,2883
717,2127
1704,1239
2701,975
3190,1315
3149,1975
2614,2655
1709,3046
761,2895
692,2160
1663,1260
2672,965
3180,1286
3159,1949
2645,2646
1738,3046
771,2917
671,2197
1628,1306
2651,985
3175,1324
3174,1961
2676,2651
1787,3068
822,2949
666,2247
1588,1351
2624,1004
3165,1309
3179,1935
2691,2622
1818,3055
841,2954
646,2273
1549,1365
2595,994
3158,1278
3186,1895
2719,2594
1851,3042
872,2965
634,2307
1518,1397
2576,992
3157,1266
3200,1877
2756,2575
1895,3036
915,2985
643,2340
1484,1431
2553,999
3151,1253
3217,1849
2780,2561
1932,3025
948,2986
630,2354
1447,1439
2518,975
3124,1219
3213,1815
2796,2519
1965,3010
966,2984
610,2375
1402,1453
2485,979
3123,1205
3213,1784
2812,2504
1992,2998
991,2995
594,2411
1367,1484
2445,968
3101,1188
3218,1760
2837,2479
2022,2986
1016,2987
579,2430
1316,1506
2405,962
3082,1165
3216,1729
2850,2450
2047,2965
1032,3002
568,2449
1283,1521
2380,959
3075,1153
3221,1710
2865,2429
2074,2967
1057,3023
561,2494
1240,1581
2351,1007
3063,1174
3232,1719
2891,2431
2116,2968
1117,3050
576,2545
1224,1635
2318,1022
3047,1163
3228,1691
2906,2404
2138,2950
1129,3045
563,2564
1177,1661
2284,1016
3034,1135
3232,1657
2934,2369
2185,2935
1184,3051
587,2599
1155,1689
2252,1030
3022,1124
3244,1631
2960,2347
2226,2922
1230,3067
601,2625
1128,1725
2221,1049
3007,1125
3246,1618
2985,2331
2261,2905
1266,3063
607,2639
1090,1742
2184,1032
2986,1078
3237,1576
2988,2295
2278,2874
1281,3051
583,2640
1035,1752
2135,1038
2969,1079
3239,1563
2999,2277
2309,2871
1323,3063
603,2674
1018,1793
2112,1047
2948,1066
3239,1524
3021,2242
2337,2845
1349,3057
600,2682
973,1810
2059,1055
2916,1045
3226,1497
3032,2214
2352,2834
1362,3055
588,2709
924,1845
2013,1067
2895,1050
3228,1491
3047,2192
2388,2821
1407,3066
604,2747
892,1903
1979,1118
2875,1064
3234,1496
3060,2196
2423,2826
1449,3086
632,2784
880,1948
1951,1140
2861,1056
3228,1473
3080,2167
2455,2798
1491,3078
654,2797
854,1969
1913,1147
2841,1032
3223,1444
3095,2130
2483,2780
1527,3081
669,2823
829,2018
1884,1184
2824,1044
3225,1434
3119,2108
2520,2762
1575,3086
700,2842
825,2048
1856,1206
2805,1033
3226,1417
3125,2096
2540,2740
1602,3071
708,2853
789,2065
1805,1198
2772,1001
3212,1366
3131,2041
2568,2707
1638,3058
739,2855
772,2080
1775,1210
2754,1002
3205,1353
3138,2018
2587,2692
1663,3058
743,2884
741,2134
1728,1239
2718,985
3196,1334
3146,1989
2609,2671
1693,3049
759,2890
716,2149
1683,1248
2688,962
3182,1302
3147,1958
2625,2644
1719,3043
765,2900
663,2170
1633,1265
2659,961
3174,1292
3161,1939
2656,2634
1757,3049
796,2935
657,2228
1600,1344
2637,1008
3174,1314
3181,1941
2695,2632
1810,3055
837,2955
660,2268
1567,1363
2605,999
3162,1291
3185,1924
2711,2607
1835,3048
857,2963
641,2295
1531,1379
2580,994
3155,1274
3195,1884
2742,2585
1885,3035
905,2981
645,2333
1502,1421
2553,1000
3144,1258
3191,1864
2768,2569
1914,3028
929,2990
632,2365
1461,1452
2525,1006
3141,1250
3216,1840
2794,2543
1958,3016
971,2990
614,2370
1421,1446
2491,964
3123,1203
3219,1791
2810,2514
1985,2994
984,2987
602,2390
1373,1467
2455,970
3107,1195
3214,1771
2830,2491
2014,2993
1016,3006
600,2430
1342,1500
2423,966
3092,1171
3218,1739
2843,2459
2036,2969
1028,3005
569,2450
1286,1516
2377,952
3069,1145
3216,1713
2857,2434
2057,2958
1043,3013
556,2471
1250,1550
2353,973
3063,1149
3222,1700
2875,2427
2091,2959
1078,3033
554,2526
1213,1616
2324,1013
3053,1167
3232,1701
2907,2415
2135,2958
1127,3051
571,2556
1185,1653
2289,1024
3037,1151
3230,1686
2925,2386
2169,2939
1163,3049
574,2575
1157,1669
2262,1020
3024,1128
3236,1643
2946,2361
2205,2926
1202,3059
579,2609
1126,1712
2229,1043
3011,1130
3246,1629
2974,2345
2247,2913
1255,3066
609,2645
1105,1748
2199,1052
2993,1112
3245,1601
2991,2309
2273,2891
1276,3057
597,2651
1061,1754
2158,1031
2973,1074
3240,1566
2995,2276
2297,2869
1302,3051
599,2661
1028,1780
2126,1053
2953,1076
3237,1552
3013,2258
2325,2857
1338,3060
605,2690
989,1812
2078,1059
2930,1054
3233,1513
3024,2221
2348,2832
1363,3055
602,2705
946,1834
2035,1060
2906,1029
3225,1492
3036,2188
2377,2820
1395,3062
602,2721
907,1862
1990,1078
2876,1036
3218,1480
3046,2187
2397,2816
1427,3076
616,2768
885,1930
1962,1129
2872,1060
3226,1489
3074,2181
2437,2809
1470,3081
638,2790
856,1969
1923,1155
2844,1050
3222,1458
3087,2145
2473,2782
1509,3073
660,2805
839,1983
1891,1162
2825,1035
3227,1441
3107,2129
2503,2772
1552,3079
687,2827
820,2033
1858,1192
2805,1032
3221,1422
3122,2098
2533,2750
1595,3081
716,2859
812,2073
1830,1221
2786,1029
3219,1400
3131,2065
2553,2723
1624,3065
730,2862
785,2081
1793,1207
2761,991
3211,1358
3138,2025
2580,2695
1649,3054
734,2870
748,2113
1746,1233
2732,994
3200,1344
3145,2012
2605,2688
1688,3059
760,2885
729,2141
1703,1247
2698,981
3188,1323
3149,1974
2620,2654
1713,3046
762,2897
691,2166
1650,1256
2667,959
3176,1290
3159,1942
2644,2633
1739,3038
779,2910
663,2192
1609,1292
2639,970
3167,1284
3164,1934
2662,2628
1777,3050
810,2943
655,2250
1582,1349
2620,1012
3167,1312
3182,1939
2701,2626
1819,3048
840,2960
637,2279
1542,1372
2589,995
3156,1279
3189,1899
2726,2595
1857,3032
874,2964
635,2307
1508,1397
2564,989
3148,1263
3202,1874
2755,2576
1898,3023
917,2982
640,2342
1483,1425
2545,997
3147,1252
3211,1856
2782,2562
1937,3024
951,2998
627,2381
1439,1469
2514,1005
3132,1239
3218,1824
2806,2523
1975,3003
980,2990
612,2385
1399,1456
2472,961
3115,1194
3216,1776
2818,2490
1996,2991
988,3000
594,2414
1358,1492
2440,977
3104,1190
3221,1763
2843,2476
2039,2983
1040,3009
601,2445
1326,1519
2409,970
3086,1165
3219,1726
2852,2445
2052,2965
1041,3010
561,2455
1262,1530
2361,962
3059,1140
3215,1700
2864,2419
2074,2956
1060,3015
549,2490
1229,1561
2336,977
3055,1138
3222,1695
2889,2421
2114,2949
1104,3041
566,2538
1208,1630
2309,1022
3039,1169
3232,1697
2913,2409
2148,2952
1137,3052
559,2565
1166,1659
2272,1024
3026,1152
3230,1662
2930,2373
2180,2928
1172,3044
566,2582
1138,1684
2244,1037
3018,1137
3236,1645
2955,2351
2220,2914
1219,3051
594,2615
1123,1721
2222,1046
3009,1126
3246,1621
2982,2332
2258,2906
1264,3065
603,2646
1088,1758
2182,1055
2985,1109
3233,1587
2991,2292
2279,2877
1293,3055
604,2649
1051,1757
2136,1034
2963,1072
3232,1551
2999,2266
2303,2862
1318,3054
606,2669
1016,1791
2107,1054
2945,1070
3236,1540
3020,2250
2340,2853
1354,3059
610,2691
981,1824
2064,1056
2920,1041
3229,1498
3026,2216
2356,2833
1374,3058
602,2703
930,1837
2021,1058
2893,1028
3221,1476
3037,2188
2378,2815
1396,3059
603,2731
895,1878
1976,1091
2873,1040
3223,1479
3055,2185
2415,2812
1441,3076
623,2770
876,1941
1952,1144
2856,1062
3220,1482
3076,2170
2447,2800
1482,3078
637,2794
842,1973
1906,1157
2833,1049
3217,1449
3078,2137
2468,2776
1516,3073
656,2813
827,2007
1876,1172
2814,1035
3217,1435
3104,2112
2509,2758
1565,3075
693,2836
811,2042
1847,1202
2793,1038
3217,1416
3122,2090
2541,2746
1608,3080
725,2863
808,2074
1818,1215
2777,1018
3213,1386
3132,2054
2564,2713
1633,3059
725,2861
765,2089
1773,1209
2745,991
3200,1348
3133,2015
2582,2687
1661,3055
743,2875
742,2122
1734,1245
2722,994
3196,1339
3149,2024
2607,2674
1696,3053
766,2890
719,2152
1696,1265
2692,975
3184,1306
3153,1945
2629,2645
1718,3041
767,2901
671,2173
1636,1264
2657,957
3179,1291
3156,1942
2647,2628
1752,3043
788,2913
650,2202
1595,1298
2628,976
3163,1293
3170,1947
2678,2631
1796,3055
830,2957
653,2261
1570,1357
2608,1003
3159,1295
3182,1924
2704,2613
1828,3049
856,2965
639,2295
1534,1382
2579,993
3152,1269
3189,1885
2726,2582
1857,3030
880,2970
617,2313
1494,1400
2554,990
3144,1261
3206,1866
2758,2569
1906,3029
920,2988
624,2356
1458,1443
2526,993
3136,1249
3212,1848
2793,2548
1957,3021
969,2994
628,2397
1427,1464
2494,987
3123,1215
3213,1801
2804,2511
1976,2997
975,2994
601,2385
1380,1467
2459,970
3112,1190
3220,1766
2827,2485
2013,2987
1013,2999
603,2431
1350,1505
2430,981
3096,1191
3214,1746
2844,2465
2035,2976
1029,3007
584,2445
1301,1518
2391,964
3080,1149
3217,1719
2861,2439
2061,2964
1049,3014
560,2462
1249,1542
2349,963
3057,1141
3218,1692
2872,2418
2087,2946
1075,3017
558,2498
1217,1581
2312,985
3047,1150
3222,1696
2894,2415
2124,2960
1112,3045
559,2551
1197,1645
2299,1024
3036,1156
3233,1681
2921,2394
2161,2942
1152,3051
572,2575
1156,1670
2256,1020
3020,1133
3232,1649
2936,2364
2192,2921
1190,3049
583,2594
1135,1696
2239,1035
3014,1130
3238,1633
2965,2344
2232,2915
1230,3063
584,2633
1099,1742
2202,1056
2997,1128
3242,1607
2989,2316
2271,2902
1282,3071
610,2657
1075,1765
2167,1051
2976,1094
3241,1574
2997,2280
2292,2868
1305,3053
605,2653
1032,1771
2128,1035
2955,1068
3239,1541
3005,2258
2320,2862
1334,3055
604,2693
997,1812
2086,1061
2933,1066
3234,1526
3025,2234
2350,2843
1369,3063
615,2695
958,1833
2041,1056
2907,1036
3223,1497
3034,2200
2368,2817
1386,3055
593,2724
904,1855
1995,1065
2888,1018
3223,1469
3053,2179
2403,2805
1420,3063
614,2752
879,1904
1957,1108
2863,1044
3224,1485
3065,2179
2437,2808
1467,3084
648,2794
861,1969
1928,1157
2845,1057
3221,1465
3081,2154
2456,2785
1494,3083
640,2810
828,1993
1888,1164
2822,1035
3217,1435
3099,2120
2494,2765
1541,3073
674,2824
829,2023
1855,1192
2802,1038
3217,1421
3117,2100
2529,2751
1591,3069
710,2857
808,2058
1829,1212
2783,1028
3216,1403
3132,2075
2557,2735
1623,3073
724,2869
781,2101
1787,1229
2758,1012
3210,1362
3139,2021
2582,2696
1657,3057
750,2866
763,2103
1754,1221
2733,979
3197,1345
3141,2005
2599,2683
1683,3057
751,2888
726,2138
1707,1255
2704,993
3193,1329
3155,1980
2630,2664
1720,3049
774,2903
697,2170
1656,1267
2663,966
3176,1294
3149,1944
2639,2641
1738,3038
774,2909
658,2190
1614,1283
2637,959
3162,1273
3160,1924
2671,2619
1773,3046
803,2929
645,2234
1577,1332
2614,991
3164,1298
3178,1926
2700,2616
1820,3041
845,2963
644,2280
1542,1377
2586,1000
3149,1287
3181,1901
2717,2599
1848,3038
866,2972
631,2308
1506,1397
2566,984
3147,1260
3197,1872
2746,2571
1895,3026
909,2972
625,2342
1473,1431
2532,998
3141,1244
3209,1847
2782,2545
1935,3023
947,2997
621,2381
1433,1464
2507,1003
3130,1242
3218,1831
2809,2529
1977,3020
989,3003
625,2399
1402,1476
2474,981
3113,1201
3219,1780
2826,2490
2004,2990
1005,3001
604,2409
1360,1487
2438,952
3097,1184
3223,1758
2845,2469
2038,2981
1047,3008
603,2443
1325,1521
2405,982
3087,1168
3221,1735
2853,2452
2058,2973
1057,3020
577,2468
1270,1535
2366,957
3073,1134
3221,1695
2874,2423
2082,2953
1076,3016
562,2486
1226,1561
2326,966
3047,1135
3222,1688
2890,2409
2107,2941
1092,3022
555,2519
1192,1612
2300,1005
3038,1148
3230,1691
2914,2407
2159,2949
1146,3039
568,2572
1163,1666
2267,1024
3024,1147
3229,1664
2931,2380
2181,2931
1178,3054
570,2592
1136,1693
2237,1030
3009,1126
3232,1631
2948,2345
2216,2918
1214,3049
586,2621
1112,1729
2213,1046
3003,1119
3243,1611
2975,2325
2255,2901
1254,3065
592,2649
1071,1765
2171,1064
2982,1119
3244,1595
2998,2308
2293,2888
1306,3066
614,2668
1050,1783
2134,1048
2958,1071
3235,1546
3009,2266
2309,2862
1324,3055
605,2675
1007,1793
2094,1048
2938,1061
3236,1519
3020,2243
2342,2851
1360,3070
614,2704
973,1822
2062,1072
2920,1059
3231,1512
3034,2216
2364,2830
1380,3061
600,2714
923,1849
2014,1075
2893,1031
3225,1483
3046,2185
2390,2815
1406,3056
600,2734
885,1885
1970,1083
2870,1024
3222,1463
3062,2164
2421,2795
1450,3062
624,2768
863,1939
1934,1127
2848,1050
3221,1487
3077,2162
2451,2798
1490,3083
654,2810
849,1994
1906,1175
2830,1052
3217,1449
3089,2132
2483,2776
1523,3078
660,2822
812,2006
1860,1172
2805,1025
3217,1418
3102,2105
2513,2754
1568,3077
695,2845
800,2054
1830,1201
2785,1025
3217,1402
3123,2071
2550,2732
1617,3074
721,2865
779,2100
1798,1234
2770,1034
3213,1391
3138,2054
2572,2717
1644,3068
735,2875
757,2106
1758,1234
2739,991
3202,1345
3144,2006
2593,2680
1675,3049
753,2878
735,2133
1714,1238
2709,981
3192,1325
3150,1990
2619,2667
1711,3054
780,2902
723,2166
1687,1274
2689,981
3184,1310
3157,1950
2641,2642
1741,3043
788,2908
691,2186
1634,1283
2651,972
3170,1289
3161,1933
2658,2618
1762,3037
796,2916
651,2215
1585,1297
2619,956
3159,1271
3167,1911
2685,2608
1802,3040
832,2947
638,2264
1548,1359
2595,996
3154,1288
3184,1911
2710,2603
1841,3050
868,2966
644,2305
1521,1389
2571,1000
3149,1277
3191,1885
2739,2583
1875,3033
888,2972
621,2326
1479,1407
2542,987
3139,1245
3199,1850
2763,2561
1916,3023
928,2995
619,2364
1447,1444
2514,995
3133,1237
3213,1829
2790,2538
1954,3017
965,3004
625,2398
1420,1483
2492,1002
3124,1226
3219,1818
2821,2513
1994,3004
998,3005
611,2419
1371,1491
2450,976
3102,1186
3213,1759
2835,2476
2022,2980
1016,2999
593,2425
1328,1502
2421,979
3092,1170
3217,1749
2850,2460
2051,2976
1053,3016
592,2464
1294,1538
2383,976
3074,1156
3222,1717
2869,2434
2083,2960
1069,3011
573,2476
1247,1556
2337,968
3052,1140
3213,1686
2879,2403
2099,2943
1089,3019
553,2500
1196,1582
2305,966
3039,1122
3218,1664
2896,2389
2125,2938
1115,3035
551,2555
1171,1651
2279,1018
3028,1149
3221,1673
2924,2387
2169,2941
1166,3057
577,2594
1149,1689
2249,1031
3018,1126
3230,1642
2943,2360
2199,2926
1194,3063
566,2609
1105,1710
2210,1030
2995,1113
3229,1617
2961,2328
2240,2904
1242,3062
587,2646
1083,1746
2180,1048
2983,1109
3235,1598
2986,2312
2275,2896
1282,3072
602,2672
1054,1788
2152,1067
2970,1098
3244,1574
3010,2282
2312,2876
1326,3066
605,2679
1019,1800
2106,1050
2941,1061
3232,1526
3016,2240
2330,2846
1344,3057
595,2691
982,1819
2072,1069
2927,1064
3240,1520
3031,2227
2358,2843
1377,3066
606,2727
947,1855
2034,1083
2903,1051
3231,1495
3043,2196
2386,2819
1406,3061
606,2730
901,1880
1981,1077
2876,1015
3220,1458
3055,2161
2408,2795
1433,3058
618,2756
876,1911
1945,1101
2852,1022
3216,1446
3063,2148
2431,2779
1464,3076
628,2798
843,1970
1912,1154
2841,1046
3225,1462
3089,2146
2479,2791
1517,3086
657,2827
821,2009
1868,1180
2812,1047
3213,1445
3109,2119
2501,2762
1550,3071
680,2831
802,2028
1839,1182
2793,1025
3213,1407
3116,2093
2534,2753
1593,3079
703,2855
782,2069
1808,1213
2776,1028
3216,1396
3141,2065
2573,2731
1648,3075
743,2879
776,2112
1784,1242
2749,1017
3210,1377
3143,2038
2588,2703
1666,3064
752,2885
762,2125
1746,1242
2726,987
3201,1336
3148,1991
2606,2673
1693,3052
758,2890
716,2150
1694,1265
2700,986
3190,1325
3161,1973
2637,2658
1733,3051
787,2911
704,2184
1658,1278
2666,971
3179,1298
3160,1949
2655,2634
1759,3040
801,2920
670,2206
1607,1296
2633,954
3165,1272
3166,1911
2673,2608
1787,3034
809,2927
640,2234
1559,1322
2602,965
3155,1266
3172,1902
2696,2603
1819,3039
840,2955
641,2290
1533,1384
2582,1000
3152,1286
3189,1903
2730,2601
1863,3039
879,2974
622,2319
1492,1404
2551,991
3142,1266
3197,1875
2746,2572
1897,3025
907,2977
613,2341
1455,1421
2523,986
3133,1244
3207,1843
2782,2547
1936,3023
947,2996
622,2377
1432,1461
2504,994
3127,1229
3218,1823
2811,2529
1981,3012
984,3007
613,2409
1392,1493
2472,996
3111,1219
3224,1791
2826,2494
2010,2996
1010,3007
606,2424
1359,1495
2431,977
3097,1180
3217,1746
2843,2462
2032,2973
1028,3007
585,2445
1309,1522
2401,972
3084,1170
3224,1736
2863,2451
2067,2968
1064,3018
581,2478
1266,1558
2365,975
3086,1147
3224,1702
2879,2416
2099,2950
1093,3017
568,2490
1225,1570
2353,969
3044,1127
3221,1673
2890,2392
2120,2939
1105,3022
550,2520
1186,1604
2293,983
3034,1127
3223,1661
2913,2384
2154,2957
1146,3048
560,2577
1161,1675
2262,1032
3020,1148
3227,1666
2933,2377
2186,2934
1180,3060
566,2608
1118,1702
2228,1037
3007,1135
3231,1633
2952,2343
2219,2915
1211,3056
571,2622
1090,1724
2199,1036
2990,1103
3238,1601
2979,2325
2260,2907
1263,3076
592,2652
1064,1770
2165,1066
2976,1110
3242,1590
2995,2296
2297,2884
1307,3073
608,2684
1044,1805
2131,1075
2958,1097
3244,1563
3014,2268
2318,2863
1329,3059
595,2688
995,1809
2089,1058
2936,1059
3237,1523
3027,2232
2354,2837
1361,3059
615,2701
969,1840
2058,1076
2917,1060
3232,1509
3039,2214
2368,2833
1396,3069
621,2729
935,1875
2015,1086
2892,1042
3228,1481
3050,2178
2401,2801
1425,3061
619,2743
895,1891
1965,1089
2862,1013
3221,1447
3059,2153
2422,2791
1451,3044
619,2760
856,1925
1929,1113
2843,1024
3217,1447
3076,2145
2455,2788
1498,3080
656,2806
846,1992
1898,1172
2829,1050
3218,1451
3097,2133
2489,2778
1533,3078
669,2828
806,2022
1851,1176
2798,1034
3211,1422
3106,2102
2516,2751
1571,3073
694,2842
796,2045
1822,1196
2782,1023
3213,1401
3123,2081
2548,2734
1616,3075
716,2866
771,2095
1791,1229
2761,1019
3220,1386
3140,2052
2584,2721
1662,3070
749,2890
767,2128
1759,1258
2740,1012
3205,1359
3148,2015
2601,2687
1685,3055
763,2885
735,2133
1715,1240
2708,975
3192,1320
3150,1977
2618,2660
1712,3048
774,2901
710,2169
1671,1280
2679,984
3185,1311
3163,1957
2653,2647
1755,3049
804,2915
692,2228
1632,1296
2650,969
3170,1282
3164,1919
2667,2606
1773,3034
803,2924
652,2219
1577,1313
2613,955
3158,1261
3173,1897
2690,2595
1808,3032
826,2919
630,2254
1538,1339
2584,967
3151,1262
3182,1894
2718,2594
1849,3039
867,2974
628,2324
1503,1406
2561,999
3143,1269
3193,1885
2744,2584
1885,3039
895,2987
616,2345
1470,1425
2529,986
3134,1246
3198,1849
2765,2552
1915,3019
923,2991
604,2365
1427,1446
2507,989
3134,1237
3207,1834
2785,2535
1962,3013
962,3001
601,2400
1399,1484
2477,999
3120,1226
3220,1808
2817,2515
2005,3008
1008,3015
608,2433
1368,1510
2444,994
3104,1200
3224,1773
2842,2477
2034,2979
1035,3005
592,2438
1317,1510
2403,966
3086,1159
3222,1730
2850,2451
2057,2967
1052,3018
588,2471
1287,1558
2377,991
3075,1164
3226,1713
2876,2427
2094,2959
1093,3045
587,2504
1254,1600
2339,973
3054,1128
3222,1673
2888,2399
2110,2945
1096,3029
551,2527
1185,1595
2296,966
3036,1109
3227,1652
2913,2370
2152,2932
1140,3031
564,2544
1164,1634
2267,996
3023,1125
3226,1654
2926,2376
2179,2938
1173,3055
572,2598
1139,1699
2241,1036
3009,1143
3237,1649
2951,2360
2218,2926
1213,3063
574,2622
1103,1722
2204,1042
2997,1121
3237,1607
2986,2332
2244,2902
1242,3057
579,2636
1067,1748
2175,1046
2989,1112
3239,1597
2987,2304
2284,2888
1288,3073
602,2679
1053,1797
2146,1072
2968,1101
3242,1571
3018,2280
2322,2881
1336,3074
617,2697
1019,1826
2109,1077
2941,1078
3234,1523
3019,2244
2341,2845
1361,3062
615,2704
985,1828
2066,1067
2923,1049
3234,1507
3035,2213
2373,2832
1391,3054
620,2714
945,1861
2024,1090
2901,1049
3229,1490
3052,2197
2401,2823
1425,3069
629,2745
911,1897
1982,1095
2877,1013
3221,1456
3061,2166
2418,2788
1447,3063
621,2756
864,1912
1935,1098
2845,1010
3212,1436
3063,2142
2439,2778
1474,3069
627,2779
838,1956
1899,1135
2832,1024
3216,1453
3090,2134
2479,2779
1523,3078
663,2822
825,2012
1873,1193
2810,1049
3215,1445
3104,2115
2506,2762
1562,3080
678,2841
794,2047
1832,1198
2787,1024
3205,1407
3119,2083
2536,2738
1598,3070
706,2849
777,2076
1793,1215
2762,1028
3206,1388
3137,2060
2568,2724
1641,3076
735,2872
763,2128
1768,1243
2745,1028
3206,1374
3144,2041
2603,2709
1682,3069
770,2895
752,2141
1735,1264
2721,999
3197,1331
3151,1988
2617,2667
1702,3050
764,2894
714,2154
1686,1257
2691,978
3185,1311
3153,1960
2634,2652
1736,3044
785,2910
696,2195
1652,1284
2659,988
3181,1308
3172,1948
2663,2632
1766,3041
804,2919
670,2216
1595,1305
2620,954
3166,1271
3164,1912
2681,2602
1796,3027
821,2930
643,2237
1558,1317
2597,956
3148,1253
3166,1892
2694,2589
1823,3034
838,2955
622,2279
1511,1368
2566,977
3143,1266
3184,1879
2727,2585
1867,3039
881,2982
626,2334
1486,1423
2543,1001
3140,1270
3199,1875
2755,2574
1903,3035
905,2985
602,2350
1442,1435
2516,978
3129,1236
3206,1834
2785,2542
1943,3015
943,2999
600,2381
1412,1463
2488,999
3122,1223
3215,1819
2808,2520
1982,3007
988,3003
611,2413
1371,1498
2469,999
3113,1224
3226,1790
2845,2501
2027,3001
1028,3018
610,2451
1348,1524
2425,990
3095,1184
3221,1747
2854,2465
2049,2974
1051,3011
599,2456
1303,1526
2393,965
3075,1161
3221,1723
2859,2440
2072,2961
1072,3021
584,2487
1265,1566
2355,982
3069,1153
3227,1698
2887,2418
2111,2946
1102,3024
582,2505
1220,1584
2315,968
3042,1121
3228,1665
2902,2388
2142,2941
1129,3025
557,2525
1169,1609
2272,965
3019,1107
3223,1640
2917,2367
2165,2929
1150,3039
552,2567
1136,1654
2258,1010
3011,1126
3228,1650
2938,2365
2191,2935
1192,3065
574,2616
1118,1709
2219,1047
2999,1125
3233,1625
2955,2332
2226,2912
1217,3061
572,2634
1083,1744
2192,1059
2989,1112
3235,1588
2983,2310
2262,2891
1261,3055
582,2647
1053,1774
2154,1065
2973,1101
3241,1575
3004,2291
2298,2880
1306,3075
597,2690
1013,1814
2114,1083
2954,1097
3248,1562
3026,2265
2343,2868
1364,3075
631,2711
1011,1842
2087,1080
2932,1061
3235,1516
3032,2222
2358,2832
1384,3056
612,2733
955,1847
2031,1077
2908,1043
3236,1501
3047,2196
2385,2823
1413,3073
630,2736
931,1889
2009,1104
2890,1046
3235,1480
3056,2178
2417,2810
1441,3062
634,2750
888,1903
1958,1098
2861,1015
3218,1443
3057,2135
2434,2784
1467,3055
627,2764
846,1933
1910,1111
2833,1002
3214,1427
3077,2118
2463,2771
1505,3062
645,2790
819,1980
1873,1157
2808,1032
3212,1439
3089,2118
2495,2766
1546,3075
678,2842
811,2040
1848,1205
2793,1040
3209,1419
3107,2094
2523,2747
1577,3069
687,2856
779,2067
1806,1203
2768,1020
3204,1389
3121,2069
2548,2723
1617,3060
717,2875
764,2106
1773,1233
2750,1010
3202,1375
3135,2036
2589,2709
1669,3070
757,2889
754,2131
1739,1259
2725,1019
3196,1363
3153,2014
2617,2694
1694,3067
773,2903
737,2159
1705,1267
2702,987
3191,1316
3157,1977
2628,2655
1722,3047
779,2905
693,2173
1653,1267
2667,969
3177,1297
3159,1955
2654,2642
1756,3050
807,2923
681,2210
1625,1305
2641,968
3169,1285
3170,1928
2673,2619
1786,3036
815,2930
644,2230
1568,1318
2607,959
3155,1258
3173,1891
2696,2587
1814,3023
831,2939
618,2260
1522,1342
2576,953
3147,1247
3179,1875
2718,2573
1849,3023
858,2959
614,2304
1490,1396
2548,992
3137,1263
3194,1877
2747,2572
1892,3031
901,2987
615,2353
1461,1442
2527,996
3130,1248
3198,1857
2769,2553
1926,3027
928,2995
607,2373
1421,1455
2493,984
3121,1221
3208,1810
2793,2525
1961,3006
965,2998
604,2407
1396,1490
2476,996
3118,1218
3223,1802
2829,2509
2008,3005
1007,3015
608,2439
1360,1522
2443,1005
3112,1209
3230,1779
2854,2486
2049,2991
1053,3021
604,2457
1318,1532
2407,979
3086,1168
3226,1734
2865,2450
2074,2965
1074,3017
595,2467
1287,1550
2370,978
3069,1155
3227,1707
2885,2430
2101,2960
1099,3022
588,2500
1246,1585
2342,988
3059,1146
3230,1685
2902,2399
2132,2941
1125,3023
574,2515
1200,1599
2297,979
3036,1118
3241,1659
2915,2373
2155,2923
1144,3030
560,2544
1148,1624
2257,981
3017,1104
3223,1630
2931,2353
2178,2918
1168,3042
556,2581
1122,1683
2228,1032
3003,1135
3230,1641
2950,2354
2216,2919
1215,3061
576,2626
1100,1741
2203,1057
2988,1126
3228,1614
2967,2324
2244,2901
1242,3061
576,2642
1058,1754
2161,1049
2971,1096
3233,1581
2984,2296
2279,2885
1287,3067
594,2675
1039,1794
2135,1070
2959,1103
3234,1575
3006,2282
2316,2875
1330,3073
612,2697
1010,1832
2101,1091
2941,1098
3241,1548
3028,2252
2350,2856
1367,3069
621,2726
976,1846
2058,1078
2916,1051
3229,1499
3035,2208
2373,2822
1394,3057
622,2721
945,1865
2021,1084
2896,1042
3229,1487
3046,2196
2397,2817
1424,3067
624,2745
910,1899
1983,1103
2875,1037
3224,1465
3059,2163
2423,2792
1451,3059
629,2755
867,1918
1934,1104
2845,1012
3216,1455
3071,2136
2444,2777
1478,3054
625,2771
824,1946
1891,1116
2821,997
3211,1416
3084,2114
2474,2764
1518,3066
650,2810
808,2004
1859,1174
2800,1036
3209,1435
3105,2117
2509,2764
1563,3081
687,2843
801,2050
1832,1203
2784,1029
3207,1406
3112,2080
2533,2738
1593,3071
692,2859
765,2076
1789,1219
2760,1016
3203,1379
3130,2044
2570,2700
1641,3069
732,2878
758,2113
1758,1245
2738,1020
3205,1374
3147,2031
2597,2703
1682,3071
758,2904
736,2156
1719,1272
2711,1011
3197,1350
3161,2005
2628,2681
1718,3063
783,2908
718,2169
1679,1269
2685,983
3184,1301
3155,1955
2640,2640
1740,3042
798,2910
699,2193
1646,1291
2662,977
3179,1295
3163,1941
2665,2629
1772,3043
815,2927
680,2224
1606,1320
2628,973
3170,1280
3164,1915
2687,2613
1802,3035
826,2934
641,2243
1549,1329
2593,955
3150,1250
3179,1882
2709,2582
1835,3023
851,2944
623,2268
1510,1354
2563,964
3140,1246
3183,1872
2726,2574
1862,3024
874,2966
610,2325
1480,1412
2542,996
3139,1262
3199,1866
2764,2565
1910,3028
921,2990
615,2364
1440,1443
2507,997
3125,1243
3202,1834
2782,2539
1938,3012
944,2993
604,2384
1411,1465
2487,986
3119,1221
3215,1804
2807,2513
1983,3005
980,3006
602,2415
1379,1498
2454,997
3109,1209
3223,1787
2835,2498
2024,2996
1020,3021
602,2454
1343,1535
2423,1001
3097,1201
3230,1764
2860,2473
2062,2983
1065,3021
605,2465
1303,1538
2388,977
3078,1153
3224,1713
2868,2431
2079,2957
1072,3016
581,2484
1258,1564
2356,987
3066,1148
3230,1696
2892,2419
2117,2954
1115,3029
591,2520
1232,1600
2322,987
3047,1136
3229,1674
2905,2389
2137,2934
1132,3023
565,2533
1172,1613
2274,976
3023,1108
3223,1639
2920,2359
2166,2917
1154,3029
552,2557
1125,1646
2238,991
3007,1111
3227,1626
2936,2350
2195,2917
1189,3049
561,2601
1115,1711
2216,1034
2998,1122
3232,1629
2960,2343
2234,2919
1237,3067
581,2639
1075,1747
2180,1054
2978,1113
3231,1603
2974,2313
2261,2895
1262,3059
581,2653
1049,1771
2150,1059
2966,1100
3235,1576
2998,2287
2293,2881
1300,3069
587,2678
1013,1806
2115,1075
2951,1092
3238,1561
3016,2268
2332,2865
1351,3077
617,2710
998,1837
2081,1091
2934,1084
3240,1532
3034,2241
2365,2847
1386,3071
626,2718
966,1853
2041,1082
2909,1044
3231,1488
3040,2193
2382,2813
1404,3059
619,2735
924,1881
2003,1095
2888,1044
3229,1479
3056,2182
2412,2810
1444,3073
634,2759
894,1919
1963,1106
2866,1023
3225,1454
3058,2150
2440,2786
1477,3063
636,2769
849,1937
1914,1112
2835,1008
3216,1422
3078,2116
2460,2763
1500,3059
639,2790
812,1973
1873,1139
2812,1005
3212,1411
3092,2103
2493,2758
1540,3071
664,2827
799,2031
1844,1196
2796,1042
3213,1430
3118,2098
2531,2753
1588,3079
700,2855
778,2065
1805,1192
2768,1022
3207,1397
3123,2067
2556,2729
1623,3070
719,2862
761,2093
1767,1222
2745,1009
3201,1369
3138,2041
2587,2713
1661,3071
747,2889
743,2132
1730,1255
2724,1013
3201,1362
3155,2019
2614,2693
1706,3069
776,2913
732,2171
1694,1285
2701,1016
3194,1344
3164,1991
2642,2656
1737,3052
792,2905
705,2181
1662,1283
2674,980
3183,1299
3167,1941
2659,2632
1763,3039
807,2920
685,2214
1623,1313
2645,985
3175,1296
3178,1930
2685,2614
1801,3037
841,2935
675,2245
1585,1334
2616,967
3152,1260
3177,1888
2701,2587
1829,3026
851,2942
640,2261
1533,1341
2578,949
3148,1233
3179,1857
2718,2567
1853,3018
872,2953
622,2293
1496,1373
2542,961
3134,1225
3187,1846
2743,2560
1902,3025
895,2981
613,2346
1457,1435
2522,997
3133,1254
3204,1849
2777,2555
1930,3028
930,3001
593,2377
1409,1453
2489,993
3118,1234
3206,1824
2798,2528
1967,3009
965,2999
602,2395
1383,1476
2462,987
3106,1212
3214,1802
2819,2511
1998,3002
998,3010
592,2436
1349,1521
2442,1005
3104,1208
3224,1773
2851,2482
2044,2995
1051,3025
608,2471
1319,1559
2405,1007
3090,1188
3229,1741
2868,2449
2072,2968
1069,3017
600,2474
1284,1550
2371,976
3075,1150
3230,1705
2880,2423
2096,2949
1093,3018
581,2498
1240,1585
2335,995
3050,1154
3229,1691
2904,2405
2138,2948
1138,3031
580,2535
1196,1614
2293,983
3033,1118
3223,1646
2914,2371
2155,2928
1150,3038
564,2551
1147,1633
2254,980
3014,1102
3224,1647
2922,2348
2181,2911
1173,3041
558,2577
1115,1668
2222,1002
3002,1105
3229,1606
2948,2345
2210,2921
1203,3060
561,2621
1088,1729
2197,1050
2991,1128
3235,1619
2975,2337
2254,2909
1251,3069
576,2654
1060,1764
2160,1057
2974,1107
3233,1586
2986,2302
2279,2892
1285,3065
580,2666
1029,1790
2131,1068
2957,1100
3237,1568
3010,2281
2316,2868
1319,3070
595,2698
998,1839
2098,1094
2942,1095
3241,1547
3032,2249
2359,2858
1379,3080
627,2732
984,1869
2064,1106
2926,1072
3240,1516
3043,2215
2381,2826
1399,3065
635,2726
951,1879
2025,1088
2899,1036
3231,1476
3054,2181
2405,2808
1434,3063
636,2744
913,1899
1983,1110
2873,1043
3227,1471
3069,2170
2435,2798
1473,3063
651,2763
880,1933
1944,1121
2849,1016
3218,1436
3077,2133
2452,2775
1490,3061
642,2786
838,1954
1896,1121
2823,1007
3211,1417
3087,2113
2477,2755
1517,3049
649,2798
798,1974
1851,1147
2796,1013
3208,1416
3102,2096
2509,2743
1568,3078
678,2842
793,2048
1825,1209
2784,1037
3208,1419
3112,2092
2539,2744
1604,3069
707,2858
767,2082
1790,1227
2757,1021
3200,1382
3129,2049
2565,2716
1634,3066
722,2868
748,2102
1749,1235
2738,1011
3198,1372
3143,2031
2601,2699
1683,3063
758,2894
734,2151
1718,1274
2714,1020
3197,1360
3158,2004
2633,2687
1729,3064
787,2913
719,2182
1681,1292
2685,1001
3192,1331
3163,1971
2652,2647
1743,3046
801,2906
702,2193
1644,1288
2660,977
3170,1298
3165,1931
2667,2621
1779,3040
820,2932
681,2227
1604,1318
2630,975
3167,1280
3165,1915
2684,2610
1814,3038
840,2931
655,2253
1564,1338
2605,965
3154,1247
3180,1889
2708,2586
1832,3022
853,2948
618,2270
1504,1348
2556,945
3137,1229
3185,1856
2729,2560
1864,3017
869,2958
603,2308
1465,1388
2529,972
3132,1237
3195,1851
2757,2558
1907,3027
914,2994
608,2366
1439,1455
2508,997
3121,1243
3203,1829
2781,2543
1938,3017
934,3005
588,2392
1397,1470
2477,988
3117,1219
3212,1804
2809,2517
1980,3002
982,3002
598,2411
1367,1495
2453,999
3110,1208
3223,1784
2838,2494
2026,2995
1021,3014
601,2449
1340,1535
2431,1005
3099,1209
3228,1763
2866,2480
2065,2989
1061,3021
602,2480
1304,1560
2386,996
3081,1174
3232,1723
2878,2438
2088,2956
1082,3023
584,2490
1264,1564
2353,976
3059,1144
3229,1693
2899,2416
2119,2948
1113,3021
582,2512
1225,1604
2322,996
3049,1144
3231,1681
2913,2394
2151,2941
1145,3034
576,2540
1182,1621
2280,980
3025,1109
3229,1644
2923,2363
2171,2920
1160,3036
558,2557
1129,1647
2240,984
3012,1090
3227,1618
2940,2338
2199,2912
1195,3041
560,2600
1095,1690
2206,1021
2998,1110
3233,1613
2959,2343
2233,2916
1231,3066
582,2636
1086,1751
2186,1058
2985,1131
3236,1618
2980,2317
2264,2898
1265,3069
577,2661
1037,1758
2136,1061
2965,1101
3235,1567
2997,2284
2302,2871
1307,3066
596,2681
1017,1805
2119,1080
2953,1091
3240,1556
3021,2254
2341,2861
1351,3069
609,2712
995,1851
2085,1090
2936,1085
3243,1531
3046,2244
2376,2845
1397,3073
635,2738
970,1869
2040,1104
2909,1064
3236,1501
3053,2202
2392,2818
1420,3061
640,2735
923,1884
1998,1090
2886,1036
3229,1471
3055,2171
2415,2801
1446,3063
643,2755
898,1919
1965,1119
2865,1043
3225,1461
3076,2154
2446,2790
1486,3063
659,2778
861,1943
1916,1116
2832,1007
3220,1428
3080,2119
2462,2764
1503,3059
642,2792
818,1970
1870,1127
2807,998
3207,1398
3088,2098
2491,2748
1541,3060
658,2810
788,2004
1834,1171
2793,1019
3206,1414
3107,2094
2519,2752
1581,3079
691,2854
776,2056
1803,1223
2767,1046
3206,1414
3124,2075
2551,2732
1618,3077
705,2876
748,2101
1762,1233
2740,1015
3197,1380
3132,2040
2581,2703
1652,3059
736,2873
734,2120
1732,1256
2721,1015
3197,1358
3146,2013
2615,2687
1700,3067
774,2904
734,2171
1699,1284
2701,1012
3199,1350
3167,1991
2647,2670
1746,3064
809,2921
721,2194
1664,1306
2676,993
3181,1306
3168,1959
2656,2634
1761,3040
810,2917
683,2207
1623,1302
2647,972
3169,1287
3170,1930
2680,2621
1791,3039
823,2933
662,2240
1577,1334
2613,980
3161,1277
3180,1907
2705,2598
1831,3031
861,2945
650,2263
1533,1340
2579,947
3150,1244
3182,1862
2720,2571
1851,3021
867,2952
612,2290
1485,1366
2546,951
3138,1226
3188,1840
2742,2553
1881,3016
886,2972
599,2333
1452,1410
2522,977
3130,1243
3198,1847
2769,2551
1924,3025
929,3012
598,2388
1419,1474
2490,1011
3121,1235
3212,1824
2795,2527
1963,3014
959,3011
583,2403
1381,1481
2461,991
3111,1209
3218,1791
2822,2503
1999,3004
1000,3011
594,2450
1348,1518
2431,1003
3099,1194
3230,1764
2851,2480
2044,2985
1042,3023
605,2467
1321,1551
2407,1000
3092,1188
3239,1747
2875,2461
2088,2979
1085,3035
597,2493
1282,1572
2371,989
3074,1154
3232,1702
2889,2417
2108,2953
1106,3022
586,2500
1236,1579
2333,978
3053,1135
3229,1677
2906,2400
2137,2943
1130,3030
583,2529
1202,1626
2304,1004
3040,1132
3234,1654
2925,2376
2170,2927
1164,3035
569,2557
1153,1639
2257,989
3019,1104
3230,1624
2936,2346
2191,2911
1181,3038
555,2572
1105,1666
2216,993
2997,1092
3234,1609
2954,2329
2226,2907
1220,3050
565,2611
1077,1717
2191,1032
2985,1111
3237,1613
2975,2326
2256,2906
1259,3069
587,2652
1059,1775
2155,1070
2968,1112
3240,1589
2987,2293
2282,2881
1286,3067
580,2679
1024,1802
2124,1067
2955,1085
3236,1552
3012,2265
2317,2864
1326,3069
597,2699
996,1833
2093,1086
2939,1084
3243,1540
3021,2248
2358,2852
1377,3076
624,2733
972,1869
2056,1107
2922,1076
3241,1517
3052,2219
2392,2839
1422,3079
648,2754
946,1894
2011,1104
2893,1037
3231,1467
3056,2173
2412,2801
1442,3063
636,2755
902,1911
1976,1108
2870,1038
3225,1459
3068,2156
2434,2795
1472,3064
640,2775
874,1944
1937,1131
2848,1029
3223,1448
3084,2136
2467,2776
1503,3064
645,2779
825,1961
1883,1133
2815,1007
3215,1407
3089,2099
2482,2756
1531,3058
656,2801
794,1990
1841,1145
2790,999
3205,1387
3101,2081
2510,2741
1565,3066
674,2840
772,2045
1810,1198
2773,1028
3205,1405
3118,2085
2546,2740
1613,3077
710,2869
764,2096
1776,1237
2749,1026
3193,1386
3130,2053
2568,2716
1639,3069
720,2883
737,2122
1742,1250
2729,1012
3200,1359
3147,2017
2604,2689
1685,3064
759,2906
729,2158
1707,1270
2706,1013
3198,1348
3164,2001
2634,2680
1733,3064
790,2919
711,2193
1670,1304
2683,1005
3187,1335
3175,1972
2669,2655
1778,3057
830,2923
705,2211
1636,1310
2655,979
3180,1285
3173,1925
2676,2617
1789,3035
831,2933
675,2227
1602,1317
2625,966
3167,1278
3181,1907
2697,2603
1824,3036
858,2950
664,2269
1560,1361
2599,978
3158,1260
3185,1879
2719,2575
1848,3022
862,2950
621,2283
1501,1366
2557,956
3136,1232
3185,1847
2737,2552
1876,3013
875,2962
596,2312
1454,1391
2524,956
3130,1220
3199,1830
2766,2538
1922,3011
924,2981
601,2360
1428,1446
2499,989
3114,1243
3205,1834
2791,2537
1958,3019
967,3005
610,2406
1398,1493
2469,1002
3109,1223
3209,1798
2809,2510
1985,3001
983,3015
589,2426
1356,1508
2439,993
3100,1198
3218,1775
2834,2482
2025,2988
1028,3010
598,2457
1328,1543
2417,1001
3097,1194
3229,1754
2863,2468
2068,2984
1066,3027
593,2492
1290,1569
2381,1005
3081,1186
3235,1734
2891,2444
2111,2973
1113,3026
605,2509
1257,1589
2344,990
3056,1146
3227,1682
2897,2399
2130,2934
1125,3021
586,2519
1214,1604
2310,987
3041,1131
3231,1663
2913,2386
2153,2940
1152,3038
582,2553
1180,1643
2273,996
3025,1116
3233,1639
2934,2358
2186,2919
1179,3035
567,2569
1122,1655
2221,985
2997,1090
3222,1608
2940,2331
2207,2902
1200,3033
555,2589
1082,1693
2191,999
2986,1088
3224,1594
2962,2316
2240,2896
1234,3055
556,2636
1052,1749
2159,1049
2971,1111
3231,1601
2982,2311
2275,2891
1271,3073
579,2676
1029,1795
2127,1075
2953,1100
3232,1568
2998,2272
2301,2873
1306,3069
578,2693
997,1820
2098,1075
2941,1080
3234,1538
3021,2245
2340,2852
1355,3073
609,2720
977,1862
2065,1105
2931,1082
3242,1528
3043,2231
2382,2843
1408,3081
635,2747
951,1894
2029,1124
2906,1069
3235,1502
3057,2203
2407,2822
1438,3074
637,2754
912,1909
1985,1108
2878,1033
3226,1459
3069,2157
2433,2792
1469,3062
653,2768
889,1933
1951,1121
2857,1022
3225,1447
3080,2148
2452,2783
1497,3068
658,2785
856,1961
1912,1129
2833,1017
3219,1424
3093,2116
2483,2759
1523,3055
660,2799
811,1987
1858,1146
2801,1001
3208,1405
3097,2085
2501,2739
1552,3056
668,2812
777,2008
1817,1159
2775,995
3203,1386
3110,2073
2529,2731
1589,3069
687,2851
750,2072
1782,1226
2755,1032
3203,1403
3127,2068
2564,2728
1641,3077
731,2879
755,2121
1754,1251
2732,1021
3193,1372
3134,2033
2583,2701
1665,3066
737,2894
724,2142
1716,1262
2712,1007
3195,1349
3151,2000
2620,2680
1716,3065
774,2911
723,2178
1684,1298
2690,1014
3191,1335
3169,1976
2652,2661
1757,3060
808,2929
706,2211
1650,1317
2664,1002
3187,1318
3179,1954
2680,2639
1793,3047
835,2934
684,2227
1610,1314
2636,970
3174,1274
3182,1914
2696,2601
1818,3026
852,2935
669,2247
1574,1328
2606,977
3159,1267
3183,1888
2712,2586
1842,3029
869,2952
652,2288
1530,1374
2578,970
3150,1247
3189,1857
2732,2560
1868,3013
879,2957
614,2308
1471,1385
2534,957
3129,1224
3187,1830
2747,2535
1899,3003
900,2963
599,2330
1432,1399
2505,951
3120,1229
3195,1820
2770,2531
1933,3017
934,2994
591,2383
1395,1466
2478,994
3110,1227
3208,1816
2805,2521
1979,3014
983,3015
596,2422
1365,1501
2446,993
3100,1211
3209,1787
2817,2502
2003,2996
993,3014
576,2436
1334,1512
2421,988
3096,1192
3223,1763
2849,2479
2045,2991
1039,3023
585,2470
1303,1557
2394,1008
3088,1187
3234,1744
2880,2454
2090,2979
1087,3037
595,2507
1270,1593
2363,1012
3069,1176
3235,1720
2899,2427
2119,2958
1114,3032
589,2518
1227,1592
2327,982
3054,1136
3233,1669
2911,2389
2148,2936
1146,3027
574,2534
1191,1625
2293,997
3031,1125
3227,1651
2927,2363
2174,2928
1175,3039
594,2566
1159,1661
2257,1000
3018,1109
3229,1624
2941,2342
2198,2908
1193,3039
566,2579
1109,1678
2200,997
2989,1085
3223,1597
2956,2317
2225,2894
1217,3039
548,2605
1054,1704
2159,1015
2968,1086
3226,1589
2976,2308
2255,2888
1253,3057
565,2654
1038,1770
2146,1062
2966,1114
3233,1593
2994,2299
2293,2891
1297,3080
578,2684
1008,1803
2108,1057
2941,1088
3229,1564
3007,2267
2318,2864
1332,3064
596,2699
991,1833
2083,1086
2933,1077
3223,1535
3031,2236
2356,2852
1370,3072
610,2727
962,1867
2053,1106
2920,1075
3241,1521
3052,2218
2396,2829
1424,3078
639,2759
943,1905
2018,1125
2900,1062
3237,1493
3077,2193
2431,2804
1457,3066
653,2757
907,1912
1969,1116
2868,1022
3232,1453
3069,2143
2445,2782
1482,3061
655,2775
879,1949
1935,1123
2851,1012
3223,1440
3089,2134
2470,2774
1519,3066
673,2804
850,1979
1897,1144
2823,1008
3219,1410
3098,2098
2494,2748
1540,3063
670,2809
804,1997
1841,1148
2788,988
3205,1386
3103,2068
2515,2725
1562,3059
675,2816
767,2044
1797,1177
2768,1002
3201,1387
3117,2065
2548,2732
1609,3080
702,2861
756,2083
1769,1224
2747,1021
3200,1389
3133,2061
2578,2721
1645,3078
728,2887
735,2128
1728,1251
2712,1012
3191,1359
3143,2015
2601,2692
1684,3062
750,2894
717,2159
1697,1278
2703,1002
3193,1337
3162,1999
2632,2666
1726,3063
781,2916
704,2188
1670,1304
2677,1008
3191,1332
3177,1968
2673,2655
1783,3059
830,2938
699,2228
1629,1327
2652,997
3182,1309
3180,1938
2693,2624
1812,3036
843,2928
680,2236
1592,1328
2624,971
3163,1271
3181,1897
2706,2597
1831,3033
865,2943
660,2270
1552,1355
2599,972
3157,1265
3190,1878
2725,2585
1861,3030
885,2959
650,2301
1510,1378
2555,959
3141,1233
3194,1833
2741,2553
1883,3014
897,2969
609,2320
1462,1395
2525,949
3131,1204
3193,1816
2763,2526
1911,3003
907,2977
585,2354
1405,1422
2490,964
3112,1206
3204,1811
2790,2524
1949,3010
951,2999
584,2408
1378,1490
2462,1000
3108,1228
3211,1805
2816,2510
1993,3006
987,3012
578,2432
1347,1514
2434,987
3097,1199
3218,1773
2836,2482
2025,2990
1016,3018
578,2453
1311,1542
2402,991
3083,1197
3224,1759
2859,2463
2062,2978
1061,3029
593,2491
1288,1579
2380,1013
3082,1187
3236,1734
2894,2445
2102,2971
1099,3039
590,2527
1251,1613
2344,1019
3071,1164
3236,1702
2909,2408
2138,2948
1130,3030
582,2523
1206,1608
2306,989
3043,1120
3231,1657
2920,2373
2162,2929
1163,3036
584,2557
1171,1655
2277,1007
3028,1124
3234,1637
2943,2352
2194,2921
1200,3046
591,2584
1139,1679
2237,1015
3006,1101
3230,1605
2948,2323
2219,2900
1210,3040
564,2601
1083,1697
2192,995
2988,1077
3228,1590
2964,2304
2243,2885
1238,3046
557,2622
1046,1726
2149,1017
2965,1079
3234,1584
2981,2302
2283,2888
1283,3067
582,2679
1030,1803
2131,1077
2954,1107
3237,1575
3006,2287
2301,2880
1311,3073
587,2697
998,1819
2094,1077
2941,1082
3235,1540
3021,2248
2335,2856
1346,3070
585,2713
957,1854
2053,1096
2921,1078
3241,1527
3048,2226
2378,2843
1409,3076
635,2741
953,1887
2028,1115
2904,1079
3235,1513
3060,2205
2414,2832
1445,3079
653,2761
925,1922
1995,1121
2892,1056
3237,1478
3076,2166
2444,2794
1488,3069
663,2775
898,1930
1955,1121
2853,1029
3227,1440
3074,2126
2448,2773
1494,3063
667,2793
866,1980
1917,1155
2836,1032
3222,1430
3091,2118
2476,2762
1524,3064
664,2803
818,1993
1869,1143
2809,999
3214,1397
3103,2085
2507,2741
1557,3059
667,2817
770,2007
1811,1153
2770,980
3201,1363
3108,2060
2533,2730
1605,3059
712,2836
771,2056
1782,1193
2750,1000
3194,1378
3123,2056
2557,2723
1629,3073
717,2874
739,2113
1746,1248
2730,1031
3195,1379
3133,2039
2585,2703
1666,3063
738,2897
722,2144
1707,1267
2706,1018
3190,1352
3147,1998
2612,2673
1703,3057
760,2900
700,2172
1673,1284
2686,1007
3186,1340
3163,1981
2649,2661
1748,3057
799,2929
694,2214
1639,1309
2661,1003
3183,1316
3186,1958
2688,2644
1808,3055
851,2944
697,2251
1600,1335
2624,986
3164,1284
3163,1911
2686,2611
1804,3039
850,2949
660,2256
1572,1342
2613,960
3157,1249
3181,1880
2710,2584
1838,3028
862,2956
641,2295
1530,1370
2580,978
3154,1245
3195,1862
2739,2562
1876,3016
883,2960
624,2312
1484,1390
2541,947
3148,1214
3202,1831
2763,2543
1912,3009
909,2970
591,2329
1417,1398
2498,943
3118,1198
3196,1805
2777,2521
1944,3002
944,2982
586,2369
1394,1452
2466,973
3101,1219
3201,1808
2797,2518
1972,3011
974,3014
602,2432
1373,1521
2458,1012
3101,1219
3209,1783
2817,2496
1993,2993
982,3017
565,2449
1321,1534
2418,1007
3095,1189
3223,1758
2850,2472
2044,2980
1038,3009
582,2464
1297,1542
2392,1003
3086,1187
3234,1746
2883,2459
2094,2972
1087,3033
584,2500
1256,1589
2353,999
3068,1173
3235,1714
2910,2432
2141,2968
1146,3047
615,2542
1240,1621
2326,1003
3049,1142
3218,1675
2907,2390
2143,2937
1145,3031
581,2539
1196,1624
2290,995
3033,1121
3233,1649
2927,2366
2173,2922
1173,3041
577,2567
1158,1665
2259,1003
3024,1121
3240,1634
2954,2350
2213,2913
1206,3042
568,2589
1100,1683
2207,997
2992,1085
3228,1590
2960,2312
2237,2889
1234,3043
576,2609
1070,1705
2168,1000
2972,1066
3229,1594
2974,2291
2264,2879
1265,3051
573,2643
1028,1752
2133,1043
2956,1097
3226,1578
2996,2291
2295,2885
1308,3071
603,2685
1025,1815
2113,1086
2945,1101
3232,1567
3006,2270
2319,2867
1325,3069
581,2698
974,1830
2072,1078
2923,1078
3230,1532
3023,2237
2347,2846
1368,3070
607,2728
953,1868
2045,1108
2916,1073
3235,1514
3057,2214
2398,2830
1423,3076
634,2753
939,1909
2009,1124
2893,1068
3233,1494
3060,2192
2418,2811
1452,3080
644,2781
904,1941
1972,1136
2866,1041
3224,1456
3079,2145
2446,2782
1483,3064
651,2781
869,1949
1923,1130
2838,1016
3220,1429
3083,2126
2462,2768
1506,3063
656,2800
833,1989
1892,1157
2823,1020
3217,1422
3101,2106
2502,2754
1557,3061
682,2817
803,2003
1827,1147
2787,990
3205,1387
3102,2080
2514,2733
1574,3059
671,2825
761,2027
1789,1160
2762,976
3198,1370
3112,2048
2545,2713
1606,3061
697,2857
746,2081
1765,1217
2741,1014
3198,1386
3128,2045
2571,2711
1642,3074
717,2889
725,2135
1732,1262
2723,1026
3197,1367
3146,2020
2602,2688
1682,3067
744,2900
706,2158
1688,1275
2694,1007
3189,1339
3157,1992
2634,2665
1727,3059
781,2915
697,2194
1650,1307
2671,1007
3184,1324
3167,1965
2665,2652
1775,3059
831,2941
698,2238
1626,1342
2648,1014
3181,1321
3185,1947
2697,2632
1816,3051
854,2947
684,2255
1585,1348
2616,981
3165,1280
3184,1899
2706,2592
1831,3027
861,2934
657,2265
1547,1352
2591,972
3158,1259
3193,1877
2733,2578
1868,3025
893,2956
650,2300
1517,1380
2565,971
3147,1244
3199,1856
2756,2555
1903,3014
914,2958
624,2319
1462,1391
2524,957
3130,1214
3197,1823
2767,2529
1926,3003
924,2975
600,2343
1419,1421
2490,951
3116,1195
3195,1798
2782,2510
1949,2997
945,2981
582,2387
1385,1472
2464,986
3109,1220
3210,1800
2814,2509
1991,3004
993,3017
600,2435
1358,1525
2441,1004
3097,1214
3213,1776
2833,2483
2025,2987
1020,3015
576,2455
1309,1529
2403,995
3080,1189
3223,1753
2857,2464
2059,2979
1051,3019
580,2482
1276,1567
2372,1000
3076,1177
3231,1734
2884,2445
2103,2972
1104,3038
595,2519
1252,1608
2345,1018
3063,1166
3233,1709
2906,2422
2138,2961
1136,3046
600,2539
1219,1619
2314,995
3045,1125
3234,1652
2918,2374
2159,2925
1154,3022
574,2547
1165,1636
2269,995
3023,1110
3230,1645
2931,2359
2188,2921
1186,3042
578,2581
1138,1677
2240,1010
3011,1107
3239,1614
2961,2332
2226,2903
1216,3039
570,2594
1083,1687
2189,999
2984,1082
3225,1587
2961,2306
2245,2886
1243,3042
567,2623
1047,1719
2153,1013
2965,1072
3223,1563
2981,2288
2273,2880
1271,3056
569,2659
1014,1782
2117,1062
2942,1097
3229,1573
2995,2282
2298,2881
1304,3080
585,2697
997,1831
2097,1091
2938,1096
3234,1552
3015,2255
2337,2856
1344,3068
591,2710
963,1844
2059,1085
2925,1067
3235,1519
3039,2227
2372,2836
1390,3068
618,2739
938,1887
2023,1110
2902,1071
3235,1503
3055,2202
2411,2825
1439,3077
653,2771
922,1929
1995,1135
2883,1068
3232,1488
3068,2181
2434,2810
1471,3076
651,2781
891,1941
1955,1132
2856,1033
3223,1445
3078,2135
2459,2772
1499,3061
658,2787
859,1964
1911,1143
2834,1020
3221,1426
3096,2112
2481,2760
1528,3064
669,2813
829,1999
1874,1161
2811,1015
3218,1407
3108,2103
2516,2746
1569,3062
679,2819
792,2015
1825,1160
2776,989
3206,1375
3113,2061
2535,2723
1599,3055
689,2851
753,2042
1773,1176
2746,983
3190,1360
3119,2037
2553,2709
1626,3057
714,2866
745,2106
1750,1241
2734,1016
3200,1374
3138,2038
2592,2704
1671,3074
742,2897
724,2150
1712,1273
2709,1018
3190,1354
3147,2007
2616,2680
1701,3056
760,2908
707,2173
1673,1288
2680,1017
3185,1337
3161,1983
2646,2661
1745,3057
794,2927
692,2205
1640,1311
2660,1005
3180,1319
3176,1957
2675,2645
1787,3059
824,2945
681,2248
1602,1345
2622,997
3175,1301
3187,1934
2707,2613
1833,3047
874,2949
682,2261
1572,1347
2604,975
3157,1264
3183,1888
2712,2585
1839,3023
867,2948
642,2278
1530,1365
2582,972
3156,1250
3195,1868
2740,2574
1878,3021
897,2964
631,2313
1488,1395
2546,967
3142,1231
3201,1841
2763,2543
1913,3010
922,2970
621,2336
1445,1410
2507,953
3125,1205
3199,1808
2777,2518
1939,2999
943,2979
593,2362
1401,1439
2477,949
3110,1194
3206,1790
2797,2504
1971,2997
964,3001
577,2420
1360,1500
2444,994
3095,1217
3212,1791
2824,2501
2010,3002
1015,3022
596,2461
1332,1542
2419,992
3089,1194
3217,1759
2843,2472
2040,2984
1032,3028
575,2470
1292,1546
2386,994
3080,1174
3229,1731
2877,2448
2087,2971
1083,3031
589,2496
1263,1582
2357,1007
3067,1176
3231,1716
2895,2431
2118,2963
1116,3041
584,2537
1226,1623
2324,1015
3050,1165
3233,1697
2911,2408
2152,2947
1144,3043
582,2545
1185,1632
2282,994
3025,1121
3227,1649
2924,2365
2176,2922
1167,3034
574,2565
1153,1662
2250,1001
3015,1115
3230,1628
2941,2346
2203,2910
1200,3045
579,2594
1108,1695
2215,1018
2998,1108
3233,1593
2958,2316
2230,2889
1225,3039
557,2610
1061,1713
2171,1015
2975,1077
3228,1577
2977,2291
2262,2877
1262,3041
567,2630
1026,1735
2130,1018
2954,1071
3225,1561
2993,2279
2293,2873
1308,3065
588,2680
1004,1807
2101,1072
2939,1089
3231,1564
3010,2272
2318,2872
1337,3080
603,2714
988,1849
2078,1098
2926,1088
3228,1541
3023,2241
2347,2848
1359,3073
595,2724
947,1871
2042,1099
2912,1070
3236,1512
3049,2213
2394,2829
1413,3069
625,2745
926,1899
2001,1130
2891,1063
3233,1498
3065,2194
2426,2815
1459,3071
651,2781
909,1951
1975,1145
2876,1058
3235,1471
3086,2162
2459,2797
1501,3076
674,2787
885,1957
1932,1127
2844,1009
3220,1420
3082,2116
2465,2764
1509,3064
659,2802
842,1992
1890,1160
2824,1019
3219,1415
3101,2099
2501,2748
1552,3065
689,2821
822,2020
1857,1174
2801,1005
3215,1393
3112,2070
2524,2726
1577,3055
676,2830
756,2040
1789,1177
2759,987
3200,1367
3126,2043
2553,2711
1618,3057
710,2850
756,2068
1757,1190
2736,982
3194,1357
3123,2029
2572,2704
1647,3067
722,2885
725,2128
1719,1255
2710,1017
3190,1369
3142,2028
2607,2696
1698,3073
769,2909
724,2169
1695,1286
2696,1015
3187,1345
3151,1995
2624,2668
1718,3056
771,2916
691,2191
1650,1303
2668,1005
3180,1328
3169,1969
2659,2651
1762,3052
805,2935
677,2232
1617,1339
2645,1006
3180,1317
3184,1945
2696,2631
1817,3055
855,2949
676,2263
1579,1358
2611,998
3164,1290
3184,1914
2711,2604
1846,3032
879,2953
669,2273
1545,1358
2583,958
3156,1241
3190,1867
2732,2572
1869,3023
894,2963
652,2308
1509,1392
2560,972
3142,1239
3191,1847
2747,2552
1895,3015
909,2974
624,2355
1463,1415
2526,970
3133,1224
3200,1824
2770,2527
1925,3004
922,2980
591,2352
1406,1418
2482,947
3112,1192
3208,1794
2792,2506
1958,2994
951,2985
567,2382
1356,1454
2445,965
3096,1198
3204,1782
2812,2497
1996,2999
995,3014
588,2440
1343,1521
2429,1001
3094,1209
3216,1775
2837,2485
2027,2994
1019,3027
573,2474
1299,1554
2393,1001
3078,1184
3219,1744
2856,2455
2063,2977
1056,3027
580,2487
1275,1568
2370,995
3074,1169
3230,1719
2889,2439
2101,2966
1093,3037
578,2523
1232,1611
2333,1007
3061,1161
3235,1709
2913,2418
2145,2956
1142,3050
590,2553
1206,1643
2304,1016
3044,1143
3241,1666
2937,2378
2180,2929
1177,3038
585,2559
1160,1646
2256,990
3018,1102
3232,1623
2942,2346
2201,2913
1201,3041
592,2590
1137,1684
2236,1013
3009,1105
3237,1608
2986,2329
2235,2900
1237,3047
586,2605
1091,1718
2186,1028
2982,1092
3229,1584
2967,2295
2250,2878
1249,3045
562,2626
1039,1737
2150,1019
2962,1069
3229,1556
2991,2275
2287,2870
1288,3051
571,2652
995,1765
2097,1032
2938,1063
3229,1538
3007,2262
2319,2867
1330,3070
592,2702
984,1833
2072,1091
2930,1091
3234,1548
3027,2252
2351,2858
1367,3083
610,2731
963,1873
2043,1107
2910,1075
3231,1515
3038,2216
2371,2828
1391,3075
614,2745
924,1899
2007,1114
2894,1062
3234,1499
3063,2196
2419,2818
1451,3079
648,2774
909,1936
1975,1141
2875,1060
3233,1479
3077,2172
2446,2829
1488,3082
662,2794
880,1967
1936,1155
2852,1049
3229,1456
3094,2136
2479,2772
1529,3064
687,2799
854,1978
1895,1141
2826,1011
3217,1408
3096,2096
2493,2748
1546,3063
685,2819
823,2015
1861,1168
2801,1009
3214,1392
3106,2082
2522,2738
1585,3068
702,2837
794,2044
1816,1181
2773,994
3205,1369
3118,2044
2540,2712
1601,3055
693,2850
743,2065
1754,1192
2736,978
3192,1348
3122,2021
2564,2687
1634,3051
709,2869
716,2099
1724,1220
2719,988
3191,1345
3141,2013
2598,2691
1685,3067
750,2899
709,2161
1687,1277
2691,1014
3186,1352
3153,2002
2629,2676
1726,3063
786,2919
709,2194
1663,1302
2669,1008
3181,1333
3161,1971
2652,2650
1753,3046
795,2928
675,2218
1615,1318
2644,998
3173,1312
3175,1945
2677,2632
1797,3052
835,2946
669,2257
1583,1357
2622,1007
3171,1301
3188,1928
2716,2619
1842,3046
876,2960
669,2285
1553,1371
2593,990
3156,1275
3194,1889
2731,2580
1869,3023
891,2954
638,2289
1500,1374
2560,969
3143,1245
3193,1850
2747,2553
1894,3015
913,2968
632,2330
1484,1408
2534,975
3133,1231
3200,1836
2770,2541
1921,3015
929,2983
608,2361
1428,1432
2497,958
3117,1199
3202,1798
2791,2512
1950,2997
950,2987
593,2381
1376,1451
2458,954
3102,1184
3201,1775
2805,2487
1980,2985
969,2993
566,2410
1329,1491
2426,970
3093,1186
3213,1769
2833,2484
2021,2995
1015,3027
573,2472
1310,1555
2404,1003
3089,1198
3223,1761
2862,2465
2061,2981
1054,3031
576,2491
1267,1572
2367,1003
3069,1184
3224,1724
2877,2433
2093,2963
1084,3031
574,2507
1238,1593
2343,1005
3064,1166
3237,1705
2907,2418
2140,2957
1134,3045
584,2547
1210,1641
2309,1024
3048,1160
3241,1685
2931,2399
2176,2949
1179,3053
604,2579
1185,1674
2280,1026
3032,1132
3240,1643
2942,2355
2195,2917
1192,3037
581,2577
1133,1670
2237,1002
3012,1098
3235,1613
2957,2331
2220,2907
1223,3049
583,2611
1101,1709
2200,1022
2994,1099
3237,1602
2977,2312
2262,2892
1262,3050
587,2630
1062,1733
2160,1017
2964,1069
3228,1563
2983,2281
2278,2882
1272,3052
564,2649
1009,1756
2114,1027
2943,1056
3229,1533
3000,2255
2307,2855
1316,3049
577,2674
987,1800
2077,1057
2917,1075
3228,1546
3015,2256
2336,2862
1349,3076
595,2718
958,1858
2058,1108
2921,1088
3239,1535
3039,2236
2373,2841
1393,3104
616,2740
936,1890
2019,1112
2898,1069
3229,1502
3050,2205
2403,2821
1428,3070
630,2758
915,1919
1993,1123
2885,1062
3231,1480
3072,2173
2435,2804
1476,3081
658,2791
895,1969
1957,1159
2864,1057
3233,1468
3091,2152
2472,2781
1511,3085
679,2810
873,1992
1920,1180
2841,1036
3226,1430
3101,2112
2493,2755
1540,3062
681,2806
832,1997
1871,1164
2813,1011
3217,1402
3103,2093
2515,2736
1576,3063
695,2829
782,2035
1829,1182
2781,1008
3207,1391
3117,2068
2538,2728
1600,3061
710,2841
772,2058
1783,1188
2752,983
3195,1358
3114,2034
2556,2700
1624,3050
705,2854
729,2081
1738,1201
2716,977
3185,1337
3131,2007
2578,2683
1653,3051
720,2872
708,2119
1696,1243
2690,997
3181,1356
3151,2014
2614,2686
1700,3067
761,2909
704,2179
1667,1290
2678,1007
3184,1347
3158,1991
2636,2667
1737,3063
782,2926
678,2205
1629,1307
2653,985
3178,1314
3168,1951
2672,2637
1782,3049
817,2935
676,2238
1606,1336
2637,996
3172,1297
3186,1930
2701,2627
1815,3047
855,2955
669,2272
1571,1360
2611,1004
3168,1291
3202,1911
2731,2604
1863,3041
892,2968
655,2306
1527,1390
2573,990
3156,1252
3199,1854
2750,2561
1887,3016
906,2961
632,2309
1496,1389
2542,959
3139,1222
3202,1828
2760,2545
1911,3012
926,2979
623,2334
1453,1434
2534,975
3131,1223
3208,1813
2786,2515
1954,2998
953,2985
602,2371
1399,1445
2474,950
3112,1188
3206,1779
2799,2494
1972,2992
963,2991
573,2395
1346,1459
2437,957
3091,1172
3209,1765
2818,2476
1989,2980
993,3004
577,2433
1315,1509
2407,983
3083,1191
3216,1758
2844,2480
2041,2986
1036,3029
569,2479
1290,1563
2379,1013
3077,1194
3226,1744
2868,2453
2074,2971
1068,3029
572,2502
1254,1585
2353,1000
3063,1174
3232,1708
2895,2426
2116,2957
1106,3038
574,2533
1226,1637
2322,1008
3053,1158
3240,1695
2920,2407
2161,2948
1159,3048
597,2564
1198,1660
2317,1036
3041,1154
3242,1672
2942,2384
2190,2939
1193,3053
594,2590
1157,1687
2254,1020
3019,1114
3238,1628
2955,2336
2212,2913
1214,3043
589,2598
1115,1692
2216,1017
2999,1095
3233,1602
2972,2317
2246,2904
1248,3053
585,2616
1075,1734
2176,1024
2980,1088
3235,1578
2983,2294
2274,2887
1276,3055
581,2646
1029,1748
2128,1017
2955,1056
3228,1545
2998,2268
2303,2860
1307,3049
576,2657
983,1774
2084,1028
2931,1048
3227,1525
3010,2241
2327,2844
1327,3057
580,2695
953,1826
2057,1078
2923,1075
3233,1536
3034,2242
2365,2846
1380,3076
600,2737
943,1887
2031,1116
2904,1083
3232,1518
3045,2213
2391,2834
1411,3078
615,2756
915,1907
1994,1115
2883,1058
3227,1493
3059,2182
2417,2815
1449,3076
638,2776
894,1946
1964,1139
2870,1053
3237,1469
3087,2162
2458,2799
1505,3082
670,2807
871,1989
1925,1175
2846,1048
3237,1449
3101,2142
2492,2774
1543,3083
696,2830
857,2010
1889,1163
2822,1015
3223,1408
3109,2093
2513,2742
1565,3060
684,2817
807,2019
1837,1181
2791,1007
3218,1394
3116,2071
2535,2724
1597,3058
705,2841
783,2059
1804,1199
2769,1003
3208,1380
3126,2050
2561,2712
1629,3054
717,2850
752,2073
1755,1192
2736,979
3195,1340
3131,2013
2576,2684
1655,3049
728,2869
719,2105
1715,1218
2707,974
3185,1334
3141,1992
2600,2672
1687,3054
745,2892
700,2156
1673,1274
2682,1002
3182,1340
3152,1989
2631,2673
1727,3065
779,2925
688,2205
1647,1316
2663,1014
3179,1330
3167,1964
2660,2646
1765,3052
800,2933
667,2228
1600,1334
2635,999
3174,1305
3179,1934
2692,2624
1806,3044
842,2947
667,2262
1573,1356
2611,988
3166,1284
3192,1915
2722,2608
1854,3047
881,2968
662,2309
1539,1389
2587,1001
3164,1283
3205,1888
2739,2590
1895,3036
918,2975
650,2321
1507,1398
2554,973
3143,1240
3205,1846
2762,2547
1908,3007
923,2966
622,2335
1461,1405
2523,968
3134,1222
3205,1828
2779,2533
1941,3006
949,2987
617,2369
1425,1451
2495,973
3124,1212
3213,1800
2803,2498
1973,2995
976,2990
594,2386
1372,1466
2443,952
3098,1175
3205,1759
2815,2475
1995,2982
990,2997
571,2407
1324,1486
2415,949
3086,1161
3210,1745
2836,2462
2027,2973
1021,3012
575,2456
1294,1543
2382,996
3076,1184
3218,1747
2859,2455
2066,2981
1054,3036
572,2507
1263,1591
2361,1016
3071,1162
3225,1720
2884,2434
2102,2962
1090,3034
567,2523
1223,1610
2326,1008
3050,1154
3231,1694
2910,2409
2138,2953
1131,3045
581,2547
1196,1640
2300,1021
3047,1159
3240,1679
2936,2392
2183,2942
1181,3046
597,2582
1173,1687
2267,1035
3031,1143
3250,1656
2954,2364
2219,2924
1219,3036
598,2604
1133,1692
2227,1013
3008,1102
3242,1605
2967,2319
2240,2894
1247,3043
599,2613
1097,1715
2194,1031
2989,1098
3236,1588
2978,2309
2262,2890
1265,3054
589,2643
1056,1749
2154,1036
2965,1078
3234,1560
2996,2277
2291,2869
1290,3051
578,2655
1003,1771
2103,1031
2938,1055
3227,1530
3005,2245
2314,2850
1320,3054
577,2676
966,1796
2064,1041
2920,1045
3225,1517
3021,2231
2345,2845
1357,3065
585,2713
937,1854
2030,1090
2905,1071
3228,1520
3040,2228
2381,2841
1402,3080
617,2757
925,1906
2005,1127
2888,1073
3225,1500
3051,2197
2402,2818
1423,3074
615,2765
891,1926
1972,1132
2870,1057
3225,1474
3073,2165
2439,2797
1473,3077
640,2793
871,1967
1935,1159
2853,1052
3236,1468
3093,2144
2480,2778
1526,3079
683,2820
858,2008
1906,1179
2834,1040
3233,1436
3112,2118
2508,2766
1562,3075
703,2826
832,2022
1864,1174
2806,1006
3217,1388
3113,2072
2525,2730
1589,3053
706,2829
803,2043
1827,1187
2786,1001
3215,1384
3124,2055
2555,2718
1619,3061
719,2852
771,2079
1781,1207
2755,992
3210,1362
3132,2033
2580,2696
1651,3051
731,2858
739,2094
1733,1214
2721,971
3188,1329
3135,1998
2590,2674
1668,3041
730,2877
704,2125
1687,1230
2691,971
3181,1320
3148,1986
2618,2670
1708,3057
757,2906
686,2180
1655,1291
2673,1013
3182,1341
3165,1982
2655,2661
1756,3060
799,2930
676,2220
1609,1325
2641,1005
3172,1315
3170,1951
2675,2636
1782,3048
819,2940
659,2249
1585,1348
2623,993
3170,1288
3184,1917
2709,2611
1830,3046
862,2957
662,2282
1548,1376
2599,999
3161,1279
3196,1900
2734,2597
1871,3043
896,2976
657,2318
1521,1409
2570,1000
3154,1272
3205,1877
2764,2570
1909,3021
924,2969
640,2329
1472,1402
2534,968
3138,1224
3208,1829
2774,2533
1934,3004
939,2977
619,2353
1441,1432
2509,972
3128,1214
3209,1809
2785,2517
1968,3005
972,2992
621,2389
1407,1465
2474,966
3112,1192
3208,1775
2807,2490
1977,2984
973,2994
578,2406
1343,1477
2430,951
3093,1166
3212,1747
2829,2466
2017,2975
1012,3002
570,2431
1308,1501
2399,958
3078,1162
3214,1732
2845,2459
2045,2975
1037,3029
562,2484
1268,1566
2368,998
3069,1178
3226,1731
2876,2448
2090,2974
1079,3041
565,2522
1236,1609
2334,1017
3053,1169
3224,1704
2892,2417
2117,2949
1106,3036
567,2538
1199,1627
2305,1007
3045,1148
3235,1679
2919,2396
2157,2941
1155,3052
578,2566
1172,1661
2273,1024
3033,1141
3241,1666
2947,2379
2203,2938
1205,3058
600,2606
1150,1708
2247,1048
3017,1131
3242,1632
2964,2345
2232,2911
1234,3052
597,2613
1116,1712
2207,1019
2999,1100
3236,1591
2976,2308
2256,2885
1256,3047
582,2629
1065,1742
2167,1042
2978,1089
3239,1574
2995,2287
2292,2877
1298,3059
602,2657
1036,1778
2130,1040
2954,1069
3232,1548
3002,2260
2312,2856
1320,3055
590,2673
988,1791
2089,1040
2925,1047
3225,1515
3013,2227
2336,2837
1347,3052
584,2689
945,1823
2041,1061
2907,1046
3224,1503
3028,2221
2364,2838
1381,3073
601,2736
922,1885
2012,1115
2892,1075
3231,1512
3053,2209
2402,2828
1425,3084
623,2768
899,1925
1980,1127
2872,1057
3227,1481
3064,2176
2423,2804
1453,3073
629,2776
873,1949
1940,1140
2856,1045
3228,1458
3082,2152
2462,2789
1499,3083
664,2804
858,1991
1910,1172
2841,1050
3228,1452
3103,2135
2496,2773
1549,3078
691,2836
836,2029
1876,1192
2815,1038
3221,1422
3115,2098
2526,2752
1583,3064
704,2832
808,2033
1837,1178
2785,993
3212,1372
3120,2052
2543,2716
1612,3055
718,2851
788,2073
1798,1197
2764,998
3206,1365
3132,2034
2570,2707
1643,3059
741,2868
764,2102
1759,1220
2737,983
3197,1344
3137,2006
2591,2681
1667,3052
738,2874
714,2121
1700,1229
2701,970
3185,1316
3144,1987
2606,2666
1699,3044
755,2888
686,2145
1656,1252
2670,974
3174,1318
3154,1975
2640,2663
1732,3066
779,2925
677,2210
1625,1316
2649,1005
3175,1326
3168,1963
2669,2645
1780,3059
813,2943
662,2243
1592,1342
2625,1001
3164,1299
3173,1927
2692,2613
1805,3042
830,2947
644,2268
1551,1360
2597,988
3159,1279
3191,1906
2727,2602
1852,3038
875,2965
645,2304
1523,1404
2575,1000
3157,1275
3203,1882
2760,2581
1900,3033
917,2980
644,2338
1485,1427
2542,998
3142,1253
3206,1847
2779,2548
1934,3014
943,2979
628,2348
1442,1419
2508,962
3125,1212
3205,1809
2785,2518
1949,3001
954,2985
616,2380
1416,1458
2482,975
3117,1204
3214,1790
2809,2504
1983,2999
992,2997
610,2411
1376,1483
2458,969
3106,1174
3213,1752
2828,2465
2004,2977
997,2996
571,2423
1315,1498
2408,953
3084,1161
3215,1731
2841,2452
2037,2968
1021,3006
558,2455
1273,1531
2372,972
3073,1162
3222,1728
2871,2452
2083,2971
1073,3033
572,2512
1245,1596
2346,1017
3058,1176
3226,1719
2887,2436
2112,2963
1105,3043
565,2540
1206,1623
2312,1019
3044,1158
3229,1685
2911,2395
2141,2943
1136,3042
576,2557
1181,1653
2285,1014
3036,1140
3239,1665
2934,2381
2188,2933
1184,3051
587,2588
1159,1689
2251,1041
3023,1142
3243,1645
2962,2358
2228,2925
1229,3060
596,2617
1127,1720
2221,1046
3003,1122
3243,1615
2975,2324
2250,2892
1250,3048
583,2624
1079,1721
2173,1019
2981,1078
3236,1570
2987,2288
2278,2882
1291,3054
602,2649
1049,1758
2144,1044
2966,1079
3238,1555
3001,2270
2312,2866
1323,3060
602,2674
1017,1796
2105,1048
2938,1057
3227,1522
3009,2240
2324,2844
1331,3052
585,2690
956,1816
2052,1052
2915,1041
3226,1504
3027,2217
2356,2827
1374,3057
588,2710
920,1848
2010,1074
2895,1049
3219,1502
3029,2206
2389,2826
1402,3077
621,2753
911,1916
1983,1127
2876,1063
3224,1490
3063,2192
2419,2815
1448,3080
632,2780
885,1944
1954,1136
2859,1046
3223,1465
3077,2157
2444,2791
1480,3077
646,2797
865,1974
1917,1157
2843,1052
3227,1455
3093,2134
2480,2796
1526,3076
669,2822
840,2019
1887,1183
2822,1046
3225,1431
3112,2110
2513,2762
1570,3077
695,2842
812,2054
1841,1205
2793,1025
3217,1400
3125,2072
2545,2724
1607,3060
717,2843
787,2055
1809,1188
2770,982
3210,1360
3124,2034
2564,2704
1634,3052
731,2863
762,2097
1764,1226
2741,993
3198,1352
3142,2012
2590,2691
1672,3058
754,2884
751,2129
1730,1238
2715,974
3190,1321
3144,1983
2605,2668
1684,3049
742,2888
682,2145
1664,1250
2678,970
3178,1316
3148,1965
2628,2647
1722,3041
768,2902
672,2177
1629,1277
2652,985
3172,1318
3162,1964
2662,2651
1767,3059
803,2939
662,2233
1601,1342
2630,1004
3169,1315
3175,1943
2689,2632
1810,3054
843,2953
661,2268
1557,1364
2600,993
3156,1287
3181,1909
2696,2601
1836,3038
861,2956
642,2288
1527,1379
2580,995
3158,1277
3197,1891
2747,2585
1881,3031
903,2974
633,2332
1502,1424
2554,1002
3151,1258
3217,1864
2782,2563
1936,3028
950,2988
651,2362
1468,1438
2524,985
3134,1227
3211,1822
2790,2524
1954,3002
962,2986
621,2372
1420,1443
2486,959
3118,1192
3210,1791
2800,2512
1978,3012
983,2994
608,2402
1383,1483
2456,983
3104,1192
3208,1773
2822,2480
2004,2983
1006,3001
589,2427
1338,1498
2417,959
3089,1161
3211,1736
2838,2457
2028,2972
1014,3009
562,2441
1284,1521
2385,952
3069,1147
3212,1711
2855,2431
2055,2958
1044,3014
539,2481
1238,1558
2348,983
3060,1159
3217,1716
2878,2436
2096,2969
1090,3043
572,2529
1217,1627
2320,1018
3049,1171
3222,1706
2904,2415
2132,2955
1118,3045
558,2557
1182,1647
2282,1015
3027,1145
3226,1666
2921,2382
2164,2941
1152,3050
557,2580
1147,1674
2261,1031
3021,1144
3234,1652
2947,2364
2200,2925
1200,3058
581,2606
1128,1715
2234,1049
3010,1129
3246,1629
2978,2337
2249,2906
1251,3060
600,2635
1104,1739
2196,1046
2994,1102
3242,1588
2991,2300
2277,2885
1284,3049
600,2635
1059,1741
2155,1030
2971,1077
3238,1558
2998,2273
2303,2871
1308,3058
600,2666
1020,1785
2117,1051
2948,1068
3235,1557
3013,2252
2333,2854
1346,3063
612,2689
988,1809
2072,1046
2923,1041
3225,1507
3022,2215
2349,2830
1364,3058
596,2700
938,1833
2028,1054
2901,1030
3220,1482
3036,2192
2375,2825
1389,3060
589,2731
895,1878
1983,1099
2881,1060
3226,1497
3059,2198
2411,2823
1443,3078
630,2774
884,1943
1961,1142
2866,1061
3229,1470
3074,2167
2439,2799
1475,3077
640,2800
855,1969
1923,1153
2843,1046
3222,1460
3086,2136
2472,2777
1516,3074
674,2811
854,2001
1899,1177
2826,1039
3225,1431
3103,2121
2508,2763
1562,3075
696,2837
830,2053
1858,1209
2806,1036
3224,1415
3117,2093
2536,2743
1602,3070
720,2855
813,2080
1824,1218
2783,1010
3214,1372
3130,2044
2564,2708
1627,3057
725,2856
759,2083
1775,1206
2747,988
3198,1348
3133,2022
2582,2698
1659,3057
740,2875
749,2120
1736,1234
2721,986
3197,1341
3148,2003
2609,2675
1698,3051
771,2889
713,2134
1686,1245
2685,967
3181,1315
3143,1969
2620,2649
1714,3044
765,2897
672,2167
1638,1266
2656,959
3172,1293
3155,1942
2650,2640
1751,3044
785,2917
659,2209
1603,1313
2631,990
3159,1306
3169,1947
2676,2630
1790,3054
820,2953
649,2267
1572,1359
2602,1004
3161,1302
3178,1922
2704,2609
1830,3048
848,2961
633,2293
1529,1377
2579,991
3149,1267
3191,1890
2729,2586
1866,3031
879,2971
630,2325
1498,1409
2551,991
3145,1258
3198,1862
2763,2564
1911,3027
925,2991
631,2341
1465,1447
2525,998
3137,1247
3212,1841
2792,2551
1949,3019
966,2996
629,2386
1426,1458
2494,976
3124,1210
3214,1796
2809,2506
1977,2991
981,2993
602,2393
1389,1470
2459,963
3108,1190
3219,1768
2820,2485
2001,2987
996,3003
589,2429
1350,1506
2433,982
3094,1184
3216,1752
2842,2470
2034,2974
1022,3009
574,2448
1300,1515
2390,957
3075,1143
3215,1717
2856,2437
2057,2961
1045,3018
550,2470
1245,1543
2348,958
3057,1135
3219,1693
2877,2415
2096,2952
1089,3028
575,2511
1233,1603
2327,999
3047,1159
3228,1703
2897,2416
2129,2958
1119,3046
566,2558
1193,1650
2296,1029
3039,1157
3229,1679
2922,2393
2165,2943
1161,3057
570,2576
1154,1672
2260,1014
3023,1127
3238,1645
2946,2364
2200,2926
1197,3057
584,2614
1129,1705
2227,1035
3012,1127
3237,1632
2966,2346
2253,2917
1241,3066
596,2639
1101,1753
2202,1062
3000,1123
3247,1608
2988,2316
2276,2896
1282,3063
601,2654
1062,1764
2155,1048
2971,1085
3246,1557
2996,2271
2294,2860
1305,3051
596,2661
1028,1778
2121,1051
2950,1072
3236,1547
3013,2251
2328,2854
1341,3059
604,2690
994,1818
2079,1066
2928,1061
3233,1519
3026,2228
2352,2840
1370,3060
603,2704
946,1836
2027,1057
2903,1033
3223,1486
3035,2195
2376,2819
1397,3058
610,2722
913,1864
1993,1075
2874,1024
3220,1470
3048,2173
2400,2804
1429,3063
617,2751
885,1924
1962,1131
2865,1060
3221,1488
3070,2178
2441,2801
1484,3081
644,2789
862,1971
1923,1160
2842,1059
3222,1464
3084,2158
2465,2787
1506,3076
657,2806
840,1990
1893,1158
2826,1027
3215,1431
3096,2120
2499,2764
1540,3069
683,2826
826,2031
1861,1192
2804,1037
3217,1421
3110,2098
2526,2750
1588,3070
712,2850
809,2068
1832,1213
2783,1028
3210,1399
3124,2071
2550,2730
1620,3069
720,2864
776,2089
1787,1213
2753,1001
3202,1358
3134,2023
2577,2692
1652,3052
733,2865
748,2104
1743,1226
2729,990
3200,1345
3146,2000
2600,2679
1682,3052
753,2887
720,2140
1699,1250
2697,983
3188,1322
3148,1977
2626,2657
1716,3047
770,2893
694,2156
1652,1261
2664,965
3168,1299
3151,1948
2641,2639
1745,3040
787,2906
670,2186
1612,1284
2638,967
3164,1282
3159,1926
2664,2621
1769,3041
802,2943
653,2233
1574,1339
2612,998
3161,1305
3172,1924
2695,2623
1815,3051
845,2959
643,2287
1544,1377
2586,998
3153,1286
3182,1900
2716,2599
1845,3039
861,2968
619,2309
1509,1391
2559,987
3143,1257
3193,1870
2749,2567
1892,3024
908,2981
622,2347
1470,1428
2536,990
3142,1245
3208,1849
2782,2551
1939,3024
950,2997
632,2378
1445,1465
2511,998
3131,1236
3216,1826
2803,2528
1976,3011
986,2999
618,2397
1400,1468
2472,969
3114,1192
3216,1777
2822,2491
2004,2984
1002,2994
601,2409
1357,1490
2439,972
3102,1187
3218,1755
2835,2472
2027,2981
1027,3013
597,2449
1325,1528
2410,977
3088,1166
3220,1727
2854,2447
2054,2965
1044,3009
566,2462
1269,1535
2365,960
3065,1138
3213,1704
2869,2422
2081,2951
1066,3013
555,2487
1227,1560
2325,959
3046,1130
3220,1681
2886,2404
2113,2947
1099,3033
549,2535
1193,1625
2299,1012
3036,1153
3227,1682
2913,2399
2155,2949
1140,3051
575,2577
1169,1676
2272,1036
3022,1146
3228,1661
2931,2369
2179,2931
1176,3051
562,2598
1128,1695
2237,1030
3011,1125
3236,1630
2955,2345
2222,2918
1233,3061
584,2624
1106,1728
2208,1048
2995,1123
3240,1609
2981,2329
2265,2910
1272,3071
603,2653
1081,1769
2176,1065
2979,1113
3241,1598
2998,2303
2292,2890
1304,3063
610,2662
1044,1778
2131,1047
2957,1072
3237,1544
3006,2258
2317,2857
1328,3057
601,2676
1001,1800
2093,1054
2933,1066
3234,1526
3021,2235
2345,2845
1366,3061
620,2704
975,1835
2056,1074
2917,1054
3231,1505
3033,2211
2369,2825
1386,3054
603,2714
919,1856
2004,1070
2883,1029
3220,1471
3041,2174
2392,2805
1413,3057
604,2738
876,1888
1957,1090
2858,1021
3213,1459
3054,2164
2418,2800
1452,3077
626,2782
863,1950
1930,1146
2844,1053
3218,1473
3079,2158
2457,2794
1498,3083
651,2811
837,1995
1892,1168
2826,1040
3215,1440
3087,2125
2478,2774
1521,3076
662,2825
815,2020
1862,1181
2807,1034
3215,1416
3106,2100
2515,2749
1573,3076
695,2847
801,2056
1831,1212
2788,1026
3215,1401
3123,2076
2550,2734
1615,3077
720,2864
780,2099
1794,1230
2765,1025
3212,1383
3139,2049
2582,2716
1659,3061
749,2877
762,2110
1753,1228
2732,986
3196,1338
3139,1997
2594,2676
1677,3052
750,2883
727,2137
1712,1255
2705,1004
3188,1334
3151,1980
2620,2659
1712,3047
775,2896
710,2169
1671,1278
2681,982
3184,1311
3161,1953
2647,2637
1746,3037
788,2907
675,2185
1615,1275
2639,959
3166,1283
3163,1929
2666,2623
1777,3034
810,2922
653,2215
1575,1304
2610,962
3147,1273
3164,1913
2681,2613
1804,3044
834,2955
640,2276
1542,1371
2589,1004
3151,1293
3183,1913
2716,2606
1850,3044
872,2977
636,2308
1510,1396
2562,998
3143,1270
3192,1877
2741,2574
1882,3029
893,2975
612,2329
1469,1414
2534,987
3135,1246
3205,1851
2775,2558
1930,3023
943,2991
627,2373
1442,1452
2510,996
3131,1242
3213,1829
2799,2535
1966,3017
977,3006
626,2411
1411,1485
2481,999
3122,1222
3220,1802
2820,2509
2001,2996
1004,3003
609,2412
1366,1489
2445,973